70 70
638517 276873 825959 984845 874124 489107 597484 184064 727810 168367 48449 740958 593440 789338 152241 562866 720708 700650 216617 794221 470179 567577 951052 105030 362729 786253 220780 855905 340498 736456 503675 937254 343305 446507 836636 806900 225031 59586 795860 641684 591599 412756 280332 576816 3311 280165 620576 126400 498061 581568 413449 205963 311771 182052 730326 253979 461447 94284 176912 267506 394230 551985 935250 215289 690889 390127 451517 575228 868345 851851
0 0 0 0 0 0 0 0 0 0 0 0 0 0 0 0 0 0 0 0 0 0 0 0 0 0 0 0 0 0 0 0 0 0 0 0 0 0 0 0 0 0 0 0 0 0 0 0 0 0 0 0 0 0 0 0 0 0 0 0 0 0 0 0 0 0 0 0 0 0
0 0 0 0 0 0 0 0 0 0 0 0 0 0 0 0 0 0 0 0 0 0 0 0 0 0 0 0 0 0 0 0 0 0 0 0 0 0 0 0 0 0 0 0 0 0 0 0 0 0 0 0 0 0 0 0 0 0 0 0 0 0 0 0 0 0 0 0 0 0
0 0 0 0 0 0 0 0 0 0 0 0 0 0 0 0 0 0 0 0 0 0 0 0 0 0 0 0 0 0 0 0 0 0 0 0 0 0 0 0 0 0 0 0 0 0 0 0 0 0 0 0 0 0 0 0 0 0 0 0 0 0 0 0 0 0 0 0 0 0
0 0 0 0 0 0 0 0 0 0 0 0 0 0 0 0 0 0 0 0 0 0 0 0 0 0 0 0 0 0 0 0 0 0 0 0 0 0 0 0 0 0 0 0 0 0 0 0 0 0 0 0 0 0 0 0 0 0 0 0 0 0 0 0 0 0 0 0 0 0
0 0 0 0 0 0 0 0 0 0 0 0 0 0 0 0 0 0 0 0 0 0 0 0 0 0 0 0 0 0 0 0 0 0 0 0 0 0 0 0 0 0 0 0 0 0 0 0 0 0 0 0 0 0 0 0 0 0 0 0 0 0 0 0 0 0 0 0 0 0
0 0 0 0 0 0 0 0 0 0 0 0 0 0 0 0 0 0 0 0 0 0 0 0 0 0 0 0 0 0 0 0 0 0 0 0 0 0 0 0 0 0 0 0 0 0 0 0 0 0 0 0 0 0 0 0 0 0 0 0 0 0 0 0 0 0 0 0 0 0
0 0 0 0 0 0 0 0 0 0 0 0 0 0 0 0 0 0 0 0 0 0 0 0 0 0 0 0 0 0 0 0 0 0 0 0 0 0 0 0 0 0 0 0 0 0 0 0 0 0 0 0 0 0 0 0 0 0 0 0 0 0 0 0 0 0 0 0 0 0
0 0 0 0 0 0 0 0 0 0 0 0 0 0 0 0 0 0 0 0 0 0 0 0 0 0 0 0 0 0 0 0 0 0 0 0 0 0 0 0 0 0 0 0 0 0 0 0 0 0 0 0 0 0 0 0 0 0 0 0 0 0 0 0 0 0 0 0 0 0
0 0 0 0 0 0 0 0 0 0 0 0 0 0 0 0 0 0 0 0 0 0 0 0 0 0 0 0 0 0 0 0 0 0 0 0 0 0 0 0 0 0 0 0 0 0 0 0 0 0 0 0 0 0 0 0 0 0 0 0 0 0 0 0 0 0 0 0 0 0
0 0 0 0 0 0 0 0 0 0 0 0 0 0 0 0 0 0 0 0 0 0 0 0 0 0 0 0 0 0 0 0 0 0 0 0 0 0 0 0 0 0 0 0 0 0 0 0 0 0 0 0 0 0 0 0 0 0 0 0 0 0 0 0 0 0 0 0 0 0
0 0 0 0 0 0 0 0 0 0 0 0 0 0 0 0 0 0 0 0 0 0 0 0 0 0 0 0 0 0 0 0 0 0 0 0 0 0 0 0 0 0 0 0 0 0 0 0 0 0 0 0 0 0 0 0 0 0 0 0 0 0 0 0 0 0 0 0 0 0
0 0 0 0 0 0 0 0 0 0 0 0 0 0 0 0 0 0 0 0 0 0 0 0 0 0 0 0 0 0 0 0 0 0 0 0 0 0 0 0 0 0 0 0 0 0 0 0 0 0 0 0 0 0 0 0 0 0 0 0 0 0 0 0 0 0 0 0 0 0
0 0 0 0 0 0 0 0 0 0 0 0 0 0 0 0 0 0 0 0 0 0 0 0 0 0 0 0 0 0 0 0 0 0 0 0 0 0 0 0 0 0 0 0 0 0 0 0 0 0 0 0 0 0 0 0 0 0 0 0 0 0 0 0 0 0 0 0 0 0
0 0 0 0 0 0 0 0 0 0 0 0 0 0 0 0 0 0 0 0 0 0 0 0 0 0 0 0 0 0 0 0 0 0 0 0 0 0 0 0 0 0 0 0 0 0 0 0 0 0 0 0 0 0 0 0 0 0 0 0 0 0 0 0 0 0 0 0 0 0
0 0 0 0 0 0 0 0 0 0 0 0 0 0 0 0 0 0 0 0 0 0 0 0 0 0 0 0 0 0 0 0 0 0 0 0 0 0 0 0 0 0 0 0 0 0 0 0 0 0 0 0 0 0 0 0 0 0 0 0 0 0 0 0 0 0 0 0 0 0
0 0 0 0 0 0 0 0 0 0 0 0 0 0 0 0 0 0 0 0 0 0 0 0 0 0 0 0 0 0 0 0 0 0 0 0 0 0 0 0 0 0 0 0 0 0 0 0 0 0 0 0 0 0 0 0 0 0 0 0 0 0 0 0 0 0 0 0 0 0
0 0 0 0 0 0 0 0 0 0 0 0 0 0 0 0 0 0 0 0 0 0 0 0 0 0 0 0 0 0 0 0 0 0 0 0 0 0 0 0 0 0 0 0 0 0 0 0 0 0 0 0 0 0 0 0 0 0 0 0 0 0 0 0 0 0 0 0 0 0
0 0 0 0 0 0 0 0 0 0 0 0 0 0 0 0 0 0 0 0 0 0 0 0 0 0 0 0 0 0 0 0 0 0 0 0 0 0 0 0 0 0 0 0 0 0 0 0 0 0 0 0 0 0 0 0 0 0 0 0 0 0 0 0 0 0 0 0 0 0
0 0 0 0 0 0 0 0 0 0 0 0 0 0 0 0 0 0 0 0 0 0 0 0 0 0 0 0 0 0 0 0 0 0 0 0 0 0 0 0 0 0 0 0 0 0 0 0 0 0 0 0 0 0 0 0 0 0 0 0 0 0 0 0 0 0 0 0 0 0
0 0 0 0 0 0 0 0 0 0 0 0 0 0 0 0 0 0 0 0 0 0 0 0 0 0 0 0 0 0 0 0 0 0 0 0 0 0 0 0 0 0 0 0 0 0 0 0 0 0 0 0 0 0 0 0 0 0 0 0 0 0 0 0 0 0 0 0 0 0
0 0 0 0 0 0 0 0 0 0 0 0 0 0 0 0 0 0 0 0 0 0 0 0 0 0 0 0 0 0 0 0 0 0 0 0 0 0 0 0 0 0 0 0 0 0 0 0 0 0 0 0 0 0 0 0 0 0 0 0 0 0 0 0 0 0 0 0 0 0
0 0 0 0 0 0 0 0 0 0 0 0 0 0 0 0 0 0 0 0 0 0 0 0 0 0 0 0 0 0 0 0 0 0 0 0 0 0 0 0 0 0 0 0 0 0 0 0 0 0 0 0 0 0 0 0 0 0 0 0 0 0 0 0 0 0 0 0 0 0
0 0 0 0 0 0 0 0 0 0 0 0 0 0 0 0 0 0 0 0 0 0 0 0 0 0 0 0 0 0 0 0 0 0 0 0 0 0 0 0 0 0 0 0 0 0 0 0 0 0 0 0 0 0 0 0 0 0 0 0 0 0 0 0 0 0 0 0 0 0
0 0 0 0 0 0 0 0 0 0 0 0 0 0 0 0 0 0 0 0 0 0 0 0 0 0 0 0 0 0 0 0 0 0 0 0 0 0 0 0 0 0 0 0 0 0 0 0 0 0 0 0 0 0 0 0 0 0 0 0 0 0 0 0 0 0 0 0 0 0
0 0 0 0 0 0 0 0 0 0 0 0 0 0 0 0 0 0 0 0 0 0 0 0 0 0 0 0 0 0 0 0 0 0 0 0 0 0 0 0 0 0 0 0 0 0 0 0 0 0 0 0 0 0 0 0 0 0 0 0 0 0 0 0 0 0 0 0 0 0
0 0 0 0 0 0 0 0 0 0 0 0 0 0 0 0 0 0 0 0 0 0 0 0 0 0 0 0 0 0 0 0 0 0 0 0 0 0 0 0 0 0 0 0 0 0 0 0 0 0 0 0 0 0 0 0 0 0 0 0 0 0 0 0 0 0 0 0 0 0
0 0 0 0 0 0 0 0 0 0 0 0 0 0 0 0 0 0 0 0 0 0 0 0 0 0 0 0 0 0 0 0 0 0 0 0 0 0 0 0 0 0 0 0 0 0 0 0 0 0 0 0 0 0 0 0 0 0 0 0 0 0 0 0 0 0 0 0 0 0
0 0 0 0 0 0 0 0 0 0 0 0 0 0 0 0 0 0 0 0 0 0 0 0 0 0 0 0 0 0 0 0 0 0 0 0 0 0 0 0 0 0 0 0 0 0 0 0 0 0 0 0 0 0 0 0 0 0 0 0 0 0 0 0 0 0 0 0 0 0
0 0 0 0 0 0 0 0 0 0 0 0 0 0 0 0 0 0 0 0 0 0 0 0 0 0 0 0 0 0 0 0 0 0 0 0 0 0 0 0 0 0 0 0 0 0 0 0 0 0 0 0 0 0 0 0 0 0 0 0 0 0 0 0 0 0 0 0 0 0
0 0 0 0 0 0 0 0 0 0 0 0 0 0 0 0 0 0 0 0 0 0 0 0 0 0 0 0 0 0 0 0 0 0 0 0 0 0 0 0 0 0 0 0 0 0 0 0 0 0 0 0 0 0 0 0 0 0 0 0 0 0 0 0 0 0 0 0 0 0
0 0 0 0 0 0 0 0 0 0 0 0 0 0 0 0 0 0 0 0 0 0 0 0 0 0 0 0 0 0 0 0 0 0 0 0 0 0 0 0 0 0 0 0 0 0 0 0 0 0 0 0 0 0 0 0 0 0 0 0 0 0 0 0 0 0 0 0 0 0
0 0 0 0 0 0 0 0 0 0 0 0 0 0 0 0 0 0 0 0 0 0 0 0 0 0 0 0 0 0 0 0 0 0 0 0 0 0 0 0 0 0 0 0 0 0 0 0 0 0 0 0 0 0 0 0 0 0 0 0 0 0 0 0 0 0 0 0 0 0
0 0 0 0 0 0 0 0 0 0 0 0 0 0 0 0 0 0 0 0 0 0 0 0 0 0 0 0 0 0 0 0 0 0 0 0 0 0 0 0 0 0 0 0 0 0 0 0 0 0 0 0 0 0 0 0 0 0 0 0 0 0 0 0 0 0 0 0 0 0
0 0 0 0 0 0 0 0 0 0 0 0 0 0 0 0 0 0 0 0 0 0 0 0 0 0 0 0 0 0 0 0 0 0 0 0 0 0 0 0 0 0 0 0 0 0 0 0 0 0 0 0 0 0 0 0 0 0 0 0 0 0 0 0 0 0 0 0 0 0
0 0 0 0 0 0 0 0 0 0 0 0 0 0 0 0 0 0 0 0 0 0 0 0 0 0 0 0 0 0 0 0 0 0 0 0 0 0 0 0 0 0 0 0 0 0 0 0 0 0 0 0 0 0 0 0 0 0 0 0 0 0 0 0 0 0 0 0 0 0
0 0 0 0 0 0 0 0 0 0 0 0 0 0 0 0 0 0 0 0 0 0 0 0 0 0 0 0 0 0 0 0 0 0 0 0 0 0 0 0 0 0 0 0 0 0 0 0 0 0 0 0 0 0 0 0 0 0 0 0 0 0 0 0 0 0 0 0 0 0
0 0 0 0 0 0 0 0 0 0 0 0 0 0 0 0 0 0 0 0 0 0 0 0 0 0 0 0 0 0 0 0 0 0 0 0 0 0 0 0 0 0 0 0 0 0 0 0 0 0 0 0 0 0 0 0 0 0 0 0 0 0 0 0 0 0 0 0 0 0
0 0 0 0 0 0 0 0 0 0 0 0 0 0 0 0 0 0 0 0 0 0 0 0 0 0 0 0 0 0 0 0 0 0 0 0 0 0 0 0 0 0 0 0 0 0 0 0 0 0 0 0 0 0 0 0 0 0 0 0 0 0 0 0 0 0 0 0 0 0
0 0 0 0 0 0 0 0 0 0 0 0 0 0 0 0 0 0 0 0 0 0 0 0 0 0 0 0 0 0 0 0 0 0 0 0 0 0 0 0 0 0 0 0 0 0 0 0 0 0 0 0 0 0 0 0 0 0 0 0 0 0 0 0 0 0 0 0 0 0
0 0 0 0 0 0 0 0 0 0 0 0 0 0 0 0 0 0 0 0 0 0 0 0 0 0 0 0 0 0 0 0 0 0 0 0 0 0 0 0 0 0 0 0 0 0 0 0 0 0 0 0 0 0 0 0 0 0 0 0 0 0 0 0 0 0 0 0 0 0
0 0 0 0 0 0 0 0 0 0 0 0 0 0 0 0 0 0 0 0 0 0 0 0 0 0 0 0 0 0 0 0 0 0 0 0 0 0 0 0 0 0 0 0 0 0 0 0 0 0 0 0 0 0 0 0 0 0 0 0 0 0 0 0 0 0 0 0 0 0
0 0 0 0 0 0 0 0 0 0 0 0 0 0 0 0 0 0 0 0 0 0 0 0 0 0 0 0 0 0 0 0 0 0 0 0 0 0 0 0 0 0 0 0 0 0 0 0 0 0 0 0 0 0 0 0 0 0 0 0 0 0 0 0 0 0 0 0 0 0
0 0 0 0 0 0 0 0 0 0 0 0 0 0 0 0 0 0 0 0 0 0 0 0 0 0 0 0 0 0 0 0 0 0 0 0 0 0 0 0 0 0 0 0 0 0 0 0 0 0 0 0 0 0 0 0 0 0 0 0 0 0 0 0 0 0 0 0 0 0
0 0 0 0 0 0 0 0 0 0 0 0 0 0 0 0 0 0 0 0 0 0 0 0 0 0 0 0 0 0 0 0 0 0 0 0 0 0 0 0 0 0 0 0 0 0 0 0 0 0 0 0 0 0 0 0 0 0 0 0 0 0 0 0 0 0 0 0 0 0
0 0 0 0 0 0 0 0 0 0 0 0 0 0 0 0 0 0 0 0 0 0 0 0 0 0 0 0 0 0 0 0 0 0 0 0 0 0 0 0 0 0 0 0 0 0 0 0 0 0 0 0 0 0 0 0 0 0 0 0 0 0 0 0 0 0 0 0 0 0
0 0 0 0 0 0 0 0 0 0 0 0 0 0 0 0 0 0 0 0 0 0 0 0 0 0 0 0 0 0 0 0 0 0 0 0 0 0 0 0 0 0 0 0 0 0 0 0 0 0 0 0 0 0 0 0 0 0 0 0 0 0 0 0 0 0 0 0 0 0
0 0 0 0 0 0 0 0 0 0 0 0 0 0 0 0 0 0 0 0 0 0 0 0 0 0 0 0 0 0 0 0 0 0 0 0 0 0 0 0 0 0 0 0 0 0 0 0 0 0 0 0 0 0 0 0 0 0 0 0 0 0 0 0 0 0 0 0 0 0
0 0 0 0 0 0 0 0 0 0 0 0 0 0 0 0 0 0 0 0 0 0 0 0 0 0 0 0 0 0 0 0 0 0 0 0 0 0 0 0 0 0 0 0 0 0 0 0 0 0 0 0 0 0 0 0 0 0 0 0 0 0 0 0 0 0 0 0 0 0
0 0 0 0 0 0 0 0 0 0 0 0 0 0 0 0 0 0 0 0 0 0 0 0 0 0 0 0 0 0 0 0 0 0 0 0 0 0 0 0 0 0 0 0 0 0 0 0 0 0 0 0 0 0 0 0 0 0 0 0 0 0 0 0 0 0 0 0 0 0
0 0 0 0 0 0 0 0 0 0 0 0 0 0 0 0 0 0 0 0 0 0 0 0 0 0 0 0 0 0 0 0 0 0 0 0 0 0 0 0 0 0 0 0 0 0 0 0 0 0 0 0 0 0 0 0 0 0 0 0 0 0 0 0 0 0 0 0 0 0
0 0 0 0 0 0 0 0 0 0 0 0 0 0 0 0 0 0 0 0 0 0 0 0 0 0 0 0 0 0 0 0 0 0 0 0 0 0 0 0 0 0 0 0 0 0 0 0 0 0 0 0 0 0 0 0 0 0 0 0 0 0 0 0 0 0 0 0 0 0
0 0 0 0 0 0 0 0 0 0 0 0 0 0 0 0 0 0 0 0 0 0 0 0 0 0 0 0 0 0 0 0 0 0 0 0 0 0 0 0 0 0 0 0 0 0 0 0 0 0 0 0 0 0 0 0 0 0 0 0 0 0 0 0 0 0 0 0 0 0
0 0 0 0 0 0 0 0 0 0 0 0 0 0 0 0 0 0 0 0 0 0 0 0 0 0 0 0 0 0 0 0 0 0 0 0 0 0 0 0 0 0 0 0 0 0 0 0 0 0 0 0 0 0 0 0 0 0 0 0 0 0 0 0 0 0 0 0 0 0
0 0 0 0 0 0 0 0 0 0 0 0 0 0 0 0 0 0 0 0 0 0 0 0 0 0 0 0 0 0 0 0 0 0 0 0 0 0 0 0 0 0 0 0 0 0 0 0 0 0 0 0 0 0 0 0 0 0 0 0 0 0 0 0 0 0 0 0 0 0
0 0 0 0 0 0 0 0 0 0 0 0 0 0 0 0 0 0 0 0 0 0 0 0 0 0 0 0 0 0 0 0 0 0 0 0 0 0 0 0 0 0 0 0 0 0 0 0 0 0 0 0 0 0 0 0 0 0 0 0 0 0 0 0 0 0 0 0 0 0
0 0 0 0 0 0 0 0 0 0 0 0 0 0 0 0 0 0 0 0 0 0 0 0 0 0 0 0 0 0 0 0 0 0 0 0 0 0 0 0 0 0 0 0 0 0 0 0 0 0 0 0 0 0 0 0 0 0 0 0 0 0 0 0 0 0 0 0 0 0
0 0 0 0 0 0 0 0 0 0 0 0 0 0 0 0 0 0 0 0 0 0 0 0 0 0 0 0 0 0 0 0 0 0 0 0 0 0 0 0 0 0 0 0 0 0 0 0 0 0 0 0 0 0 0 0 0 0 0 0 0 0 0 0 0 0 0 0 0 0
0 0 0 0 0 0 0 0 0 0 0 0 0 0 0 0 0 0 0 0 0 0 0 0 0 0 0 0 0 0 0 0 0 0 0 0 0 0 0 0 0 0 0 0 0 0 0 0 0 0 0 0 0 0 0 0 0 0 0 0 0 0 0 0 0 0 0 0 0 0
0 0 0 0 0 0 0 0 0 0 0 0 0 0 0 0 0 0 0 0 0 0 0 0 0 0 0 0 0 0 0 0 0 0 0 0 0 0 0 0 0 0 0 0 0 0 0 0 0 0 0 0 0 0 0 0 0 0 0 0 0 0 0 0 0 0 0 0 0 0
0 0 0 0 0 0 0 0 0 0 0 0 0 0 0 0 0 0 0 0 0 0 0 0 0 0 0 0 0 0 0 0 0 0 0 0 0 0 0 0 0 0 0 0 0 0 0 0 0 0 0 0 0 0 0 0 0 0 0 0 0 0 0 0 0 0 0 0 0 0
0 0 0 0 0 0 0 0 0 0 0 0 0 0 0 0 0 0 0 0 0 0 0 0 0 0 0 0 0 0 0 0 0 0 0 0 0 0 0 0 0 0 0 0 0 0 0 0 0 0 0 0 0 0 0 0 0 0 0 0 0 0 0 0 0 0 0 0 0 0
0 0 0 0 0 0 0 0 0 0 0 0 0 0 0 0 0 0 0 0 0 0 0 0 0 0 0 0 0 0 0 0 0 0 0 0 0 0 0 0 0 0 0 0 0 0 0 0 0 0 0 0 0 0 0 0 0 0 0 0 0 0 0 0 0 0 0 0 0 0
0 0 0 0 0 0 0 0 0 0 0 0 0 0 0 0 0 0 0 0 0 0 0 0 0 0 0 0 0 0 0 0 0 0 0 0 0 0 0 0 0 0 0 0 0 0 0 0 0 0 0 0 0 0 0 0 0 0 0 0 0 0 0 0 0 0 0 0 0 0
0 0 0 0 0 0 0 0 0 0 0 0 0 0 0 0 0 0 0 0 0 0 0 0 0 0 0 0 0 0 0 0 0 0 0 0 0 0 0 0 0 0 0 0 0 0 0 0 0 0 0 0 0 0 0 0 0 0 0 0 0 0 0 0 0 0 0 0 0 0
0 0 0 0 0 0 0 0 0 0 0 0 0 0 0 0 0 0 0 0 0 0 0 0 0 0 0 0 0 0 0 0 0 0 0 0 0 0 0 0 0 0 0 0 0 0 0 0 0 0 0 0 0 0 0 0 0 0 0 0 0 0 0 0 0 0 0 0 0 0
0 0 0 0 0 0 0 0 0 0 0 0 0 0 0 0 0 0 0 0 0 0 0 0 0 0 0 0 0 0 0 0 0 0 0 0 0 0 0 0 0 0 0 0 0 0 0 0 0 0 0 0 0 0 0 0 0 0 0 0 0 0 0 0 0 0 0 0 0 0
0 0 0 0 0 0 0 0 0 0 0 0 0 0 0 0 0 0 0 0 0 0 0 0 0 0 0 0 0 0 0 0 0 0 0 0 0 0 0 0 0 0 0 0 0 0 0 0 0 0 0 0 0 0 0 0 0 0 0 0 0 0 0 0 0 0 0 0 0 0
0 0 0 0 0 0 0 0 0 0 0 0 0 0 0 0 0 0 0 0 0 0 0 0 0 0 0 0 0 0 0 0 0 0 0 0 0 0 0 0 0 0 0 0 0 0 0 0 0 0 0 0 0 0 0 0 0 0 0 0 0 0 0 0 0 0 0 0 0 0
0 0 0 0 0 0 0 0 0 0 0 0 0 0 0 0 0 0 0 0 0 0 0 0 0 0 0 0 0 0 0 0 0 0 0 0 0 0 0 0 0 0 0 0 0 0 0 0 0 0 0 0 0 0 0 0 0 0 0 0 0 0 0 0 0 0 0 0 0 0
0 0 0 0 0 0 0 0 0 0 0 0 0 0 0 0 0 0 0 0 0 0 0 0 0 0 0 0 0 0 0 0 0 0 0 0 0 0 0 0 0 0 0 0 0 0 0 0 0 0 0 0 0 0 0 0 0 0 0 0 0 0 0 0 0 0 0 0 0 0
0 39 20 4 42 32 22 21 10 37 35 44 28 7 5 13 45 7 48 16 17 42 32 27 3 4 16 24 13 38 0 50 23 38 38 12 23 18 3 47 12 11 15 16 45 22 40 36 15 10 28 43 25 25 1 4 42 47 22 18 22 10 5 32 42 27 24 21 34 49
39 0 4 26 43 18 46 29 15 5 36 11 0 29 45 30 44 41 0 10 17 7 2 10 38 48 39 10 43 50 5 13 43 31 9 40 8 49 26 32 11 30 24 16 44 19 13 33 19 18 15 24 30 6 46 11 42 20 49 38 3 42 44 38 23 32 10 30 44 23
20 4 0 47 21 14 19 23 2 29 24 5 36 43 15 21 28 45 35 45 5 11 31 19 21 41 38 12 8 10 21 10 1 16 1 14 23 35 14 6 4 40 4 22 39 49 2 18 17 2 2 35 39 42 10 15 33 45 32 27 33 41 48 25 27 13 30 39 5 21
4 26 47 0 32 36 9 42 21 26 23 9 32 25 25 14 31 13 21 20 35 42 16 34 40 30 20 6 25 34 43 4 27 42 30 19 2 29 12 0 23 33 43 7 30 25 33 17 14 19 1 41 16 13 43 8 26 26 13 46 27 36 13 47 16 43 27 32 31 49
42 43 21 32 0 10 42 48 7 41 48 27 17 35 14 7 14 3 11 27 25 48 24 27 43 42 22 22 41 48 2 34 14 34 1 19 11 14 39 41 47 31 28 23 1 21 15 32 44 31 14 14 1 22 28 23 14 30 19 25 7 4 20 39 21 44 43 31 4 32
32 18 14 36 10 0 27 20 20 22 7 6 28 5 34 21 44 36 38 28 1 17 2 49 47 34 19 23 7 31 4 3 11 27 1 33 32 7 16 5 40 32 36 44 47 34 18 48 34 46 28 37 24 33 4 40 29 7 47 38 23 28 46 40 32 13 38 15 36 47
22 46 19 9 42 27 0 35 18 4 49 48 15 27 4 32 16 13 25 11 2 12 36 30 33 34 36 0 28 50 34 4 21 34 45 30 22 21 40 20 26 11 10 29 49 38 38 9 24 39 40 18 47 25 34 48 17 36 50 26 44 17 18 38 29 15 31 31 15 11
21 29 23 42 48 20 35 0 31 24 28 28 26 31 31 37 42 31 6 9 3 3 28 33 13 23 0 36 41 24 49 37 12 29 10 30 30 32 45 39 48 44 31 43 6 25 36 40 8 44 28 46 20 20 38 46 33 23 17 24 25 30 38 35 28 41 22 34 39 26
10 15 2 21 7 20 18 31 0 38 33 5 9 22 2 47 47 44 48 15 25 47 45 30 37 6 41 2 44 37 30 26 12 35 44 41 28 25 15 16 11 46 12 16 27 13 7 3 14 24 21 18 42 20 42 1 43 18 6 22 44 14 41 38 11 11 22 19 3 19
37 5 29 26 41 22 4 24 38 0 4 26 44 26 18 29 24 44 21 29 10 19 35 0 5 30 49 12 1 45 9 10 6 34 41 4 39 41 32 22 43 48 35 36 5 25 43 27 24 39 43 49 38 30 22 26 44 48 19 45 34 40 23 45 19 35 49 10 20 14
35 36 24 23 48 7 49 28 33 4 0 43 45 43 41 19 35 49 27 47 37 15 45 15 49 39 1 22 44 23 10 6 13 29 49 40 9 11 25 36 22 24 12 13 25 43 44 49 44 47 47 21 36 45 18 8 43 48 22 39 39 30 37 0 0 3 10 46 21 14
44 11 5 9 27 6 48 28 5 26 43 0 45 19 1 34 3 0 11 4 49 40 5 5 32 37 10 10 42 14 16 0 37 9 19 21 25 1 26 43 8 44 38 29 41 1 26 32 17 37 26 50 7 19 23 2 47 42 17 44 22 38 1 25 1 15 45 44 16 34
28 0 36 32 17 28 15 26 9 44 45 45 0 13 46 49 5 21 14 7 47 38 9 18 8 16 33 18 16 49 18 33 42 2 46 30 3 10 49 22 10 22 22 5 24 42 42 25 48 0 34 26 8 29 21 29 48 5 27 34 12 33 24 18 49 27 15 10 19 40
7 29 43 25 35 5 27 31 22 26 43 19 13 0 48 32 39 9 37 24 41 23 29 37 17 39 11 43 31 49 41 46 48 2 42 21 11 37 49 38 40 49 16 20 49 43 20 22 2 37 35 7 46 42 42 24 12 40 37 3 14 0 39 24 0 50 19 23 8 24
5 45 15 25 14 34 4 31 2 18 41 1 46 48 0 31 8 48 18 43 13 25 46 43 9 21 14 38 49 20 47 50 31 23 46 44 32 27 8 0 32 27 39 45 3 15 6 43 50 11 28 38 35 31 35 22 5 34 21 18 31 1 14 28 23 2 35 5 17 36
13 30 21 14 7 21 32 37 47 29 19 34 49 32 31 0 3 22 24 48 32 43 13 25 36 45 20 9 19 28 45 23 24 18 20 36 48 33 39 13 38 4 9 37 5 21 9 7 18 28 17 43 34 21 22 22 50 1 17 32 6 25 24 37 6 26 5 37 43 39
45 44 28 31 14 44 16 42 47 24 35 3 5 39 8 3 0 6 18 3 48 12 36 29 29 34 35 38 29 28 15 10 43 0 2 39 29 37 5 21 45 16 26 49 24 15 1 47 41 30 16 15 4 24 15 14 27 37 30 28 9 0 18 7 19 27 11 45 6 40
7 41 45 13 3 36 13 31 44 44 49 0 21 9 48 22 6 0 49 30 19 50 43 5 35 20 2 29 24 50 43 42 20 44 29 47 28 47 11 25 13 34 47 50 11 37 26 44 6 21 34 35 50 41 2 42 44 37 48 49 19 22 48 34 6 9 26 23 21 16
48 0 35 21 11 38 25 6 48 21 27 11 14 37 18 24 18 49 0 26 46 30 40 13 24 3 1 34 26 31 9 36 7 24 13 31 0 47 0 0 36 22 5 36 49 9 16 45 50 20 6 22 35 33 8 11 23 6 36 23 19 50 43 47 12 13 34 6 50 16
16 10 45 20 27 28 11 9 15 29 47 4 7 24 43 48 3 30 26 0 6 42 44 18 41 3 37 6 8 15 6 9 39 23 10 16 38 27 24 26 20 33 4 37 48 11 11 44 26 8 33 16 11 31 50 26 13 27 3 21 5 37 38 11 47 31 0 7 47 11
17 17 5 35 25 1 2 3 25 10 37 49 47 41 13 32 48 19 46 6 0 30 46 27 2 2 24 40 37 3 33 14 38 23 25 40 2 50 0 50 8 20 44 21 37 7 26 32 11 45 17 19 16 11 28 30 33 11 44 48 9 36 44 48 31 8 15 34 28 39
42 7 11 42 48 17 12 3 47 19 15 40 38 23 25 43 12 50 30 42 30 0 26 20 23 20 29 37 41 12 12 29 18 22 29 27 33 15 31 34 49 47 6 17 4 12 49 40 9 49 35 14 5 49 39 42 48 0 49 5 1 2 37 17 41 15 1 16 1 37
32 2 31 16 24 2 36 28 45 35 45 5 9 29 46 13 36 43 40 44 46 26 0 4 38 23 38 21 25 29 28 3 48 18 31 44 49 40 28 45 20 17 45 45 40 26 19 22 3 23 28 48 22 23 50 46 36 26 17 48 48 20 38 45 18 36 39 15 21 24
27 10 19 34 27 49 30 33 30 0 15 5 18 37 43 25 29 5 13 18 27 20 4 0 38 23 6 27 43 27 14 43 31 46 15 15 32 50 49 19 48 40 17 25 36 23 35 2 47 37 43 32 6 50 50 9 38 24 34 29 40 13 47 0 4 39 50 38 46 15
3 38 21 40 43 47 33 13 37 5 49 32 8 17 9 36 29 35 24 41 2 23 38 38 0 6 16 49 50 21 21 31 41 22 46 47 25 1 29 41 44 27 27 41 28 48 48 48 21 8 36 14 44 38 28 8 32 21 36 44 43 38 39 4 35 28 48 49 6 13
4 48 41 30 42 34 34 23 6 30 39 37 16 39 21 45 34 20 3 3 2 20 23 23 6 0 2 34 46 11 50 31 41 22 15 12 28 39 46 20 45 26 20 45 27 31 39 50 37 18 9 13 28 40 25 4 14 36 18 14 22 23 43 22 38 39 33 44 25 6
16 39 38 20 22 19 36 0 41 49 1 10 33 11 14 20 35 2 1 37 24 29 38 6 16 2 0 13 40 49 34 47 49 27 38 23 18 43 1 38 27 3 14 33 48 25 17 34 31 49 33 46 39 39 33 40 50 26 32 15 42 32 38 36 28 32 29 39 33 13
24 10 12 6 22 23 0 36 2 12 22 10 18 43 38 9 38 29 34 6 40 37 21 27 49 34 13 0 31 45 40 38 41 20 7 20 7 30 42 33 24 32 0 24 26 41 5 8 38 44 19 28 34 41 12 21 30 49 29 15 42 43 20 31 48 46 26 40 24 7
13 43 8 25 41 7 28 41 44 1 44 42 16 31 49 19 29 24 26 8 37 41 25 43 50 46 40 31 0 13 40 38 17 0 16 26 28 13 24 46 3 49 11 37 26 41 29 47 15 10 13 23 14 49 2 41 13 6 4 45 47 27 12 4 37 23 16 20 19 0
38 50 10 34 48 31 50 24 37 45 23 14 49 49 20 28 28 50 31 15 3 12 29 27 21 11 49 45 13 0 42 41 26 44 8 37 31 1 2 33 39 5 38 42 34 50 34 22 26 32 19 21 39 5 48 5 11 28 39 44 9 37 47 44 3 40 21 33 38 9
0 5 21 43 2 4 34 49 30 9 10 16 18 41 47 45 15 43 9 6 33 12 28 14 21 50 34 40 40 42 0 20 31 34 0 27 5 16 48 41 44 29 9 42 49 12 39 20 38 30 9 49 12 10 5 29 12 13 23 12 46 19 18 3 33 45 16 9 30 42
50 13 10 4 34 3 4 37 26 10 6 0 33 46 50 23 10 42 36 9 14 29 3 43 31 31 47 38 38 41 20 0 9 33 47 5 33 35 10 12 7 11 40 8 21 2 16 11 19 50 3 44 28 35 20 49 30 46 48 4 36 20 10 36 49 24 34 8 19 20
23 43 1 27 14 11 21 12 12 6 13 37 42 48 31 24 43 20 7 39 38 18 48 31 41 41 49 41 17 26 31 9 0 40 41 23 7 8 4 34 1 30 11 12 11 39 46 43 13 3 26 43 37 10 4 10 33 27 2 0 28 4 28 6 18 29 11 42 47 32
38 31 16 42 34 27 34 29 35 34 29 9 2 2 23 18 0 44 24 23 23 22 18 46 22 22 27 20 0 44 34 33 40 0 33 9 3 15 34 41 34 35 47 48 19 42 4 45 13 26 14 28 28 19 12 17 4 20 16 8 9 28 27 46 34 15 6 33 14 40
38 9 1 30 1 1 45 10 44 41 49 19 46 42 46 20 2 29 13 10 25 29 31 15 46 15 38 7 16 8 0 47 41 33 0 0 27 13 1 40 13 15 30 14 20 43 17 20 38 3 3 3 48 46 40 24 27 6 11 21 50 36 6 46 19 38 19 16 8 26
12 40 14 19 19 33 30 30 41 4 40 21 30 21 44 36 39 47 31 16 40 27 44 15 47 12 23 20 26 37 27 5 23 9 0 0 30 45 17 33 45 7 32 1 45 50 43 36 21 6 2 14 35 44 39 11 34 20 27 27 5 15 40 35 43 19 17 43 14 5
23 8 23 2 11 32 22 30 28 39 9 25 3 11 32 48 29 28 0 38 2 33 49 32 25 28 18 7 28 31 5 33 7 3 27 30 0 26 36 5 29 23 15 49 28 1 32 9 34 19 31 26 29 40 13 26 5 21 16 27 14 26 45 6 3 2 7 26 41 9
18 49 35 29 14 7 21 32 25 41 11 1 10 37 27 33 37 47 47 27 50 15 40 50 1 39 43 30 13 1 16 35 8 15 13 45 26 0 19 32 35 1 26 11 20 30 10 19 33 47 23 39 38 10 47 36 13 43 14 0 29 20 46 8 23 29 32 18 24 6
3 26 14 12 39 16 40 45 15 32 25 26 49 49 8 39 5 11 0 24 0 31 28 49 29 46 1 42 24 2 48 10 4 34 1 17 36 19 0 4 20 22 22 22 37 26 24 39 40 29 18 15 9 14 12 29 14 13 18 12 49 38 8 13 27 30 31 17 16 28
47 32 6 0 41 5 20 39 16 22 36 43 22 38 0 13 21 25 0 26 50 34 45 19 41 20 38 33 46 33 41 12 34 41 40 33 5 32 4 0 46 39 4 49 13 7 29 31 26 49 23 9 1 3 24 33 28 29 43 44 43 12 31 14 23 36 20 23 13 18
12 11 4 23 47 40 26 48 11 43 22 8 10 40 32 38 45 13 36 20 8 49 20 48 44 45 27 24 3 39 44 7 1 34 13 45 29 35 20 46 0 2 5 15 5 28 0 5 16 39 33 3 38 43 25 39 38 15 44 36 22 50 49 11 26 42 41 28 34 23
11 30 40 33 31 32 11 44 46 48 24 44 22 49 27 4 16 34 22 33 20 47 17 40 27 26 3 32 49 5 29 11 30 35 15 7 23 1 22 39 2 0 34 4 38 13 33 50 48 25 31 5 33 10 42 14 19 49 26 44 32 47 20 34 1 31 49 8 27 50
15 24 4 43 28 36 10 31 12 35 12 38 22 16 39 9 26 47 5 4 44 6 45 17 27 20 14 0 11 38 9 40 11 47 30 32 15 26 22 4 5 34 0 14 36 41 48 5 0 28 28 3 32 9 23 49 4 6 11 42 33 1 7 34 34 22 28 12 25 1
16 16 22 7 23 44 29 43 16 36 13 29 5 20 45 37 49 50 36 37 21 17 45 25 41 45 33 24 37 42 42 8 12 48 14 1 49 11 22 49 15 4 14 0 33 7 1 42 35 41 26 27 4 28 1 25 3 13 39 40 13 23 29 50 1 20 21 28 33 49
45 44 39 30 1 47 49 6 27 5 25 41 24 49 3 5 24 11 49 48 37 4 40 36 28 27 48 26 26 34 49 21 11 19 20 45 28 20 37 13 5 38 36 33 0 5 18 8 29 15 43 40 11 13 19 40 29 8 31 13 0 27 46 33 14 11 44 35 44 14
22 19 49 25 21 34 38 25 13 25 43 1 42 43 15 21 15 37 9 11 7 12 26 23 48 31 25 41 41 50 12 2 39 42 43 50 1 30 26 7 28 13 41 7 5 0 20 2 6 16 8 7 10 7 11 50 47 46 34 32 4 25 41 7 49 12 35 29 4 6
40 13 2 33 15 18 38 36 7 43 44 26 42 20 6 9 1 26 16 11 26 49 19 35 48 39 17 5 29 34 39 16 46 4 17 43 32 10 24 29 0 33 48 1 18 20 0 0 30 16 4 5 8 37 34 2 3 7 39 16 7 49 48 35 50 6 45 27 5 43
36 33 18 17 32 48 9 40 3 27 49 32 25 22 43 7 47 44 45 44 32 40 22 2 48 50 34 8 47 22 20 11 43 45 20 36 9 19 39 31 5 50 5 42 8 2 0 0 26 49 38 21 44 43 34 4 12 4 41 5 3 40 39 1 3 39 46 18 35 0
15 19 17 14 44 34 24 8 14 24 44 17 48 2 50 18 41 6 50 26 11 9 3 47 21 37 31 38 15 26 38 19 13 13 38 21 34 33 40 26 16 48 0 35 29 6 30 26 0 17 18 47 34 45 46 48 4 39 32 1 19 41 44 30 1 15 15 19 25 6
10 18 2 19 31 46 39 44 24 39 47 37 0 37 11 28 30 21 20 8 45 49 23 37 8 18 49 44 10 32 30 50 3 26 3 6 19 47 29 49 39 25 28 41 15 16 16 49 17 0 49 3 4 19 0 45 20 35 11 17 1 45 36 27 41 50 3 25 42 9
28 15 2 1 14 28 40 28 21 43 47 26 34 35 28 17 16 34 6 33 17 35 28 43 36 9 33 19 13 19 9 3 26 14 3 2 31 23 18 23 33 31 28 26 43 8 4 38 18 49 0 19 33 0 11 7 11 2 26 49 10 40 16 0 26 20 20 15 47 32
43 24 35 41 14 37 18 46 18 49 21 50 26 7 38 43 15 35 22 16 19 14 48 32 14 13 46 28 23 21 49 44 43 28 3 14 26 39 15 9 3 5 3 27 40 7 5 21 47 3 19 0 42 35 9 20 10 11 23 33 0 25 39 5 44 41 19 3 5 28
25 30 39 16 1 24 47 20 42 38 36 7 8 46 35 34 4 50 35 11 16 5 22 6 44 28 39 34 14 39 12 28 37 28 48 35 29 38 9 1 38 33 32 4 11 10 8 44 34 4 33 42 0 21 10 31 38 3 0 44 10 49 23 8 28 43 34 17 47 28
25 6 42 13 22 33 25 20 20 30 45 19 29 42 31 21 24 41 33 31 11 49 23 50 38 40 39 41 49 5 10 35 10 19 46 44 40 10 14 3 43 10 9 28 13 7 37 43 45 19 0 35 21 0 43 47 11 37 21 4 1 23 40 29 14 9 44 33 21 50
1 46 10 43 28 4 34 38 42 22 18 23 21 42 35 22 15 2 8 50 28 39 50 50 28 25 33 12 2 48 5 20 4 12 40 39 13 47 12 24 25 42 23 1 19 11 34 34 46 0 11 9 10 43 0 46 14 38 26 11 9 42 8 39 37 0 25 15 32 39
4 11 15 8 23 40 48 46 1 26 8 2 29 24 22 22 14 42 11 26 30 42 46 9 8 4 40 21 41 5 29 49 10 17 24 11 26 36 29 33 39 14 49 25 40 50 2 4 48 45 7 20 31 47 46 0 41 24 2 19 3 46 23 48 34 23 47 17 5 10
42 42 33 26 14 29 17 33 43 44 43 47 48 12 5 50 27 44 23 13 33 48 36 38 32 14 50 30 13 11 12 30 33 4 27 34 5 13 14 28 38 19 4 3 29 47 3 12 4 20 11 10 38 11 14 41 0 7 47 46 14 18 22 11 30 19 1 3 24 8
47 20 45 26 30 7 36 23 18 48 48 42 5 40 34 1 37 37 6 27 11 0 26 24 21 36 26 49 6 28 13 46 27 20 6 20 21 43 13 29 15 49 6 13 8 46 7 4 39 35 2 11 3 37 38 24 7 0 15 46 31 4 44 4 35 25 32 1 47 6
22 49 32 13 19 47 50 17 6 19 22 17 27 37 21 17 30 48 36 3 44 49 17 34 36 18 32 29 4 39 23 48 2 16 11 27 16 14 18 43 44 26 11 39 31 34 39 41 32 11 26 23 0 21 26 2 47 15 0 41 34 8 40 46 26 12 35 3 46 41
18 38 27 46 25 38 26 24 22 45 39 44 34 3 18 32 28 49 23 21 48 5 48 29 44 14 15 15 45 44 12 4 0 8 21 27 27 0 12 44 36 44 42 40 13 32 16 5 1 17 49 33 44 4 11 19 46 46 41 0 46 4 15 10 32 27 28 17 24 3
22 3 33 27 7 23 44 25 44 34 39 22 12 14 31 6 9 19 19 5 9 1 48 40 43 22 42 42 47 9 46 36 28 9 50 5 14 29 49 43 22 32 33 13 0 4 7 3 19 1 10 0 10 1 9 3 14 31 34 46 0 14 26 44 38 20 45 21 34 17
10 42 41 36 4 28 17 30 14 40 30 38 33 0 1 25 0 22 50 37 36 2 20 13 38 23 32 43 27 37 19 20 4 28 36 15 26 20 38 12 50 47 1 23 27 25 49 40 41 45 40 25 49 23 42 46 18 4 8 4 14 0 2 26 44 8 37 39 46 50
5 44 48 13 20 46 18 38 41 23 37 1 24 39 14 24 18 48 43 38 44 37 38 47 39 43 38 20 12 47 18 10 28 27 6 40 45 46 8 31 49 20 7 29 46 41 48 39 44 36 16 39 23 40 8 23 22 44 40 15 26 2 0 28 11 13 36 33 43 37
32 38 25 47 39 40 38 35 38 45 0 25 18 24 28 37 7 34 47 11 48 17 45 0 4 22 36 31 4 44 3 36 6 46 46 35 6 8 13 14 11 34 34 50 33 7 35 1 30 27 0 5 8 29 39 48 11 4 46 10 44 26 28 0 29 24 30 15 46 37
42 23 27 16 21 32 29 28 11 19 0 1 49 0 23 6 19 6 12 47 31 41 18 4 35 38 28 48 37 3 33 49 18 34 19 43 3 23 27 23 26 1 34 1 14 49 50 3 1 41 26 44 28 14 37 34 30 35 26 32 38 44 11 29 0 38 42 36 28 29
27 32 13 43 44 13 15 41 11 35 3 15 27 50 2 26 27 9 13 31 8 15 36 39 28 39 32 46 23 40 45 24 29 15 38 19 2 29 30 36 42 31 22 20 11 12 6 39 15 50 20 41 43 9 0 23 19 25 12 27 20 8 13 24 38 0 23 22 8 41
24 10 30 27 43 38 31 22 22 49 10 45 15 19 35 5 11 26 34 0 15 1 39 50 48 33 29 26 16 21 16 34 11 6 19 17 7 32 31 20 41 49 28 21 44 35 45 46 15 3 20 19 34 44 25 47 1 32 35 28 45 37 36 30 42 23 0 32 48 41
21 30 39 32 31 15 31 34 19 10 46 44 10 23 5 37 45 23 6 7 34 16 15 38 49 44 39 40 20 33 9 8 42 33 16 43 26 18 17 23 28 8 12 28 35 29 27 18 19 25 15 3 17 33 15 17 3 1 3 17 21 39 33 15 36 22 32 0 15 41
34 44 5 31 4 36 15 39 3 20 21 16 19 8 17 43 6 21 50 47 28 1 21 46 6 25 33 24 19 38 30 19 47 14 8 14 41 24 16 13 34 27 25 33 44 4 5 35 25 42 47 5 47 21 32 5 24 47 46 24 34 46 43 46 28 8 48 15 0 45
49 23 21 49 32 47 11 26 19 14 14 34 40 24 36 39 40 16 16 11 39 37 24 15 13 6 13 7 0 9 42 20 32 40 26 5 9 6 28 18 23 50 1 49 14 6 43 0 6 9 32 28 28 50 39 10 8 6 41 3 17 50 37 37 29 41 41 41 45 0
