50 50
7763 7542 8947 3135 6168 5982 7900 7153 7236 2904 6813 3500 875 9352 542 9035 8926 9648 93 8159 2289 2672 5091 1049 5122 4427 9594 2982 3263 8104 4090 8957 2213 883 7161 9448 9452 6780 9591 4844 1499 8244 9003 1188 2933 8859 9275 2800 7600 124
48 50 46 46 35 50 43 0 48 15 17 31 8 39 47 15 37 25 28 32 19 25 3 44 1 15 16 1 43 4 18 49 17 29 21 10 32 48 41 13 48 25 30 46 17 6 33 4 5 34
41 48 13 44 17 39 47 4 43 18 30 32 33 34 43 47 8 6 4 1 9 22 21 15 43 21 7 28 29 45 26 1 30 11 17 23 16 19 26 34 48 50 29 22 20 50 42 20 23 18
6 1 11 22 2 12 11 42 33 29 7 23 3 3 9 24 49 44 49 39 22 33 3 42 33 5 18 29 23 17 43 45 8 35 12 47 27 42 45 14 40 36 31 32 45 8 41 43 5 35
15 31 20 29 48 27 33 26 16 6 17 16 34 19 46 1 11 28 1 33 25 41 15 41 27 48 22 22 34 34 8 7 33 37 20 35 17 6 33 7 9 14 43 4 31 30 40 26 15 33
0 27 7 44 10 10 5 45 20 45 39 5 50 14 36 40 24 16 4 20 46 1 30 28 7 6 21 45 34 40 47 35 35 14 35 35 0 35 2 18 2 44 12 50 27 16 12 18 40 48
8 0 22 22 20 47 29 3 38 28 8 19 19 4 47 11 48 0 38 4 40 35 9 11 29 0 15 17 29 34 42 28 1 48 29 0 32 32 18 6 33 3 23 9 30 16 19 7 36 0
7 46 2 16 32 49 23 25 3 34 50 50 14 40 23 13 4 30 2 25 23 2 9 4 43 6 9 1 18 4 16 46 39 1 29 23 36 21 1 17 48 17 37 32 48 23 26 4 9 22
0 9 47 39 2 21 24 35 38 36 36 1 40 23 1 13 37 34 43 49 11 44 20 17 50 28 43 8 36 20 24 21 34 36 27 21 30 20 50 18 38 39 33 22 10 35 4 38 20 41
13 17 16 9 25 39 24 32 16 24 16 41 42 33 6 34 14 23 4 28 1 3 17 45 5 35 28 26 21 18 35 6 46 20 8 39 10 37 50 1 24 3 6 12 23 26 42 2 18 44
28 9 34 33 26 37 18 47 24 21 39 3 44 7 14 26 22 24 24 46 38 9 27 6 29 35 31 46 31 40 23 43 38 16 12 35 38 44 25 33 33 38 12 18 28 0 40 0 50 49
2 29 37 49 27 20 36 47 44 31 11 12 20 27 8 26 17 13 27 14 45 40 2 6 1 18 49 28 8 23 48 21 31 1 10 45 44 9 8 40 28 11 7 28 32 23 50 8 3 40
3 38 41 40 44 23 46 38 0 23 6 17 22 10 9 14 20 23 38 11 41 15 41 42 45 39 44 2 7 19 11 42 49 24 12 29 4 8 29 47 4 49 6 24 6 25 48 11 13 40
26 48 49 9 15 31 25 32 50 46 0 8 7 6 50 4 9 33 11 22 45 26 26 42 30 2 21 42 0 4 18 4 21 24 43 28 0 18 8 15 29 44 19 6 24 41 42 9 16 43
27 14 23 11 6 18 30 12 18 43 48 22 17 1 26 43 24 21 6 12 27 47 40 16 12 31 26 10 5 30 23 43 29 40 15 16 16 32 39 28 36 27 43 42 6 26 42 8 45 28
10 34 23 34 17 13 3 22 37 49 18 1 23 50 10 31 49 31 4 4 32 8 48 0 26 22 13 38 1 20 15 7 11 37 27 24 10 44 23 40 4 7 45 12 25 50 39 4 0 24
10 29 23 47 49 33 41 35 33 15 33 31 31 48 50 41 12 21 16 28 22 50 50 37 50 44 35 44 20 7 47 24 46 50 9 28 9 31 37 47 7 1 39 37 44 43 2 45 5 5
36 27 25 10 50 41 46 39 28 6 32 50 16 22 22 5 1 47 40 42 12 22 37 29 38 36 11 3 8 8 35 13 16 8 33 29 36 20 27 15 49 33 33 34 7 33 6 9 44 20
44 2 16 40 12 21 16 25 50 2 35 17 19 33 41 0 11 38 46 24 46 7 50 45 15 16 50 29 25 8 44 44 0 37 25 5 13 20 3 38 39 45 6 0 14 3 37 30 31 50
23 19 37 29 14 49 5 40 9 25 24 44 7 1 2 19 0 14 36 24 30 45 25 6 40 23 31 34 32 10 16 29 1 35 39 49 20 18 27 47 18 25 30 25 10 44 32 0 40 16
16 11 49 20 14 36 9 50 47 39 19 22 50 37 34 23 46 34 44 5 15 49 37 6 9 49 42 49 28 43 13 19 32 7 26 5 18 25 42 21 15 42 24 32 7 38 10 28 44 4
37 31 10 6 22 15 17 17 18 26 1 6 5 46 10 27 3 36 33 41 0 34 34 26 40 13 9 33 26 48 28 17 1 22 10 42 29 42 29 44 8 0 1 45 40 20 14 17 26 22
10 46 3 25 40 22 0 30 4 49 49 12 0 23 16 28 21 21 37 7 17 32 14 2 0 27 28 38 35 6 37 11 46 12 39 44 27 24 8 41 37 42 4 27 50 16 6 44 45 23
16 1 48 11 4 31 11 24 41 14 25 18 20 5 3 24 14 19 45 17 41 47 26 42 22 20 5 13 31 8 30 6 45 32 17 16 11 38 0 50 11 48 49 39 11 9 27 36 44 20
23 48 36 33 11 2 30 19 16 29 17 44 27 2 12 16 45 31 30 2 23 17 47 46 23 19 28 43 47 37 8 40 47 23 25 8 49 0 49 40 14 13 5 37 15 11 18 1 13 50
43 3 27 33 23 29 42 3 38 17 24 45 21 33 6 16 24 3 46 23 22 25 16 12 1 49 6 0 16 21 28 40 9 30 40 38 3 30 40 48 1 40 36 30 42 7 20 18 19 21
13 8 12 37 45 18 34 27 49 29 26 21 18 12 40 44 23 4 46 23 40 3 10 7 42 37 15 5 39 49 9 5 46 17 10 20 10 24 36 6 1 29 19 30 9 24 7 47 8 29
10 33 29 26 35 9 7 15 47 6 33 3 0 24 3 18 1 26 15 30 47 7 47 27 11 0 42 37 11 36 26 32 7 40 12 28 29 23 18 6 27 37 36 40 7 0 9 12 48 41
3 8 10 21 30 34 33 41 16 26 42 33 46 14 16 42 3 44 12 24 9 44 39 25 18 34 13 6 23 9 47 44 44 29 32 3 30 22 21 17 43 34 34 28 19 49 14 49 45 40
15 16 11 9 27 49 45 16 32 40 15 16 36 0 33 7 36 16 40 16 22 24 13 36 9 37 19 45 38 36 36 28 49 11 5 8 19 32 10 11 31 18 35 4 48 33 31 48 22 6
2 1 39 26 42 35 17 46 0 5 3 18 31 35 7 15 48 45 4 48 32 27 33 2 47 2 6 22 44 20 27 16 42 18 6 9 44 43 29 27 10 49 24 48 15 26 31 41 11 20
11 7 50 47 25 28 33 1 36 49 12 49 18 0 28 48 45 48 20 3 0 37 19 37 22 21 16 33 47 21 6 23 29 2 5 19 20 32 49 20 25 25 24 23 49 42 10 9 23 1
50 16 28 36 36 6 5 45 8 23 17 27 24 0 8 4 10 13 34 39 4 38 20 28 18 21 32 8 19 14 31 5 3 46 42 7 47 1 18 25 14 37 35 11 27 24 25 17 30 41
2 28 12 30 3 16 2 16 36 11 17 18 49 7 8 15 9 44 29 50 31 22 3 19 48 50 27 8 6 13 11 18 3 23 30 2 26 24 2 31 49 21 35 48 3 35 17 19 38 19
25 11 2 28 2 42 9 41 35 32 34 32 45 36 33 22 47 24 45 21 16 5 34 13 36 6 11 6 11 30 32 18 30 9 10 33 2 27 16 37 13 18 19 21 40 8 34 38 40 23
18 42 47 17 2 44 15 14 41 23 12 28 18 49 21 46 24 20 9 30 49 7 25 28 9 47 31 49 23 0 21 25 33 25 49 17 41 10 50 13 41 7 45 43 16 18 3 42 43 9
44 23 41 4 3 42 18 50 37 33 47 6 26 46 39 46 42 25 12 43 9 24 45 44 5 47 40 32 40 43 10 47 45 18 36 41 44 44 13 46 36 16 44 34 6 9 32 7 4 6
28 28 1 32 7 39 21 9 16 19 25 50 44 38 10 17 22 13 19 22 23 13 4 33 22 7 10 8 30 6 44 16 31 25 36 27 1 20 24 49 49 32 45 27 34 44 48 41 1 5
36 7 2 40 5 24 33 18 22 9 48 27 24 26 32 42 6 43 39 33 2 29 37 34 14 36 29 3 13 10 50 35 39 43 3 40 0 48 1 36 15 44 0 3 29 31 34 35 3 42
30 9 17 25 48 1 22 38 5 50 3 8 15 47 10 50 2 11 13 0 46 36 27 8 50 12 27 23 22 16 26 19 42 41 49 25 32 12 10 50 17 3 13 37 34 35 1 15 39 21
33 11 46 43 2 45 40 43 23 5 12 24 28 48 49 42 37 12 3 21 3 14 45 15 39 28 35 4 45 11 23 31 42 22 46 10 3 20 9 47 30 22 19 12 26 43 42 12 24 8
37 21 2 9 11 23 39 12 4 14 42 18 40 9 31 25 38 17 44 49 42 35 9 20 44 35 29 45 36 8 41 38 22 29 27 12 20 22 34 5 19 9 8 19 0 18 12 2 48 7
24 9 28 5 39 13 35 26 9 22 29 42 21 38 47 5 44 7 9 13 29 38 28 42 20 8 43 23 2 31 14 1 17 4 19 48 7 5 9 16 16 18 14 42 49 1 50 39 19 11
45 10 49 34 44 13 48 29 39 6 43 28 34 5 39 41 43 17 44 40 23 1 42 40 21 46 34 11 4 10 43 4 21 9 49 24 47 16 46 21 24 5 46 17 49 1 14 50 46 50
28 35 34 2 16 42 3 11 23 17 15 0 16 9 41 47 35 41 1 38 43 31 11 20 27 49 1 45 44 4 26 48 9 6 38 40 37 4 14 30 39 22 44 50 30 3 44 34 39 40
2 7 18 4 20 48 17 13 25 48 23 10 5 31 30 28 35 9 5 29 17 3 1 13 1 35 29 25 8 33 30 7 36 43 34 19 18 29 9 31 25 33 7 18 30 42 47 18 9 40
10 50 44 29 3 1 5 31 38 0 20 49 22 30 1 10 22 33 18 14 26 11 25 33 33 20 2 21 24 20 7 12 36 24 12 9 22 38 6 21 20 38 24 45 50 23 17 10 32 44
33 35 27 36 27 32 24 45 22 7 24 45 6 31 5 31 5 36 33 22 42 44 47 12 41 45 37 48 32 42 44 12 30 14 26 20 7 1 9 4 33 36 6 41 50 18 23 39 22 39
33 50 39 13 33 29 27 40 10 32 11 32 44 10 1 39 5 5 46 26 27 20 14 28 22 0 7 10 7 2 23 16 13 43 12 37 27 18 3 28 13 29 10 16 16 28 28 3 36 9
9 5 35 45 3 50 36 12 25 39 47 42 9 33 49 50 40 19 25 33 36 3 41 27 36 45 30 50 48 20 16 27 7 21 7 5 43 24 37 39 18 8 44 43 40 48 6 15 25 37
11 39 39 9 4 8 19 13 3 15 18 2 30 44 5 45 27 9 47 5 15 24 35 16 30 34 23 21 0 23 20 14 48 16 0 21 30 41 42 48 14 0 28 31 37 25 10 20 26 3
0 25 12 33 10 12 13 20 13 32 9 46 13 36 46 50 17 30 30 45 16 40 24 43 12 13 34 22 18 38 31 15 1 27 45 45 0 6 1 48 10 33 29 40 30 34 46 4 37 40
25 0 34 13 49 0 48 11 33 22 46 22 41 43 22 11 28 41 15 21 50 11 25 32 27 24 12 46 18 50 28 35 45 9 26 22 42 20 23 6 34 33 17 14 28 11 1 40 9 1
12 34 0 45 16 17 9 40 34 24 44 0 2 22 20 4 31 36 46 1 29 12 32 13 16 28 27 37 48 36 23 50 11 30 12 22 38 1 2 43 1 8 45 37 38 17 50 33 35 48
33 13 45 0 3 6 47 5 21 3 36 0 21 27 48 12 24 45 24 41 11 0 35 13 46 3 2 47 26 23 12 29 18 39 42 45 42 21 8 34 22 28 28 32 34 30 48 49 8 32
10 49 16 3 0 2 3 31 16 29 30 34 36 11 41 2 30 15 47 47 38 46 48 33 38 22 28 17 47 38 39 20 1 1 5 43 46 46 50 46 45 41 31 2 37 35 23 3 10 46
12 0 17 6 2 0 3 2 26 35 38 49 13 32 9 23 4 14 50 10 44 3 41 37 2 43 46 43 17 39 43 46 26 48 16 21 37 17 21 16 8 39 4 37 36 39 35 31 8 2
13 48 9 47 3 3 0 19 22 0 48 27 41 12 24 6 20 47 31 46 48 29 25 4 49 2 22 36 50 33 35 34 8 13 17 19 36 36 33 38 46 0 50 31 11 24 46 10 39 40
20 11 40 5 31 2 19 0 2 47 25 50 42 5 42 45 47 38 47 45 29 19 2 25 17 44 31 4 19 31 25 5 44 14 25 47 29 6 43 3 31 35 44 30 26 13 19 46 44 44
13 33 34 21 16 26 22 2 0 8 30 44 18 33 41 17 50 11 39 26 33 7 6 37 2 35 36 20 47 48 36 0 2 48 44 50 0 23 0 3 45 1 25 17 2 29 18 23 22 19
32 22 24 3 29 35 0 47 8 0 7 13 24 43 17 29 1 50 18 15 41 22 12 0 4 19 32 25 10 37 16 25 18 42 41 25 10 36 21 13 10 3 42 41 7 49 17 49 48 35
9 46 44 36 30 38 48 25 30 7 0 21 46 9 31 7 24 31 49 40 16 21 2 9 2 50 34 9 26 15 47 10 1 3 38 35 24 22 7 15 49 46 49 30 12 23 1 25 17 16
46 22 0 0 34 49 27 50 44 13 21 0 32 22 11 18 15 11 30 42 35 20 12 16 17 1 44 23 38 23 40 32 32 14 43 49 14 23 47 36 10 46 1 13 50 28 11 29 48 31
13 41 2 21 36 13 41 42 18 24 46 32 0 24 21 39 9 45 48 35 2 5 35 2 44 9 29 15 20 20 7 9 48 48 25 35 17 42 6 36 19 10 50 0 8 42 49 43 5 13
36 43 22 27 11 32 12 5 33 43 9 22 24 0 41 14 26 38 35 37 35 15 26 11 46 46 36 36 0 18 21 14 47 46 35 3 45 29 39 37 4 30 43 28 7 43 4 35 42 14
46 22 20 48 41 9 24 42 41 17 31 11 21 41 0 2 9 37 8 16 40 2 4 22 50 36 10 8 45 22 26 24 35 43 9 25 6 10 16 27 15 45 16 16 49 33 1 6 0 8
50 11 4 12 2 23 6 45 17 29 7 18 39 14 2 0 49 17 23 44 23 27 28 32 35 34 17 41 11 11 48 28 9 28 5 37 45 25 18 42 35 44 6 44 0 17 39 44 2 36
17 28 31 24 30 4 20 47 50 1 24 15 9 26 9 49 0 13 37 29 7 9 5 12 11 5 3 26 4 42 14 8 1 25 21 14 5 7 8 18 24 1 35 26 17 0 39 30 50 32
30 41 36 45 15 14 47 38 11 50 31 11 45 38 37 17 13 0 9 44 2 44 29 15 44 37 16 21 5 12 12 50 24 46 32 16 30 29 19 8 16 22 38 9 25 32 33 46 25 37
30 15 46 24 47 50 31 47 39 18 49 30 48 35 8 23 37 9 0 50 41 46 6 2 7 35 6 26 41 7 21 29 29 30 23 1 6 25 23 17 48 41 31 29 11 22 29 39 37 6
45 21 1 41 47 10 46 45 26 15 40 42 35 37 16 44 29 44 50 0 11 24 4 8 31 38 39 10 26 31 15 29 43 26 15 44 16 38 29 20 44 47 17 37 25 12 6 8 37 44
16 50 29 11 38 44 48 29 33 41 16 35 2 35 40 23 7 2 41 11 0 30 16 5 31 8 23 32 0 27 4 44 46 46 16 50 23 36 45 0 19 7 18 6 9 9 42 45 13 16
40 11 12 0 46 3 29 19 7 22 21 20 5 15 2 27 9 44 46 24 30 0 1 20 50 0 27 38 32 37 1 1 37 16 13 36 27 17 21 18 17 12 23 17 16 45 44 18 48 44
24 25 32 35 48 41 25 2 6 12 2 12 35 26 4 28 5 29 6 4 16 1 0 4 9 10 29 23 11 8 34 31 28 18 35 24 39 40 10 18 44 0 48 17 9 34 44 24 46 4
43 32 13 13 33 37 4 25 37 0 9 16 2 11 22 32 12 15 2 8 5 20 4 0 30 35 4 48 34 46 10 43 6 0 19 40 40 15 28 23 48 38 26 44 37 12 29 15 20 34
12 27 16 46 38 2 49 17 2 4 2 17 44 46 50 35 11 44 7 31 31 50 9 30 0 11 3 11 43 20 26 23 12 48 31 0 35 25 18 19 30 5 14 6 27 23 39 34 6 0
13 24 28 3 22 43 2 44 35 19 50 1 9 46 36 34 5 37 35 38 8 0 10 35 11 0 29 28 20 36 41 13 42 33 13 2 17 5 14 39 38 33 45 46 2 40 39 26 38 7
34 12 27 2 28 46 22 31 36 32 34 44 29 36 10 17 3 16 6 39 23 27 29 4 3 29 0 17 22 39 11 32 44 40 32 46 40 48 14 9 29 32 25 38 17 42 41 37 10 39
22 46 37 47 17 43 36 4 20 25 9 23 15 36 8 41 26 21 26 10 32 38 23 48 11 28 17 0 44 26 3 42 47 19 19 7 34 6 9 6 15 20 10 33 34 36 33 23 21 12
18 18 48 26 47 17 50 19 47 10 26 38 20 0 45 11 4 5 41 26 0 32 11 34 43 20 22 44 0 2 43 36 41 33 0 21 37 44 11 28 47 43 10 32 41 6 1 17 46 43
38 50 36 23 38 39 33 31 48 37 15 23 20 18 22 11 42 12 7 31 27 37 8 46 20 36 39 26 2 0 47 31 27 7 19 20 47 44 44 16 17 38 47 3 28 31 33 8 5 38
31 28 23 12 39 43 35 25 36 16 47 40 7 21 26 48 14 12 21 15 4 1 34 10 26 41 11 3 43 47 0 15 5 34 20 18 42 38 37 40 6 7 42 12 29 25 1 44 32 30
15 35 50 29 20 46 34 5 0 25 10 32 9 14 24 28 8 50 29 29 44 1 31 43 23 13 32 42 36 31 15 0 19 19 37 36 10 23 34 22 12 15 29 35 3 24 39 16 34 2
1 45 11 18 1 26 8 44 2 18 1 32 48 47 35 9 1 24 29 43 46 37 28 6 12 42 44 47 41 27 5 19 0 22 12 39 43 37 40 47 2 50 16 37 24 44 46 42 32 11
27 9 30 39 1 48 13 14 48 42 3 14 48 46 43 28 25 46 30 26 46 16 18 0 48 33 40 19 33 7 34 19 22 0 3 9 39 16 15 30 11 26 23 45 31 8 34 14 6 36
45 26 12 42 5 16 17 25 44 41 38 43 25 35 9 5 21 32 23 15 16 13 35 19 31 13 32 19 0 19 20 37 12 3 0 29 14 3 33 39 47 39 8 18 8 34 47 23 47 38
45 22 22 45 43 21 19 47 50 25 35 49 35 3 25 37 14 16 1 44 50 36 24 40 0 2 46 7 21 20 18 36 39 9 29 0 47 34 50 39 46 16 23 39 16 8 23 40 42 37
0 42 38 42 46 37 36 29 0 10 24 14 17 45 6 45 5 30 6 16 23 27 39 40 35 17 40 34 37 47 42 10 43 39 14 47 0 45 12 31 30 14 38 39 5 33 16 34 38 19
6 20 1 21 46 17 36 6 23 36 22 23 42 29 10 25 7 29 25 38 36 17 40 15 25 5 48 6 44 44 38 23 37 16 3 34 45 0 43 3 17 2 41 45 22 8 30 40 9 36
1 23 2 8 50 21 33 43 0 21 7 47 6 39 16 18 8 19 23 29 45 21 10 28 18 14 14 9 11 44 37 34 40 15 33 50 12 43 0 26 22 27 1 19 9 0 40 47 16 6
48 6 43 34 46 16 38 3 3 13 15 36 36 37 27 42 18 8 17 20 0 18 18 23 19 39 9 6 28 16 40 22 47 30 39 39 31 3 26 0 0 27 21 11 33 27 9 29 3 3
10 34 1 22 45 8 46 31 45 10 49 10 19 4 15 35 24 16 48 44 19 17 44 48 30 38 29 15 47 17 6 12 2 11 47 46 30 17 22 0 0 5 28 34 42 36 16 45 44 1
33 33 8 28 41 39 0 35 1 3 46 46 10 30 45 44 1 22 41 47 7 12 0 38 5 33 32 20 43 38 7 15 50 26 39 16 14 2 27 27 5 0 25 12 14 7 33 2 22 24
29 17 45 28 31 4 50 44 25 42 49 1 50 43 16 6 35 38 31 17 18 23 48 26 14 45 25 10 10 47 42 29 16 23 8 23 38 41 1 21 28 25 0 29 15 13 0 28 47 0
40 14 37 32 2 37 31 30 17 41 30 13 0 28 16 44 26 9 29 37 6 17 17 44 6 46 38 33 32 3 12 35 37 45 18 39 39 45 19 11 34 12 29 0 35 4 18 11 49 47
30 28 38 34 37 36 11 26 2 7 12 50 8 7 49 0 17 25 11 25 9 16 9 37 27 2 17 34 41 28 29 3 24 31 8 16 5 22 9 33 42 14 15 35 0 45 18 18 4 13
34 11 17 30 35 39 24 13 29 49 23 28 42 43 33 17 0 32 22 12 9 45 34 12 23 40 42 36 6 31 25 24 44 8 34 8 33 8 0 27 36 7 13 4 45 0 10 25 29 42
46 1 50 48 23 35 46 19 18 17 1 11 49 4 1 39 39 33 29 6 42 44 44 29 39 39 41 33 1 33 1 39 46 34 47 23 16 30 40 9 16 33 0 18 18 10 0 29 1 32
4 40 33 49 3 31 10 46 23 49 25 29 43 35 6 44 30 46 39 8 45 18 24 15 34 26 37 23 17 8 44 16 42 14 23 40 34 40 47 29 45 2 28 11 18 25 29 0 28 18
37 9 35 8 10 8 39 44 22 48 17 48 5 42 0 2 50 25 37 37 13 48 46 20 6 38 10 21 46 5 32 34 32 6 47 42 38 9 16 3 44 22 47 49 4 29 1 28 0 37
40 1 48 32 46 2 40 44 19 35 16 31 13 14 8 36 32 37 6 44 16 44 4 34 0 7 39 12 43 38 30 2 11 36 38 37 19 36 6 3 1 24 0 47 13 42 32 18 37 0
