46 4875 13888 1319 12110
4205 14565
2958 14507
2539 14454
2023 14255
1801 14158
1114 13744
696 12919
271 11772
-20 10666
-406 9186
-699 7680
-862 6649
-1123 4459
-1340 2047
-1438 908
-1539 -1513
-1558 -2362
-1496 -8632
-1372 -8912
-717 -10329
196 -11615
1032 -11832
2040 -12075
3751 -12112
6293 -11641
8892 -11131
10499 -10390
11815 -9720
12111 -8978
12373 -6081
12352 -99
12331 1034
12313 1531
12099 2947
11744 4470
11409 5824
11097 6564
9488 10368
9099 11235
8595 12297
8321 12789
7941 13375
7482 13808
6461 14186
6066 14292
5340 14455
