50 50
9345 8385 9495 8045 1879 7409 5146 3143 1384 7825 5730 3838 536 3145 9803 6015 2953 8860 6534 3653 3660 2764 1511 7464 8961 1150 6670 2768 4696 1160 1144 7245 8777 7731 4363 3030 5791 2416 6077 2812 8837 273 4199 9690 8900 8148 7313 691 3389 4837
21 23 45 32 34 19 19 7 36 32 20 1 21 44 33 30 34 21 15 20 1 32 22 35 15 49 10 3 2 27 46 49 48 23 10 50 49 50 2 19 46 8 1 38 36 21 0 17 36 20
20 39 35 37 26 13 10 22 43 29 14 11 7 39 31 49 48 9 11 24 35 25 30 45 2 17 8 33 44 40 16 41 9 39 38 23 50 50 38 6 18 1 9 14 43 45 45 34 50 21
25 21 29 43 8 28 9 5 34 44 5 20 27 38 13 19 6 39 22 12 15 3 17 47 14 40 20 43 27 2 41 25 35 9 15 48 29 14 42 48 7 34 13 8 47 4 38 39 49 25
33 3 13 22 34 49 28 18 46 30 3 7 0 31 32 40 33 42 8 27 3 45 6 26 0 31 22 16 42 16 11 35 27 17 15 28 1 13 6 49 12 49 45 25 14 49 26 29 24 41
46 3 42 28 48 38 36 27 14 39 8 44 20 30 43 44 25 42 23 11 40 0 44 16 36 14 13 46 18 29 1 2 12 35 37 34 0 19 10 15 45 19 36 30 25 31 29 0 39 42
36 16 21 19 11 43 14 21 10 39 48 24 21 47 32 26 25 11 39 16 6 6 22 29 7 20 29 32 8 29 6 49 22 18 3 25 42 18 35 27 4 32 46 18 44 30 4 45 16 1
44 27 34 19 10 12 7 29 41 5 46 25 2 7 15 23 14 14 40 9 42 37 22 1 32 40 13 18 11 23 43 22 31 20 3 25 47 43 0 5 48 14 11 30 44 37 0 7 46 6
11 26 40 17 42 26 2 43 7 31 39 39 9 28 27 4 45 28 35 20 36 40 50 49 20 23 15 9 3 26 11 14 49 49 10 26 49 49 31 24 35 22 47 34 20 25 34 18 11 45
4 1 10 47 22 25 3 27 18 21 31 23 21 11 44 24 48 7 11 26 25 12 42 43 41 6 35 8 8 1 18 26 26 39 37 44 40 39 32 10 0 47 45 44 49 24 33 18 6 32
12 5 50 48 48 6 39 16 19 28 23 29 5 45 46 2 48 8 24 46 39 0 28 21 48 16 16 43 48 43 29 34 29 0 47 7 12 4 12 16 37 37 32 16 42 29 20 25 20 23
28 8 38 38 25 46 35 33 8 17 49 44 1 15 28 44 15 24 18 27 44 19 49 11 17 36 21 47 35 14 2 1 26 14 46 14 48 50 16 25 15 25 38 46 22 21 36 44 29 0
16 28 31 15 36 41 43 0 5 44 30 35 14 14 6 0 34 35 4 23 49 22 32 23 28 49 23 46 14 21 42 36 46 7 20 1 37 45 6 4 11 38 3 40 39 27 30 44 14 12
10 9 48 18 18 39 20 13 41 29 32 11 18 2 23 30 30 43 30 32 23 48 39 0 50 8 45 41 26 25 25 33 1 43 19 18 26 35 13 40 37 4 12 7 40 46 19 26 7 3
41 42 26 38 45 14 2 33 6 21 19 48 9 0 15 19 35 46 32 47 37 23 24 24 48 2 38 34 12 30 24 6 29 0 37 29 32 12 29 32 37 21 43 44 37 4 8 38 20 43
2 25 4 13 23 46 16 45 10 29 31 21 0 21 39 18 9 14 15 0 49 20 2 50 40 31 40 3 26 1 48 50 1 16 31 10 9 23 25 43 48 46 15 20 40 30 19 42 16 45
18 33 27 7 17 6 0 32 4 21 41 16 7 39 10 15 48 16 2 31 48 10 13 37 23 25 39 45 44 29 22 41 7 29 13 10 16 11 22 14 15 20 21 37 42 2 37 11 7 30
46 15 18 25 23 40 29 6 36 47 34 17 4 16 46 20 17 9 14 10 4 4 40 13 49 50 28 4 21 50 42 2 15 8 17 45 46 21 48 46 9 41 18 18 3 40 40 19 13 45
17 1 8 6 50 19 29 5 28 5 16 42 1 35 34 12 0 6 23 40 9 13 12 18 33 37 45 36 13 7 34 19 44 17 27 8 22 48 13 44 49 49 22 40 17 18 21 29 40 17
23 27 5 35 6 39 44 12 2 33 3 50 48 4 46 11 35 44 33 29 45 9 37 30 35 8 15 33 40 36 3 50 3 14 2 20 10 10 3 46 13 9 33 3 2 27 21 20 4 24
10 44 4 12 31 36 45 13 10 38 6 45 48 25 3 47 14 9 26 33 1 28 0 48 45 24 16 18 48 48 7 45 13 43 39 42 32 3 14 25 11 34 10 21 12 6 14 22 18 40
41 36 15 29 24 26 27 36 49 28 7 2 48 30 33 30 3 1 3 4 21 29 20 17 30 29 31 7 39 26 26 11 21 48 45 22 19 24 16 44 7 49 25 4 0 25 26 2 9 37
26 6 49 11 1 12 37 10 4 48 24 6 42 9 7 30 45 48 2 36 11 21 38 40 17 15 35 4 4 21 5 25 29 34 34 6 5 30 29 48 30 35 4 7 29 30 7 40 11 33
12 34 10 35 12 28 15 11 12 23 9 37 33 41 43 48 31 46 8 35 49 1 11 49 1 18 49 21 14 12 10 19 14 43 14 42 35 29 43 45 49 42 40 16 50 20 37 3 42 16
37 26 49 33 22 3 1 50 7 44 9 43 38 39 31 47 24 6 15 13 9 2 43 41 4 14 45 50 35 4 13 26 11 33 23 36 9 22 16 11 18 27 16 43 6 6 40 23 37 7
34 28 3 45 16 3 44 38 22 21 17 0 34 50 8 15 14 46 13 9 5 23 11 37 18 9 49 11 15 9 2 14 36 13 45 35 46 20 2 3 9 42 49 44 50 27 28 17 5 4
11 31 46 38 50 1 47 14 7 21 8 50 26 37 30 33 32 14 5 35 26 8 26 40 14 0 35 22 4 2 12 37 26 17 28 14 36 8 41 12 1 5 28 32 21 12 14 16 42 42
26 35 26 6 29 18 13 33 31 12 14 28 40 42 30 15 14 48 30 49 43 21 17 35 42 36 2 42 48 21 43 35 1 13 41 47 45 2 8 29 2 36 33 42 17 25 16 6 32 32
4 0 1 13 45 39 6 16 39 43 32 1 46 46 27 41 38 49 23 21 4 32 34 12 46 34 2 42 17 29 13 29 42 37 26 8 41 38 14 9 38 39 48 6 11 32 39 44 3 9
35 20 12 19 31 29 45 50 42 36 12 50 43 20 34 18 50 7 9 24 9 27 46 38 46 15 41 9 23 18 48 49 44 39 37 22 48 11 8 46 40 6 33 26 44 8 11 33 26 16
33 23 49 4 9 28 23 22 35 28 48 32 0 19 9 45 7 48 5 29 2 12 43 30 6 45 47 38 2 22 3 48 27 34 2 33 18 38 6 39 37 6 2 17 45 42 44 15 26 2
29 8 22 14 8 43 27 13 13 49 14 9 36 29 19 15 0 13 49 29 8 5 44 3 11 2 10 0 12 6 10 11 2 35 11 19 20 43 40 22 16 18 38 24 12 39 20 4 1 31
48 17 47 41 14 17 19 11 19 26 18 31 5 49 23 23 18 14 22 38 15 14 1 11 49 26 13 14 27 12 4 26 21 43 47 36 44 34 17 20 41 16 46 5 11 20 16 49 42 17
23 40 23 36 49 9 28 46 26 37 34 16 37 46 42 42 22 41 12 49 41 33 17 7 35 19 13 3 27 48 37 42 33 21 5 1 29 40 19 16 9 3 42 11 26 32 3 27 31 28
12 18 28 36 15 43 27 50 17 23 18 46 40 26 44 21 25 44 1 46 43 17 24 11 10 36 43 41 0 11 50 9 17 4 7 29 16 23 37 12 14 28 6 48 14 9 25 42 50 1
33 19 9 45 40 31 26 21 24 36 38 37 43 38 50 12 49 38 46 13 7 11 37 47 49 40 18 45 33 40 4 7 6 39 49 47 47 3 23 44 42 50 18 8 50 38 28 10 6 23
2 32 19 12 31 37 29 26 27 48 29 38 4 9 28 6 37 19 24 32 33 21 37 37 24 33 40 0 6 41 10 42 12 46 31 48 49 26 24 9 23 10 43 26 42 40 47 36 12 45
45 13 19 22 48 46 40 13 34 14 48 8 23 46 6 47 31 45 39 41 41 24 2 17 37 35 18 41 26 46 21 44 25 41 44 19 26 15 42 34 26 30 41 10 16 38 39 3 12 36
42 15 44 42 21 28 31 28 36 31 1 29 33 46 27 0 8 29 13 29 8 10 20 8 22 48 18 24 37 11 6 15 2 37 39 13 28 16 43 37 22 23 39 42 6 6 11 33 37 35
41 33 29 34 10 15 11 27 49 12 49 1 7 6 26 16 9 6 15 32 38 12 31 5 5 9 17 48 24 26 27 44 39 36 21 44 0 6 27 17 32 30 32 21 10 17 23 13 7 20
5 39 30 1 49 21 39 3 39 33 1 25 24 31 3 29 30 4 2 14 19 48 20 48 36 43 50 37 3 48 6 50 34 21 16 34 49 37 1 30 28 39 5 26 6 47 44 22 3 9
25 21 11 28 13 49 13 47 23 26 41 43 36 44 31 8 39 9 19 3 22 46 42 27 21 45 44 3 8 44 33 30 47 27 43 29 25 12 26 0 20 14 26 16 35 10 48 15 7 4
35 24 35 13 17 22 9 38 4 47 23 20 15 3 20 43 40 21 41 32 6 24 38 40 37 17 4 7 8 37 31 38 31 44 1 28 49 24 33 48 20 30 25 37 34 17 17 41 4 39
17 34 45 28 6 15 15 31 29 29 33 42 45 45 22 31 17 32 50 50 49 8 31 23 20 29 25 13 35 35 22 31 32 13 32 29 10 32 17 45 31 23 44 9 1 29 50 8 21 32
48 2 3 49 37 17 49 6 1 29 30 50 38 13 41 48 50 16 20 5 3 16 13 5 14 38 23 48 40 18 18 49 10 32 34 31 32 28 9 10 13 21 40 32 44 10 14 2 15 49
46 19 26 38 49 16 12 41 23 8 3 15 16 1 45 40 44 31 45 44 7 15 46 41 31 32 26 16 46 16 8 23 37 45 42 10 30 0 21 42 14 32 10 25 47 16 44 49 29 27
29 2 46 9 48 16 8 32 13 24 34 9 31 2 43 32 17 16 36 48 40 34 6 40 36 43 12 21 0 49 29 47 26 7 10 7 49 27 17 13 11 50 9 49 1 43 36 23 19 35
22 11 13 42 37 34 9 5 9 49 30 27 50 50 11 50 43 6 44 5 47 19 42 50 30 18 41 12 48 38 35 3 41 32 50 40 44 14 7 7 28 7 26 31 0 47 43 25 47 29
17 42 47 40 25 33 45 24 41 4 38 5 7 45 23 33 14 23 32 28 37 34 3 10 5 6 46 6 23 2 47 33 28 12 12 34 22 39 8 4 7 50 11 33 38 38 15 38 1 18
47 47 33 6 3 2 18 46 18 11 39 46 24 6 37 1 22 28 30 42 43 38 39 9 28 43 43 14 18 37 28 41 18 0 48 42 49 23 48 42 24 24 31 26 44 38 4 22 28 25
2 3 50 30 37 2 9 21 29 36 6 25 30 43 39 24 45 23 30 26 49 31 20 9 18 31 9 9 39 4 0 36 8 9 36 22 43 41 5 26 16 26 22 16 28 4 45 19 0 24
0 1 0 1 0 0 1 0 1 1 1 0 1 0 0 1 0 0 0 0 1 0 1 1 1 0 0 1 0 0 1 0 1 0 0 1 1 1 0 0 0 0 1 0 0 0 0 1 0 0
1 0 0 0 0 1 0 0 1 1 0 0 1 0 0 1 0 1 1 1 0 0 1 1 0 0 1 0 1 0 0 0 0 0 1 0 1 1 1 1 0 1 1 0 0 1 0 1 0 0
0 0 0 1 0 0 0 0 0 0 1 0 0 1 0 0 1 0 0 0 0 1 1 0 1 1 1 1 1 0 0 1 0 1 0 0 0 1 1 0 1 1 0 1 1 0 1 0 1 1
1 0 1 0 1 1 0 0 0 1 1 0 1 0 1 0 1 1 1 1 1 0 0 0 0 1 1 0 1 1 0 1 0 0 1 0 1 1 0 0 0 0 0 0 0 0 0 1 1 0
0 0 0 1 0 1 0 1 1 0 0 1 0 0 0 0 0 0 1 0 1 0 1 0 0 1 0 1 1 0 0 1 1 1 1 0 1 0 1 0 0 0 1 0 1 1 0 1 0 1
0 1 0 1 1 0 0 1 0 0 0 1 0 0 0 0 1 0 0 1 1 1 1 1 1 1 1 1 0 0 1 0 1 1 0 1 0 0 1 0 1 1 0 0 1 0 1 1 1 1
1 0 0 0 0 0 0 1 0 0 0 0 0 1 1 1 0 0 0 1 0 1 1 0 1 0 1 0 1 0 0 0 1 1 1 1 0 1 0 0 1 0 1 0 0 1 0 0 1 0
0 0 0 0 1 1 1 0 1 1 0 1 0 1 0 1 1 1 1 1 0 1 0 1 0 0 0 0 0 1 0 0 0 0 1 1 1 1 0 1 0 1 0 1 1 0 0 1 1 0
1 1 0 0 1 0 0 1 0 0 1 1 1 0 0 1 1 1 1 1 1 0 0 1 0 1 1 0 1 1 1 0 0 1 1 1 1 0 0 1 0 0 1 0 0 1 0 1 0 0
1 1 0 1 0 0 0 1 0 0 1 0 0 1 0 0 0 0 1 0 1 0 1 0 0 0 0 1 1 1 0 1 1 0 0 0 1 0 0 0 0 1 1 1 1 0 0 1 1 0
1 0 1 1 0 0 0 0 1 1 0 1 0 0 0 1 1 0 1 0 0 1 1 0 1 0 0 0 1 0 0 1 1 0 1 1 0 1 1 0 0 0 1 1 0 0 0 0 0 1
0 0 0 0 1 1 0 1 1 0 1 0 0 0 0 1 0 0 0 1 0 0 1 1 1 1 1 1 1 1 0 0 1 1 1 0 0 1 1 1 1 1 0 0 1 0 1 0 0 0
1 1 0 1 0 0 0 0 1 0 0 0 0 1 1 0 0 0 0 1 1 1 0 0 0 0 1 0 0 0 1 0 0 1 0 0 0 1 1 1 0 1 1 0 0 0 1 1 1 0
0 0 1 0 0 0 1 1 0 1 0 0 1 0 1 0 1 1 0 0 1 0 1 0 0 0 0 0 1 1 1 0 1 0 1 1 1 0 0 0 0 1 1 0 1 0 1 0 1 1
0 0 0 1 0 0 1 0 0 0 0 0 1 1 0 0 1 1 0 0 0 0 0 1 0 1 0 1 0 1 1 1 0 0 1 1 1 0 0 0 1 1 1 1 0 1 1 1 0 0
1 1 0 0 0 0 1 1 1 0 1 1 0 0 0 0 0 0 0 1 1 0 0 0 0 0 1 0 0 0 0 1 1 0 0 1 0 1 1 0 1 1 0 1 1 0 0 1 0 1
0 0 1 1 0 1 0 1 1 0 1 0 0 1 1 0 0 1 1 1 1 1 0 0 0 0 1 1 0 1 0 0 1 0 1 0 0 1 0 0 0 1 0 1 1 0 0 0 1 1
0 1 0 1 0 0 0 1 1 0 0 0 0 1 1 0 1 0 1 1 0 0 1 1 1 0 1 1 1 1 1 0 0 0 0 1 1 0 0 1 0 0 0 1 0 0 1 0 0 0
0 1 0 1 1 0 0 1 1 1 1 0 0 0 0 0 1 1 0 0 0 1 0 1 1 0 0 0 0 0 0 1 1 1 1 1 0 1 1 0 1 1 1 1 0 1 0 0 1 1
0 1 0 1 0 1 1 1 1 0 0 1 1 0 0 1 1 1 0 0 1 1 1 0 0 0 1 0 1 0 0 0 1 1 1 1 0 0 1 0 1 0 1 0 1 0 1 0 1 1
1 0 0 1 1 1 0 0 1 1 0 0 1 1 0 1 1 0 0 1 0 0 0 1 0 1 1 1 0 1 1 0 1 0 0 0 0 1 1 1 1 1 0 0 0 0 0 1 0 1
0 0 1 0 0 1 1 1 0 0 1 0 1 0 0 0 1 0 1 1 0 0 1 1 1 1 0 0 1 0 0 0 1 0 1 0 0 0 0 0 0 1 1 0 0 1 0 1 1 1
1 1 1 0 1 1 1 0 0 1 1 1 0 1 0 0 0 1 0 1 0 1 0 0 0 1 1 1 1 1 0 1 1 1 1 0 0 0 1 1 0 0 1 1 0 0 0 0 1 1
1 1 0 0 0 1 0 1 1 0 0 1 0 0 1 0 0 1 1 0 1 1 0 0 1 0 1 0 1 1 1 0 1 0 1 1 0 0 1 1 0 1 1 1 0 0 0 0 1 0
1 0 1 0 0 1 1 0 0 0 1 1 0 0 0 0 0 1 1 0 0 1 0 1 0 0 1 1 1 1 1 1 1 0 1 0 0 0 0 1 1 0 0 1 0 0 0 1 0 0
0 0 1 1 1 1 0 0 1 0 0 1 0 0 1 0 0 0 0 0 1 1 1 0 0 0 0 1 0 0 0 0 0 1 1 0 0 1 1 1 0 1 0 0 1 1 1 1 0 0
0 1 1 1 0 1 1 0 1 0 0 1 1 0 0 1 1 1 0 1 1 0 1 1 1 0 0 1 1 1 1 1 0 0 1 0 1 1 0 0 1 1 0 1 0 1 0 1 1 1
1 0 1 0 1 1 0 0 0 1 0 1 0 0 1 0 1 1 0 0 1 0 1 0 1 1 1 0 0 0 1 1 1 1 0 0 0 1 0 0 1 0 1 1 1 0 0 1 1 0
0 1 1 1 1 0 1 0 1 1 1 1 0 1 0 0 0 1 0 1 0 1 1 1 1 0 1 0 0 0 0 0 0 0 0 1 1 1 0 0 0 1 0 1 0 1 1 1 0 0
0 0 0 1 0 0 0 1 1 1 0 1 0 1 1 0 1 1 0 0 1 0 1 1 1 0 1 0 0 0 0 0 1 0 0 1 0 0 1 0 0 0 0 0 0 0 1 1 0 0
1 0 0 0 0 1 0 0 1 0 0 0 1 1 1 0 0 1 0 0 1 0 0 1 1 0 1 1 0 0 0 0 1 1 0 1 1 0 0 0 0 1 1 1 1 0 0 1 1 0
0 0 1 1 1 0 0 0 0 1 1 0 0 0 1 1 0 0 1 0 0 0 1 0 1 0 1 1 0 0 0 0 1 1 1 1 0 1 1 0 0 1 1 0 0 1 0 1 0 1
1 0 0 0 1 1 1 0 0 1 1 1 0 1 0 1 1 0 1 1 1 1 1 1 1 0 0 1 0 1 1 1 0 1 1 1 1 1 0 0 0 0 1 0 1 0 0 0 1 1
0 0 1 0 1 1 1 0 1 0 0 1 1 0 0 0 0 0 1 1 0 0 1 0 0 1 0 1 0 0 1 1 1 0 1 0 1 0 0 1 1 1 0 0 1 1 0 1 0 0
0 1 0 1 1 0 1 1 1 0 1 1 0 1 1 0 1 0 1 1 0 1 1 1 1 1 1 0 0 0 0 1 1 1 0 1 1 1 0 1 1 0 0 1 0 0 0 1 0 1
1 0 0 0 0 1 1 1 1 0 1 0 0 1 1 1 0 1 1 1 0 0 0 1 0 0 0 0 1 1 1 1 1 0 1 0 1 1 0 1 1 0 1 1 0 0 1 0 0 0
1 1 0 1 1 0 0 1 1 1 0 0 0 1 1 0 0 1 0 0 0 0 0 0 0 0 1 0 1 0 1 0 1 1 1 1 0 1 1 1 0 0 0 1 1 1 1 1 0 1
1 1 1 1 0 0 1 1 0 0 1 1 1 0 0 1 1 0 1 0 1 0 0 0 0 1 1 1 1 0 0 1 1 0 1 1 1 0 0 0 1 1 0 1 1 1 0 0 1 1
0 1 1 0 1 1 0 0 0 0 1 1 1 0 0 1 0 0 1 1 1 0 1 1 0 1 0 0 0 1 0 1 0 0 0 0 1 0 0 0 1 0 0 1 0 0 0 1 1 0
0 1 0 0 0 0 0 1 1 0 0 1 1 0 0 0 0 1 0 0 1 0 1 1 1 1 0 0 0 0 0 0 0 1 1 1 1 0 0 0 0 0 0 1 1 0 1 1 0 0
0 0 1 0 0 1 1 0 0 0 0 1 0 0 1 1 0 0 1 1 1 0 0 0 1 0 1 1 0 0 0 0 0 1 1 1 0 1 1 0 0 1 0 0 0 0 1 1 0 1
0 1 1 0 0 1 0 1 0 1 0 1 1 1 1 1 1 0 1 0 1 1 0 1 0 1 1 0 1 0 1 1 0 1 0 0 0 1 0 0 1 0 0 0 0 0 0 0 0 1
1 1 0 0 1 0 1 0 1 1 1 0 1 1 1 0 0 0 1 1 0 1 1 1 0 0 0 1 0 0 1 1 1 0 0 1 0 0 0 0 0 0 0 1 0 1 0 0 0 0
0 0 1 0 0 0 0 1 0 1 1 0 0 0 1 1 1 1 1 0 0 0 1 1 1 0 1 1 1 0 1 0 0 0 1 1 1 1 1 1 0 0 1 0 0 1 0 0 1 1
0 0 1 0 1 1 0 1 0 1 0 1 0 1 0 1 1 0 0 1 0 0 0 0 0 1 0 1 0 0 1 0 1 1 0 0 1 1 0 1 0 0 0 0 0 0 0 1 0 0
0 1 0 0 1 0 1 0 1 0 0 0 0 0 1 0 0 0 1 0 0 1 0 0 0 1 1 0 1 0 0 1 0 1 0 0 1 1 0 0 0 0 1 1 0 0 1 1 0 1
0 0 1 0 0 1 0 0 0 0 0 1 1 1 1 0 0 1 0 1 0 0 0 0 0 1 0 0 1 1 0 0 0 0 0 1 1 0 0 1 1 0 0 0 0 1 0 0 0 1
1 1 0 1 1 1 0 1 1 1 0 0 1 0 1 1 0 0 0 0 1 1 0 0 1 1 1 1 1 1 1 1 0 1 1 0 1 0 1 1 1 0 0 0 1 1 0 0 0 1
0 0 1 1 0 1 1 1 0 1 0 0 1 1 0 0 1 0 1 1 0 1 1 1 0 0 1 1 0 0 1 0 1 0 0 0 0 1 1 0 0 0 0 1 0 0 0 0 0 1
0 0 1 0 1 1 0 0 0 0 1 0 0 1 0 1 1 0 1 1 1 1 1 0 0 0 1 0 0 0 0 1 1 0 1 0 1 1 0 0 1 1 0 1 0 1 1 1 1 0
