30 30
24 1 48 37 28 3 77 72 9 100 44 92 7 20 3 67 63 33 31 98 47 14 10 3 63 14 81 31 45 34
12 2 21 23 10 23 4 17 14 30 9 22 11 18 24 26 11 23 3 8 28 6 13 6 26 18 12 30 7 28
26 13 30 30 14 1 7 23 19 15 20 18 24 25 16 13 5 26 0 20 20 9 0 27 27 7 11 10 5 2
24 23 18 26 29 3 0 17 6 20 10 7 12 20 1 2 18 25 21 6 10 30 18 25 4 23 25 28 28 9
16 21 6 6 17 4 18 3 22 7 24 14 25 11 2 24 2 30 24 18 21 11 28 28 10 4 7 23 26 21
13 2 16 11 0 12 1 30 23 21 21 21 30 5 27 26 24 5 28 0 2 15 0 20 2 28 25 23 24 3
16 21 17 29 19 30 16 7 0 29 7 2 16 20 28 9 18 27 12 16 10 0 7 7 13 12 11 22 15 15
25 28 28 9 11 22 19 23 25 23 11 21 6 23 7 27 17 0 4 27 19 29 4 10 20 20 26 14 16 1
26 14 1 7 21 13 18 4 27 7 14 13 14 4 30 11 11 25 10 15 7 9 29 6 11 14 27 14 10 26
13 15 16 21 21 8 24 30 4 11 12 26 28 20 5 11 20 22 1 26 5 13 4 7 9 27 28 25 13 22
8 26 18 26 0 22 15 19 0 4 4 9 27 9 24 11 27 6 13 10 10 3 8 23 9 18 24 8 13 18
29 22 11 26 1 7 18 8 12 13 9 16 11 27 5 18 21 12 25 15 2 24 6 27 29 6 15 18 25 17
8 23 29 26 29 0 9 9 15 16 4 13 22 17 9 25 13 28 7 24 9 28 17 5 26 24 26 2 6 16
7 8 0 20 24 6 4 21 5 3 2 15 16 22 19 12 23 27 22 11 26 11 21 0 4 0 20 15 19 8
23 3 12 11 15 29 8 26 29 23 11 17 8 16 3 8 30 12 3 12 3 8 6 8 9 24 5 13 0 10
0 20 7 12 29 0 27 4 7 4 1 15 25 13 22 19 1 30 6 10 24 0 22 19 18 13 3 7 16 29
29 20 30 9 2 21 17 23 14 13 11 19 5 25 10 28 24 2 27 14 11 14 5 25 4 24 20 16 12 8
27 5 20 23 16 9 15 16 9 28 19 24 19 9 25 24 22 8 4 29 3 21 19 19 28 20 19 10 7 12
2 7 9 28 27 20 25 19 25 14 29 29 29 9 20 14 12 21 3 20 11 19 3 24 4 12 5 21 24 5
19 16 3 11 11 28 18 27 17 18 6 14 22 7 18 3 11 28 0 21 2 8 1 26 26 0 17 7 22 18
19 25 16 23 16 0 23 7 14 19 2 24 17 22 6 1 19 23 29 12 28 16 17 5 29 15 4 13 17 18
26 12 14 11 8 6 4 20 24 12 6 20 27 22 8 9 22 28 9 21 28 0 3 25 3 20 14 5 8 16
4 25 8 25 9 23 26 3 8 15 30 5 15 7 27 2 3 28 20 17 16 25 15 2 10 21 2 14 18 29
22 24 30 11 8 17 4 0 3 26 5 18 19 25 19 23 10 12 24 0 20 27 19 27 0 15 21 0 7 17
2 13 7 13 7 26 14 19 8 18 0 21 25 24 10 19 8 12 5 25 12 7 8 14 20 29 14 9 21 26
26 25 25 28 13 14 30 10 20 9 26 18 22 20 13 15 29 30 19 21 10 17 23 5 29 5 10 20 19 28
8 7 30 2 22 30 27 3 8 23 2 30 3 3 16 24 16 7 19 4 25 16 29 14 10 11 10 25 18 14
14 18 4 12 2 7 12 13 3 13 0 4 13 10 9 4 7 7 18 30 8 11 28 21 0 16 26 19 11 8
3 12 1 16 25 4 12 12 15 17 2 15 4 13 26 16 30 4 16 27 25 10 15 27 18 17 30 21 6 20
20 21 21 20 23 11 25 5 28 9 21 24 11 4 14 10 9 12 13 12 16 29 22 26 7 4 0 18 15 26
29 10 6 17 3 7 18 5 25 8 5 4 16 5 17 4 19 26 6 10 4 21 29 22 20 5 19 30 22 25
0 28 1 25 0 17 8 28 8 1 7 8 21 2 22 10 27 19 29 9 10 10 13 26 22 0 3 15 30 2
28 0 12 26 17 10 23 28 13 24 6 20 6 26 20 2 12 14 18 13 18 14 1 16 21 6 25 14 13 7
1 12 0 13 17 23 15 3 13 19 8 24 2 20 14 5 15 26 20 0 0 19 14 26 8 25 11 18 15 27
25 26 13 0 5 27 1 9 24 7 18 24 5 12 28 26 19 17 30 27 6 1 10 10 26 18 14 0 24 21
0 17 17 5 0 16 24 19 18 19 28 1 16 23 0 17 16 15 9 5 14 23 26 8 19 4 26 1 5 26
17 10 23 27 16 0 20 14 17 0 11 9 1 2 4 25 0 24 16 1 27 3 5 0 12 23 28 1 14 21
8 23 15 1 24 20 0 26 18 4 23 25 20 23 1 30 23 11 14 30 22 7 20 28 20 18 6 6 1 5
28 28 3 9 19 14 26 0 22 6 16 5 0 21 2 22 16 26 2 12 3 23 2 2 6 21 1 12 5 15
8 13 13 24 18 17 18 22 0 11 11 9 29 24 12 25 3 16 13 24 19 2 8 15 30 26 17 17 25 15
1 24 19 7 19 0 4 6 11 0 7 24 6 4 23 3 16 8 15 7 15 16 15 16 5 6 7 29 26 11
7 6 8 18 28 11 23 16 11 7 0 20 20 29 21 9 13 30 7 23 19 18 12 29 2 15 3 9 6 23
8 20 24 24 1 9 25 5 9 24 20 0 25 13 7 19 28 25 10 24 2 11 6 21 20 8 19 16 0 29
21 6 2 5 16 1 20 0 29 6 20 25 0 2 6 28 18 16 4 16 13 22 6 18 22 18 1 19 1 3
2 26 20 12 23 2 23 21 24 4 29 13 2 0 30 4 20 30 0 26 25 20 11 28 12 26 11 21 27 12
22 20 14 28 0 4 1 2 12 23 21 7 6 30 0 21 7 10 14 17 12 18 15 3 29 23 6 12 10 14
10 2 5 26 17 25 30 22 25 3 9 19 28 4 21 0 8 12 20 21 9 20 0 6 4 0 18 1 30 20
27 12 15 19 16 0 23 16 3 16 13 28 18 20 7 8 0 0 18 22 26 29 22 6 14 14 14 22 4 29
19 14 26 17 15 24 11 26 16 8 30 25 16 30 10 12 0 0 15 16 5 12 25 4 28 28 5 24 1 25
29 18 20 30 9 16 14 2 13 15 7 10 4 0 14 20 18 15 0 28 10 7 2 30 0 1 20 5 17 20
9 13 0 27 5 1 30 12 24 7 23 24 16 26 17 21 22 16 28 0 14 9 13 23 6 6 16 30 8 4
10 18 0 6 14 27 22 3 19 15 19 2 13 25 12 9 26 5 10 14 0 8 10 27 23 3 3 3 18 26
10 14 19 1 23 3 7 23 2 16 18 11 22 20 18 20 29 12 7 9 8 0 3 27 14 4 23 5 10 9
13 1 14 10 26 5 20 2 8 15 12 6 6 11 15 0 22 25 2 13 10 3 0 15 17 4 2 1 20 13
26 16 26 10 8 0 28 2 15 16 29 21 18 28 3 6 6 4 30 23 27 27 15 0 11 21 21 30 7 29
22 21 8 26 19 12 20 6 30 5 2 20 22 12 29 4 14 28 0 6 23 14 17 11 0 5 1 26 5 17
0 6 25 18 4 23 18 21 26 6 15 8 18 26 23 0 14 28 1 6 3 4 4 21 5 0 19 29 1 25
3 25 11 14 26 28 6 1 17 7 3 19 1 11 6 18 14 5 20 16 3 23 2 21 1 19 0 8 8 13
15 14 18 0 1 1 6 12 17 29 9 16 19 21 12 1 22 24 5 30 3 5 1 30 26 29 8 0 30 30
30 13 15 24 5 14 1 5 25 26 6 0 1 27 10 30 4 1 17 8 18 10 20 7 5 1 8 30 0 6
2 7 27 21 26 21 5 15 15 11 23 29 3 12 14 20 29 25 20 4 26 9 13 29 17 25 13 30 6 0
