1000
830143657 325497057
261659492 812875610
399056164 621413988
129334602 323336505
151027097 579454996
671675712 207754824
837195332 834183838
223153449 73519113
377573510 569857975
685290406 263145544
564886632 564886632
440276604 204285340
85310720 60207451
97813300 559470926
237346307 372297342
911087435 171203980
773860041 451374509
440699623 251400954
878554605 34023460
397708170 107592964
432986538 661345358
950096322 859610958
783968209 602008424
432223715 262798288
910944302 803601284
696683143 946289804
606348766 823844828
635167870 279261344
231816963 829244877
556749683 141245750
653553990 322938633
116280085 520606100
932389055 655784085
470457159 586691289
99234386 969267856
699307542 664147064
188611818 878959051
600154862 861349073
673824340 846014064
760617260 800223500
633071842 285552334
549634916 912639872
189239280 660755315
998733861 754454442
272930480 395632332
355624104 694707552
925519478 463105340
668947388 517262630
424522419 524623770
670560504 128387349
745211466 42357327
337011880 515740030
989730508 663529346
21946945 925941340
947317614 417850582
426611812 132724537
987059283 173243245
362385901 612422401
909802791 323013541
423952445 937921645
216946847 822126879
122536912 669277178
97371732 175823330
728171006 600301020
122384848 994034514
754479171 87796908
775716140 6761411
637950149 182427269
353036059 511824161
607381521 389034595
7862625 396261489
58850729 110135671
649887157 772035448
322756308 559809008
886466262 73661718
807830665 925045755
711946758 509746725
220358455 58371561
716292635 774286705
853068378 734599630
889797963 8665109
635602713 767862876
39914065 850248370
246724113 825310767
524310624 920304672
678980072 256738918
353122339 412808198
902590770 902590770
25489335 753772469
61634476 485455485
427069474 282808548
117074594 803142560
214608856 295665888
530465046 530465046
438458953 652021755
930357892 465178946
841366779 462801428
890773119 467793385
395583840 988959600
985417007 617485251
989293695 219178175
864054946 78728848
93833020 959552242
654798013 313962989
964531310 660319712
999797851 42291213
761221729 498171241
102574113 775911462
628449641 606065755
916908475 945255336
145169517 661177776
109707078 361644512
227224452 516816928
418721472 864594689
609243038 610164160
141434166 653075243
644194184 35531678
962542873 233779375
573542134 131741863
260246085 150116519
714384475 563114765
31067291 900951439
955524295 142805630
847867308 376342573
893809275 230878870
966362616 338454804
312012146 36427814
728530752 364265376
738969182 225058930
207043595 233837472
855268616 117869932
281474628 655897264
29589932 936056640
659220883 768697743
61872422 98790529
372702728 482733473
810643912 812904402
637451877 74380809
872178960 234650476
50797399 104321377
305248968 424961112
92622138 702709352
326136381 885295094
935863276 970817834
508768975 978401875
876176282 738763432
268419847 502197149
273419155 93517765
848378772 523323708
709253848 148026857
191113535 581766800
936136319 922518334
146792310 273257949
830342383 467112432
220089439 210780401
128740415 363460870
90578730 659645140
751880151 425757306
347273010 927163814
234514333 920180393
309317080 629109310
150095145 590733540
757876774 391476183
77668861 305253512
972614945 786720250
39740925 143805776
854355436 201091560
651136111 669610246
271338167 183865128
605493825 424881975
356381890 842519
500002105 563733710
517626478 258813239
9858875 965247105
831212624 226694352
824467825 768280768
438500716 393314803
447328964 181349580
414799455 936261627
474564120 513482073
949954442 875055516
387373616 482031625
14286336 497455536
292867516 951819427
996229197 351124210
753864779 643314791
805622045 514832920
944332485 886778180
24425924 756418080
894719225 971812975
808209897 627015371
335726299 948628889
68561639 385485451
635250900 972149940
741024948 211365939
893828199 578509732
478593656 478593656
274679212 214609804
34718215 984132135
811363488 954545280
804915556 13445858
35242263 736691218
912413570 337049706
331582038 600980377
749481959 263636870
83980377 290406049
174608599 950880753
883182600 826167005
601209297 519077847
903408175 648702855
314717111 755218831
4792190 515307877
382061202 229851720
709038035 781896025
35523675 534459420
21580674 123780847
4422430 464645039
860491175 323320415
523761996 228818270
579119440 613501030
572895860 817171776
112245152 35826039
512535429 478205874
161201274 862322234
958525510 523620575
884033062 157786075
505695810 312691825
410784287 58950583
815835350 192803104
97693412 223880972
346725778 912776104
770139517 744616086
799024197 521512607
150197627 256709869
824133552 313932129
207597827 158604396
617609862 403104548
47943272 300000060
959786735 868865532
940079222 92439743
473424870 867945595
954421122 944834804
473303579 468152026
138009361 608208436
52487588 589947883
699484175 142841230
860855991 342274554
148023152 511001341
910916459 37598000
867358412 359933271
935857529 687922687
625112578 822077179
770257266 256752422
457288132 321885014
143951229 516227281
95213081 30696882
141955699 574199186
982708728 126860244
299292900 815871297
317235804 588059908
400258420 497219924
483138405 646744250
9188347 41248364
203323232 88953914
270541132 197344052
675379910 536765650
981343615 991379835
755875233 97391754
320560950 191186372
883740781 538224193
675425696 492202524
958763763 458539191
559377388 821961076
260321584 414561760
120297281 563110033
926060284 76975115
786986391 146079585
555149391 168515874
742458360 535013826
736348540 36987957
799539897 316329838
914871902 769755901
91896280 223176680
151594004 640275421
177566694 7733930
728790395 570692993
313695144 729895803
307008585 975587496
409100395 372098958
675007506 171301359
559894260 357451125
828556685 229888560
627309399 161310040
201675662 94554181
230807273 461614546
429050012 749861816
329289974 801928391
340888381 795122014
514646547 858501933
680490496 282525072
125902085 752309185
754604358 28860873
610045673 496467112
486366705 692583086
997215522 239132487
460727589 860746616
692716952 466438364
379519101 783488112
653215484 21325118
534852447 854764191
319468770 255575016
300247622 814090496
448529561 337469469
104220724 970986726
839406328 236945092
935938710 547506712
852629055 56266815
70945824 27930867
826896492 444726184
480190543 471844598
873904651 811891940
936298396 857465304
200168218 547945865
565932367 426072647
727923490 816201987
715491560 328223070
827562128 634590244
284532184 633965285
586905091 863978386
899616642 529635323
56134717 145490718
809767804 66432380
935547662 59491530
799402332 330489260
958782812 575371644
231264168 313717702
39101167 101438521
328187058 458204343
283883820 434295543
70079410 519659842
429988784 636634500
584683270 907625826
151822888 731909723
488590336 258174940
219314606 299530232
204932134 409864268
661378048 956414232
410678719 289260169
326295916 462038072
771777635 960098434
404896766 489066026
131401118 615248711
775401145 298946905
470586868 221311953
735371783 551100341
752066888 420197981
36036564 827671215
369267046 121521587
340709194 949497743
243610640 965220942
275917926 827753778
51994890 684279775
418119836 367076407
405538020 233252615
338686394 168823640
102683449 42832063
619395991 445727100
942036300 938957750
456625060 934042938
747474518 554609391
30315480 503067164
99320720 111798755
915218772 600004659
502731792 877748386
525514952 880803362
422065762 518683614
969542532 69253038
835237975 199577535
210602391 779918681
961961205 1631517
602365492 223587560
397540905 666519575
678653102 52681946
126323339 1056678
142460245 340968982
881679892 116911914
556965978 713331342
111314691 259327423
819135305 87371385
812090708 643064524
542362712 542362712
746361040 35313165
133577294 526923200
590938172 140233577
890605507 44982238
622607660 147734725
704454929 598714483
373272757 411913984
311121201 308552009
786653979 725121537
191480087 654738362
36976990 586316094
621324076 752751092
371904833 677377083
831021091 711063294
930372451 427755116
866449180 376556292
436470734 718720857
4140415 128352865
541079526 215893782
221426048 306224780
895899526 45945379
454660863 643531637
714965859 541878432
532519870 469174824
129906294 480731076
253635837 507271674
454039104 676400274
935013235 979230227
425452602 141817534
5062209 868994191
760930068 263066158
265335984 265335984
485359955 970719910
39696737 259708734
130347792 521391168
284616349 433574516
481026256 168406700
442938930 990981608
945952211 879138237
24621052 172347364
462278275 670691546
358452186 142867314
529031086 91767384
559160838 642192181
646943492 360042699
712834516 900440200
421634772 829370557
55568837 318720523
754392133 53973889
592529060 463631155
473737296 769577446
500784173 60743583
457138685 331316280
917601589 917601589
228313795 456627590
693212588 48204616
173653665 257638293
591819753 743599926
422024985 871340461
945981817 889381074
241733577 262519437
819701860 242144335
614433984 838618798
428882438 619562733
574524346 992360234
704831284 819264924
694259908 868157853
199767567 252712885
527212294 91236868
57082288 494051676
557461316 968754904
518809609 568152094
508859960 508859960
333625848 735944569
716767959 234312600
244035609 780137027
902151612 68273066
49883590 743630487
596390790 319106130
995692716 891679765
203241702 765634796
618437215 955968895
234058385 268103241
142953032 641751312
180333475 689016810
868582248 867689802
21344035 335940219
527951190 785158180
125322607 67512736
972486060 36868977
437450140 868459604
988481039 96115018
533762852 989307106
32056241 120275192
314046105 398285855
933893265 690562464
958374155 31087705
772493049 270308513
277734732 499941567
948897335 391507274
433279720 292832465
163957912 771808965
416694741 344605934
807219073 564661320
707984445 8540390
287115750 172139657
975253150 73986850
246238817 174353317
696438282 503748934
341241241 294142812
214457670 26551902
31799741 381596892
704926165 648004198
613566480 406858320
386330340 839484248
133416225 61865058
427472960 981851955
504219765 194913084
418499157 954238785
85631340 993781935
624770100 11801213
450547152 306579592
515976570 533137912
835171115 790262843
450739627 677439246
482086671 907702440
223600365 857274796
572944614 777451730
172366240 781258655
233630584 636210508
270454485 77098205
390716335 121629905
334824729 686704977
474756100 477886360
708427370 294612345
486392628 717553736
384861864 888728419
760407119 596737596
131913390 110381315
726766287 545843805
333944768 907063684
37739155 879353792
448483729 338819559
750698793 222429272
103175200 576720660
161269125 971749175
980175156 995548077
871817616 139967637
355100375 831431140
283016620 880597656
281907020 240242420
877035055 728163172
727169260 979371290
424005138 347373682
484135052 518142715
819780122 653235450
342369596 46991380
881619605 876045585
224884877 277017305
624727336 776997204
40990104 529652096
704866078 28097888
507774195 363294667
578326120 117490194
205212784 790619202
850393671 965307487
13097403 446766969
497188800 705444832
325668555 844816670
371508592 326346813
904057828 328616034
77078236 714959896
390353472 31710600
510879012 886194458
819364765 193551130
992244714 840288983
169850758 702943719
972911132 213616788
355737593 680484761
43387401 844096964
425822320 634309480
75086795 495799533
801671216 245407838
131577801 784199598
191463291 568261556
818389385 969152146
968543442 995154722
129709765 547214880
591288675 609348295
252743577 488309955
996752796 578828497
627329783 114186946
178471727 508265131
46689403 351399191
307730845 156530720
999580740 140605160
780492203 151515474
434792074 300355405
450423581 866225015
397137364 893510200
197077138 492692845
190103572 74079373
656754967 656754967
365756306 427539408
728521860 582340160
636064076 146856039
842260263 746379204
112267478 561337390
38209378 664211278
551659965 491644618
932213354 18154512
445638804 232603800
977266715 501053165
583386216 885056088
864619335 337054995
419848068 189429601
207923341 763497007
117906765 605774645
429820003 97154518
232393146 221858311
885387459 919052735
469364487 170461026
773805150 922931685
924164897 650325000
861897120 441771336
971827095 200502045
748786095 159637272
339350430 319388640
153814240 205389605
608064745 467295565
908146882 361588759
382265142 513070637
636571125 995892222
773026752 178346149
490375067 964933186
380629886 516108320
953462465 953656073
163162631 516816162
50848976 341851760
206214483 913897440
850877001 189083778
90173932 196287227
118348826 239285625
97606761 131360778
366700798 846847119
417518518 955348227
580141808 272379908
747494947 392590082
722277788 878154196
741929935 840079575
586405057 538699783
401387295 382471419
96281640 901679572
16167185 565062047
850192940 357905664
226460800 842930184
779713218 449288387
854699403 508816611
544522886 101560940
542860644 961392645
4257960 176823027
245430227 38894538
834734000 893962645
203318960 988162635
47893125 739831635
658082296 582491762
692024860 204117519
563755464 970912188
415358582 723125562
51719901 23728203
879384422 644769237
759136712 849723092
102041635 735757480
247024003 87280765
429332823 453601403
196650304 386196932
261748309 892427559
172910604 277701630
539198546 479288486
459388423 183268222
642474345 530556415
844671926 829708647
259020135 949740495
969160622 167995317
291217760 527493311
752244644 247639105
862600122 997608926
577683227 146468843
759464021 288992771
979997945 27277585
956069422 260746206
263970034 998241431
20839830 190400265
947187291 811287438
150858084 268304381
347067895 88583678
720427437 478795977
395703085 862781730
967331791 256363788
620405934 168537415
517779849 149792988
937691912 461961057
707141164 920327244
10868799 180990823
766427608 102304100
683923202 584748502
615081997 8926498
360002081 360002081
921853336 450892972
303876169 614877001
31497630 406507257
715009838 832415078
794560662 84796072
762699156 488365472
9454074 525853074
408729475 175169775
872710257 34935076
512982609 21941016
859292130 120025430
997819089 37895916
706882009 390634029
275408996 558796533
61811743 233687795
655182829 639677128
392062317 595797519
535371168 351337329
643849205 506548500
1483735 41745185
296576503 735721824
62430534 253920181
80860018 606450135
244181644 116012264
669324203 281623404
724372142 642409328
639007901 509028734
89974370 990727435
17052765 54283645
933816379 122381426
347026598 802183961
865783324 586053124
120301571 650273953
248757699 574349067
972249210 436710745
898596379 557824224
841081701 421296270
968201956 834059976
526883232 384046744
75792209 99997122
262395360 828323676
930514996 929038472
887490729 944920836
11344404 278198120
372032788 603798344
461350229 889036107
836696713 767018774
603143167 603143167
628329101 749111692
640168411 586695756
627392937 165670866
631189357 565702867
718832045 706368105
143361484 365372204
582155329 233348495
104348892 626621456
296885121 831809610
255284252 319105315
951701388 989828191
672751770 419058464
220424092 258760544
267723711 454237383
69280399 63805437
187331579 815012328
584447110 982833497
360314365 394439905
416856307 369242197
823971179 568370223
675556984 430559428
620715003 300525212
660652490 64531665
518555365 825132635
205073679 786506359
263603620 390860540
445234775 445234775
996891445 925165235
43453755 671695134
996659457 440965462
313449452 341183816
15219875 13154380
432383651 415129107
245448930 427791715
58565385 563317242
637199589 788252245
73383999 717430566
70825582 886924462
237115593 293013356
753724148 50029831
592163205 921160512
235042395 479814215
667342985 262199330
628064684 625829636
625318956 703933075
380030674 64557602
34908981 721934978
450071470 553345660
481657152 368200037
365278612 217127603
374089462 586410508
857023560 308911282
742498691 108780705
524139070 101277837
372191325 721743275
986363227 262430453
601121895 742107220
704420312 399521968
164484009 370256510
734513381 638261359
305031489 223215372
4430569 896160546
55963035 614328025
115005246 357029822
15292988 812040702
753867044 833422760
853250003 146545410
547195949 549640607
751071081 150101742
771202514 839525239
521688994 860437157
103656185 889283785
437765468 223827549
116710091 340073915
178186347 785999981
758224700 765419693
978808046 603078082
357638607 46687150
586676376 241259931
943422399 149462562
615733335 44269095
519557498 361377047
464573905 947481735
759364815 154389616
111145104 657478080
910871225 605491270
164733954 835436481
569148456 513210519
570449742 666856863
918434632 972744642
659820073 864591045
897709036 903043470
964748335 662696848
338838593 105018802
927320471 546191049
317164193 293137120
94679245 583151390
493818482 245622672
662073398 935419798
266136263 865743010
26501225 32701360
697281848 20800125
427304967 705524914
999118370 452664370
922731752 666536537
792343317 932013323
177374922 531619305
134075561 807419086
293715860 661015545
358688836 598106847
40270772 802103032
486492940 853157408
148041405 539070636
673361986 966257619
128854862 786376546
491822100 902206125
977584135 177742570
214488939 72270169
107081355 265981390
492569255 302140055
843392044 84372863
78110857 460241115
988383305 296441300
475538531 182899435
581117160 408967542
58676470 933791331
891713016 887367436
592800752 977700124
13177680 263553600
964774931 990309900
367988268 487262540
484687411 281172255
518479536 475457571
839705364 606453874
854379567 32117422
451238150 624227702
427100302 427100302
297019723 66927861
976168623 689931808
690438705 257090991
880598005 758134620
716069718 795791030
854890675 144602370
997188770 889229746
533114838 799672257
260095570 957642905
428526669 545636028
526802901 574582700
244994900 39690365
335325504 335325504
821801129 710094116
275066131 902860554
878492920 981450945
820819472 187898164
730368362 540226343
767622397 538814099
731555051 412706580
872320783 910104346
122014442 363464859
258039074 754940178
86097283 360890503
990472681 423789866
761470637 165187472
299544282 211178066
661723144 174680255
252673593 975380747
653041474 22486340
757343566 659454352
41667743 637303797
919846513 265655922
550841779 5453879
424704047 172193572
868216349 851882252
300323524 557709964
481448757 201909121
594059331 562917662
868551976 868551976
538200365 979102795
446280085 781359439
474456813 528541556
338329940 139556793
872434891 386238819
394798815 140479367
658044055 696849334
208364445 460408495
677885765 613198100
821598785 114601845
385340115 615532350
221008993 940618494
974817473 81554486
476834969 854279669
741105965 760553770
593971198 420808966
5902080 143345359
367437112 2642545
745822079 24582371
290020863 186063138
637580264 722054646
795427090 261536327
308441547 843617278
186558204 350933005
955495505 821748813
532652075 501319600
645104359 614920835
577754998 915678239
792991016 614997572
130620315 957641334
446702962 367241902
877194969 668339024
44917803 80916828
681746052 90179052
283452195 403040438
31343508 327253853
647953948 167790831
468516356 991905281
659473203 677686099
243014910 865546722
42060665 311632560
965699988 912415840
8441298 984005382
845782449 836134283
15275343 296637306
984368330 689057831
558208200 357045084
229617861 798099857
156909076 360023260
197516935 434106140
858877253 120679607
125329191 215490007
148380883 607264219
336353078 462310017
494021974 198560516
807731308 391119970
298958682 315419185
570351097 177835737
909590811 898528198
933206768 939772751
347519657 585403203
534350464 923375488
858566540 393063361
279996661 892999919
494080637 98398353
305644304 662556372
334458197 249128095
322230794 154428658
637997097 705056272
626132808 415339453
676018528 570268735
997250527 544687578
989153597 805160345
120590857 310477649
450881193 444223607
585343673 675551642
