30 30
7 15 17 78 67 10 53 20 97 6 98 7 12 33 89 10 96 84 0 75 89 7 65 26 40 10 19 2 14 100
1 0 1 1 1 1 1 1 1 0 0 0 0 1 1 0 0 1 1 1 1 0 0 0 0 1 1 1 1 1
1 1 1 1 1 1 1 1 0 0 1 1 0 0 1 0 1 0 1 1 0 1 0 0 1 0 1 0 0 1
1 1 1 0 1 1 1 0 1 1 0 0 1 1 1 1 0 0 1 1 1 0 1 0 1 0 0 1 0 0
0 1 1 0 0 1 0 0 1 1 1 1 0 0 1 1 1 1 0 1 0 0 1 0 1 1 0 0 1 1
0 0 0 1 0 0 0 0 1 0 1 0 1 1 0 0 0 1 1 1 0 1 1 1 1 0 0 0 1 1
0 0 1 0 0 1 1 1 0 1 0 0 0 1 1 0 1 0 1 1 0 0 0 0 0 0 1 1 0 1
1 0 0 0 1 0 0 1 0 0 0 1 0 1 1 1 0 1 1 1 0 0 1 0 0 1 1 0 0 1
0 1 1 1 0 1 1 1 1 0 0 1 1 0 1 0 0 1 1 0 0 0 1 0 1 1 1 0 1 0
1 0 1 1 1 0 0 0 0 0 0 1 1 0 1 1 1 1 0 1 0 0 0 1 0 1 1 0 1 0
0 0 0 1 1 1 1 0 0 1 1 1 1 1 1 0 0 1 0 0 0 1 0 0 1 0 0 1 0 0
1 0 1 1 1 0 0 0 0 0 1 1 1 0 1 0 1 0 1 1 0 1 0 0 0 0 1 0 0 0
0 0 0 0 1 1 1 0 1 1 1 0 0 0 1 0 0 0 0 0 1 0 1 1 0 1 0 0 1 0
1 0 1 1 1 0 1 0 1 0 1 0 0 0 1 0 0 0 0 0 1 0 1 1 0 1 0 0 0 0
1 0 1 0 0 0 1 1 0 1 1 0 0 1 1 1 0 1 0 0 0 0 0 1 1 1 1 1 1 1
1 1 0 0 0 0 1 0 1 0 1 1 1 0 0 0 1 0 0 1 0 0 1 1 1 0 1 0 1 0
0 1 1 0 1 1 1 1 1 1 0 1 1 1 0 1 0 0 1 1 0 0 0 1 0 0 0 1 1 0
0 0 1 0 0 1 0 0 0 0 1 0 0 0 0 1 1 0 1 0 1 0 0 1 0 0 0 1 0 1
0 0 0 1 1 1 0 1 1 1 0 1 1 1 1 1 0 1 0 1 1 0 0 0 1 0 1 1 0 0
0 0 1 0 1 0 1 1 1 1 1 0 0 0 1 0 0 1 0 1 1 0 0 1 0 0 1 0 0 1
1 1 0 0 0 1 1 0 1 0 1 1 0 0 0 1 0 0 0 1 1 0 1 0 1 1 1 0 0 1
1 0 1 1 1 0 0 0 0 0 1 0 1 1 0 0 0 1 0 0 1 0 1 1 0 0 1 0 0 0
1 0 0 0 1 1 1 1 1 1 1 0 1 1 1 1 1 0 0 1 0 0 1 0 0 0 1 0 0 0
0 1 1 0 0 0 1 0 0 0 1 0 0 0 0 1 0 0 1 0 1 1 1 0 1 1 1 1 1 0
0 1 1 0 0 0 0 1 1 0 1 1 0 0 1 0 1 0 0 1 0 1 0 0 0 1 1 0 1 1
0 1 0 1 1 1 0 1 0 1 0 1 1 0 0 0 1 1 0 0 1 0 1 0 0 1 0 0 0 1
0 1 0 1 1 1 1 0 0 0 1 0 1 0 1 1 1 0 1 0 0 0 1 0 0 1 1 0 0 1
1 1 0 1 0 1 1 1 0 0 1 1 1 1 0 1 1 1 0 0 1 1 0 1 0 0 0 1 1 1
1 0 0 1 0 0 1 0 0 0 0 1 1 1 0 1 0 1 1 1 1 1 0 1 0 1 0 0 0 0
1 1 1 0 1 1 0 0 1 1 1 0 1 0 0 1 1 0 1 1 1 1 0 1 1 0 0 0 0 0
0 0 1 0 0 0 1 1 1 1 0 1 1 1 0 0 1 1 1 0 1 1 0 1 0 0 0 0 0 1
0 30 11 5 12 20 8 5 24 30 9 19 24 26 20 16 27 14 14 27 12 20 28 25 23 29 3 13 10 7
30 0 17 1 18 7 8 28 2 9 1 27 19 19 16 8 26 26 11 19 4 22 1 11 2 19 4 20 5 0
11 17 0 14 25 5 19 20 30 21 23 23 28 8 0 7 4 26 3 10 27 9 21 4 17 1 24 29 26 7
5 1 14 0 3 10 21 28 13 23 22 21 19 28 12 23 23 15 30 5 7 21 30 10 29 11 24 27 8 13
12 18 25 3 0 20 26 2 24 16 26 9 4 29 30 2 11 8 19 25 17 21 18 6 20 25 30 25 16 9
20 7 5 10 20 0 9 23 18 12 15 1 4 29 13 11 11 25 29 16 6 14 11 26 4 6 3 10 20 4
8 8 19 21 26 9 0 8 9 4 15 11 13 4 17 10 23 4 23 9 23 21 5 0 29 16 10 25 14 2
5 28 20 28 2 23 8 0 10 18 17 14 3 2 29 27 11 28 25 15 19 15 12 29 13 30 24 1 28 29
24 2 30 13 24 18 9 10 0 11 25 12 26 0 28 16 5 23 14 12 12 26 3 6 4 13 8 22 20 17
30 9 21 23 16 12 4 18 11 0 28 30 21 30 2 10 14 20 3 3 17 11 10 6 17 26 23 0 27 30
9 1 23 22 26 15 15 17 25 28 0 7 7 8 28 19 0 24 7 16 18 13 26 16 3 0 23 15 15 9
19 27 23 21 9 1 11 14 12 30 7 0 15 23 25 9 20 7 27 29 7 20 28 18 15 8 16 4 0 1
24 19 28 19 4 4 13 3 26 21 7 15 0 29 21 12 30 30 21 5 0 13 1 7 9 13 0 9 29 24
26 19 8 28 29 29 4 2 0 30 8 23 29 0 29 24 13 3 14 7 14 3 21 19 2 12 14 20 27 22
20 16 0 12 30 13 17 29 28 2 28 25 21 29 0 16 4 7 26 12 9 7 17 22 21 24 0 1 8 21
16 8 7 23 2 11 10 27 16 10 19 9 12 24 16 0 22 25 0 27 16 14 7 16 17 21 16 14 9 2
27 26 4 23 11 11 23 11 5 14 0 20 30 13 4 22 0 3 17 29 23 20 0 20 12 9 16 18 27 0
14 26 26 15 8 25 4 28 23 20 24 7 30 3 7 25 3 0 18 5 9 23 2 14 15 28 20 8 14 26
14 11 3 30 19 29 23 25 14 3 7 27 21 14 26 0 17 18 0 4 8 10 17 3 8 29 9 15 20 7
27 19 10 5 25 16 9 15 12 3 16 29 5 7 12 27 29 5 4 0 22 8 27 25 6 29 25 12 27 14
12 4 27 7 17 6 23 19 12 17 18 7 0 14 9 16 23 9 8 22 0 25 12 13 17 5 26 8 22 7
20 22 9 21 21 14 21 15 26 11 13 20 13 3 7 14 20 23 10 8 25 0 12 1 20 14 14 30 6 17
28 1 21 30 18 11 5 12 3 10 26 28 1 21 17 7 0 2 17 27 12 12 0 0 10 27 22 30 12 18
25 11 4 10 6 26 0 29 6 6 16 18 7 19 22 16 20 14 3 25 13 1 0 0 30 14 4 21 26 1
23 2 17 29 20 4 29 13 4 17 3 15 9 2 21 17 12 15 8 6 17 20 10 30 0 4 2 9 8 12
29 19 1 11 25 6 16 30 13 26 0 8 13 12 24 21 9 28 29 29 5 14 27 14 4 0 7 19 28 12
3 4 24 24 30 3 10 24 8 23 23 16 0 14 0 16 16 20 9 25 26 14 22 4 2 7 0 21 26 9
13 20 29 27 25 10 25 1 22 0 15 4 9 20 1 14 18 8 15 12 8 30 30 21 9 19 21 0 9 7
10 5 26 8 16 20 14 28 20 27 15 0 29 27 8 9 27 14 20 27 22 6 12 26 8 28 26 9 0 13
7 0 7 13 9 4 2 29 17 30 9 1 24 22 21 2 0 26 7 14 7 17 18 1 12 12 9 7 13 0
