105
4 2 169735
6 3 218641
8 14 220523
9 5 127088
26 24 142811
11 7 177913
12 28 200351
0 0 220309
13 10 -81225
20 18 105767
0 15 170000
0 17 177994
31 16 -114734
0 0 221148
0 0 175180
22 19 -102952
69 25 191486
46 21 121885
36 23 -97428
38 34 -56974
0 0 123673
47 0 -109114
0 39 -97004
35 27 152588
29 0 198097
55 53 130854
30 0 169146
32 33 212330
0 0 197391
0 0 162741
0 0 -116541
49 0 208191
45 0 216438
52 37 45866
0 41 143950
50 0 -101116
78 51 69164
42 43 -76936
0 40 -96744
0 0 -87313
48 44 146954
0 0 -79357
73 64 -60437
0 0 152370
0 0 212631
54 0 120818
0 0 -111679
0 0 146223
0 57 203526
0 0 -101648
63 77 101669
62 60 6600
0 56 133128
59 0 110644
0 96 130528
0 0 141848
58 0 208101
0 0 206642
0 0 108638
67 61 35979
0 65 43898
66 82 -8375
80 87 91605
0 0 -59958
0 0 45805
72 68 -48589
79 0 29375
93 75 -40962
70 71 182276
0 0 179689
0 0 188453
81 83 -52225
76 74 -74131
0 0 -74057
102 84 -38364
0 0 -76434
0 0 104916
88 0 60976
86 0 25606
0 0 80793
0 0 -54372
0 85 2055
0 0 -50995
0 89 -37560
0 0 5285
91 0 25009
97 0 98203
90 0 58947
100 92 -25495
0 99 48895
94 95 19622
0 0 -15257
98 0 -46666
101 0 18819
0 0 22049
0 0 130704
0 0 97149
0 0 -47638
0 0 56176
105 103 -32942
0 0 16215
0 0 -39161
0 104 -28065
0 0 -25695
0 0 -36622
1
174834 207974
