100
65491 1140855048414187675875426349
28410 50468762036473
91955 879215567664507673406502762141930435130504
15859 0489017608188582045442221
40144 0720603330597998221531844
59382 2667
47178 5354412339882175747073800170923371220939024177659805319552888900597364759446272446934812
24879 9872034644845077350965473164102039552380293333627191899
11237 372946810178875486470021134136572840861151510042092073451653182357
50384 1089277094484591151394023515094765911695588768301880632357983579126
3951 580079368955189145761772
56734 20541508028475163867863775372255008562271084623252081277002804294145201105995907397975149
37661 3743181284558890512715458197771801961206224946631520
92395 468999903577218120589885144448671663023749447718158954561626095015663646852703432495739
86343 81305659047294753807193311233090846
71174 61013459218349955134369633678004510543080978125281123344
41191 81117161505562072030530312751969169588915253681067422213108588844273838249690422
71135 645910742554433981066525264313005529690586
83043 862722442648403058105715125075
47619 330353608983192504403289085940232369263003827852435396070
27911 125585805058191922638314367667868845244667175270845871258272252047024619757223556
81546 238235151806623094910697440820574611563529437120264878476129025238829041169863
73222 6909674007846738473706882243586480246117850142373094082372178161895809063323094085581888119991
63725 072402912053973633545126973534481682675
27936 64969813320857516717685685
71013 5328777191515828741693554439677917263646170155944107738679481188
98223 3848701981476875
32831 887312653276465840088352669099570904089940250724243030175815532
11163 8291327977142510417801096448196928937389811853227
44909 274266814742568049145354594792724601048192646220271143622948257384874514016330614096
71740 61170478
49327 09212002706454755155775219021824
68921 8077475613418436990780249254
78905 50738743567460596525385341289238668836921023847671130515303553338391067390414
63162 2520916779904150654064392223755620602751727
65787 0492534019
52660 1519
45027 92818333547140999898445493041891124188720121280909126667437379846552853482992020418446845171
11816 4895537465795294168940573180866143806052537999669237784263238032630474400
87169 5983589771391599495480239506161416960234846699719518294798439772947459817296236
35374 22508645207278789730811807201
45123 65797548589
16490 745147083199088773661628875055906848410606279847161446258263788680532006847796948231833429
56382 64709589537420716321980505074657910604436289058789789428263
48832 3207972016129
44445 398814138604568753689983686779976241550740056
30044 96516478256
48275 6210551839698185706259199229481291726159570168710305842173826816610270458773594
79998 058455864507649246290710732675342495641414941282816111939073642602285280377593286893326527480038042
89861 109860497237188224853232249554547711822073727
2516 065266759881410762721774335829476
93718 676118370
25158 14848973429066054933283646
62936 780126176386
33678 5993930078559128042798398036581762191860555832177303388733842156474101205915724097931933255084179
69844 552167240869915087436489101548641934466335703785448701099418001
83054 83733659892709139013301187741515618809718569416206226151936
44767 3442747716
52968 1859285383644872153941493613822538389692285990411913585726519851496289387138615408805292281334087470
77064 10261913033877603591978873431139581261347961746001721225017506746974403697492508526
78904 720631848730548549896680789566254358096494520452900188379589602011288916827322831511748118543140946
40472 5773972799942244526392673433586
2077 0802023603977999494484602993836
47058 90664955928807244404435567626348629111459661770677162302880796919495
6896 794041117135501643950
59993 55153020271108331965029886
96769 0933439718815160292559758679442351758756456217550245472323118001522683320804682159769284306
71509 7489729846715804017642111511752048251843394987065615916085281359998101116071868460157978
25280 77935446782198849
68008 3168223781404547060652128057913896902
47426 9510479216586270
77030 417136897423034335241205244242919490157407647211504182147204758436289825656952802911486013
3604 715849018095179
33297 513104199399254519399103790578579426
73573 388277571928
46546 66393298795342035070523620480
14325 678066240313064613021042883315401216864032270622329714923658964879104775612824521
84305 0813982529019899460414
16197 1196133410428626887298744778550147397628
94310 4370922819519330204114968445118628
55350 81847694572583973944476456695876987844374936074564457199
59334 9664704003488992750318838915955932885583159016880151037900
52490 171160140409666226082315028353581103949559030447795436
29979 659307286561749380890534199812850910127716190192365065359873279675464649231644467823615095007834996
27980 294508589315458754078672159273
87774 1020720626973296588621019518452194085645879172334921336109514249244078622328
679 565780322938691508541531096328021084346627738398479731126
12159 936985802050
17193 81013884866828754718737022155
34788 9
62997 4
40136 871701213659229519582865
85771 05734601044630080733363589222417746587557204742448941474580540182006603
10237 891925698453906171261110
7670 046498623541035213335020100348527663001300636300462
23099 6872367880425627948206491698852010124374889528881367518
57177 105919850829126331894488662107657491273
45687 240437285
54503 940594345658760603253166641350244682367034791730808327101687054479131766395423309112360224524990776
74910 26299163724317041769252459383912
