1000
25336 8466447970372735267882704298917560604010639003159177510147
31533 7222063987785910541683584680850895751892590
97073 7918664313818010
93529 92594134713287257515885214348453704498456159216014656297086536774304867743
18914 9
30128 22084853246964664185278248332144003143937326022225622616396177941663545937668592625060477759764155
32686 8962137073114077497488723832614908009452771528946884200881951874723072525496
84456 410827322660980225684263890010836899754157087218397226580048027074
21159 0767470338259922386157917161067328564421435588920234080912118903528770957827514652390294410053
14161 93230004246646746556
83372 266696900332325310363613376553745254101
93937 39835492774676161639158878181682537006986
47301 85314645261971842901763317486255730565015168751884379899
1256 7461523
89699 15194897261873925783843216525341472077078976333050160766037094428
43788 6508193593803
9468 547746305086542104476428997967038804146463859557950077501231055847641992970
17753 9397631901587521094019799817695226321856164053310037296
95899 3635364179318571465
27501 84723813489930333799432998005870172753861272378101684286117940684768407208256245
57374 94358622390396509040012699850038586679538430432051397611866339060241958601127906160688925053
56508 556737223665314653815003062551
74085 9398255172965961332891317854217081688511509678343246398739047291
93153 00476296241384238864084007938286531857599911382589151233128604742685898925982
91760 691357949346989350952109582496
1123 8263356565589156554137626850602621491588223301308920251303787
58682 518617171804132022927178530696182985287329272556141048503644916638253015090
48108 4632
72762 43801592
68293 807890506563367366013917392754160894523744845318668619979376369273120953329
48068 8735434675299252503914544042
56509 0264418250444605299521321291329475141087836618549511700363217651251853086827378153206655618245855
43441 81366
89310 485263738342956264271514725086700662907354377213
58589 814503941071534569579009875959489698944622296445837664493288421212074676731201096103187168
69387 188525547309814059990004611974
22599 7274
50442 296959160630386475971507600323556377970901917922809298930375020835027
98839 06962710042776937452026272308464286714
66296 0757778018893660229747734336658992238179742576763984433360177716293885371169827373
17518 4511698541093265825813064804231223234432445908924338926520825957006086
7651 167600650272850152269588884488910273269509242549937545997571423099164879
75159 3618672696
27909 47741070744977422166388578119163326282651012620407
9070 708134509228979333519466214888154698536274
64689 5270614197946245575813662
27475 242281341794212
3998 96537040276762447881941666441089
86246 7679029520915310450703926704512749
43061 735894009927503050436281685533070796896740235528510650545870787304
84654 5898999512379910
5060 43
76827 2404759343373637
63195 87101221578095004272180540668204881190076758698101251010593836555
85570 6163520994042572252062438208262791770921211841247758619765790348477264142882
69611 173185525903701691145926463976857353431527098477467019672696527760516504183792388543748532370
35348 870388298445795837976057912101257660584471444692379047
9612 493332578593413770951807097537696449374759967386317908641
81316 884061235080213175107888837203083569883691315785704520271531585384
34236 0025062457197181821805031212600
45979 506790629355797385137511539924445752037425376488256919156852190619317
14679 3157662028899881
28202 83124826789651042296193222132690836097689048662388663834865023141176072324777072921934671
5138 973107022213
12765 3960
2278 7683475579635382944158947416692542676005124976255567175533089100614941787
73821 693149974661135727895172793235272172524175834213401367746492
61284 5532047
38087 48309234065535123716005532527311952488957892772692852835840
97417 91832958717208638665328440711133152252729799475347453959449937968282674505997
61138 5002310728977790642066973363194277815520720386110484953505145525859
47459 77120813857511774268465947813919831249606203731214368167466039265528500989502011092381377837
11730 0282063
33402 1460813075753393123173823146476280356
66332 8085051310224872901579476387138
72972 03434937276953600107064892737241072887257595984439387716419930511410172069720090
31257 678332457313407409808949890364441499218848174560833134555184115126
1049 7165992
91009 0117102937374764154327966690053619742372719247
55410 66599
32349 5106975603437227196172084357628331209182126002997326929279975
99237 3744873821502965329
88033 447484819228855959771977046302864685283
44902 4398515574656933376480736686454081614152620348750495471668929458362346575925338062275
38919 27637106715893658
5991 474124185830717
81549 55319733603653983062099052036903454588662623996322839
10055 79356098233837660079173
36315 4041750687865143985963256028372
22488 498953468357717256190382954313611729465687227414282
95299 36484320949342796142469752059573694572118545930411998898207272411784324440545515964328668
42576 967037193875946440775403258781766112121317
34822 919794031716975752
20922 23106875237559501048452518163247969012139067479533375700475087461153577948059122411071794345
12173 23726911347404994830509936826841620175
98981 21638150352301745891763665486231051940510856894840760912297356696466579706500962884332194
24788 813303824012093605896103152820548181595700178175634800935536077115408463321235896
55381 68808605911694379106749730938780567783117729312
67778 143014416638806200685999937000643702697997597353154015701374309479384349
86469 12078614755976306827723125325255708147188607589598955340138896
2847 240
95343 6660162351406963336446693054404116650528955256536255
16035 10264066365101320204470116718989736773325909932098797926482512975771579459
88475 243370488101028542731572183208603429
6663 79485969653279135476006638092512491065711349172926508528966480041259781020179792076932753
42120 008304356522961515341732823337391280503406971
7181 463652012138693487587534434996275298074354884789416887842765402457865319545069108
87933 963187190221323672910694039736446810546748438254107579678376293024533626052371640772
7132 77511453841492424537801882994644588223804851159827982274452393669536040918470773044705
4744 404200328565325197710029550374864244526792254504363
47309 901204640824934752930698030998860279132933963089310428839888261456967704525
58353 089365506082117804860203572965972596331850728937130923810551991
60694 80442808940187412440159
26115 02572063112880594171285514886411233517766886882
21809 643331473760591736719151816678002386319728327949709401497382726267873417250814490
52154 340933460
4540 78280163995249244332655671726248705679883
46752 07110536420696824442970399355592720085375528280855532656219226596998263991993419369252912722148386
27602 059650864766115741096155024297078787614913861422657446494909386522396496227516473711499517
50119 538474447125591244506020907094202530183484
23174 351516690419338477820635393621450666309312005591862518829307543313224
42884 67935
67668 568102421010971404903289717198558294104515351071190522576106163347
51649 75372673294078008804366265340326121557704220018979403058531999
53352 703728464063232850732283334592475577986010096926134018053007243693353
18229 1598056472412525510447502595554438039942360078818
91743 9556217771342682817705346942592614272921143085627441508447962
94758 484874961006809142309684054452961014388233734400629909115340951286
23264 962338675301188744276874582529393275278997061245262594048622734800580356283858445976405247893341
39618 582485517181067846279515428678532469649922642446778191
69571 467082983107004452
81002 48270603811288558823492835295746864988217060232094
32796 3162498129416492659796316191108878805972655614371306190014889236287996180853321155719198521960
78810 397984471212591926235791723826515
55986 0151257164791446882235
16200 55257032320928008487743687775996129178883184977705136347360107272626962563
818 016759392124
96011 32213917551701695606995740243203929913624625556475780824583796742088871769569600057299197831
44544 25166892462760280105617834960288992418483067902261293
21344 5058055810624367380478347696176312759881662203488267376110429053806841383881248327852855
931 077952737204325538348496157425206858685169193369787120668045848161618484741281
94935 4530917352397
52675 8460647892328396478665309491945106855574156119090388133928
6755 0631764445250899854716799966526703566676841762084
56604 610365361137717826941196485911885989389050450698535692131147790473611010636720
42312 218495262504017349513398436423271592202584586023846724434444985706178308873
55303 66501819984961597761227443255876176136715209250867
80285 37067326659290815544100782212043825694404137319880255495895343930791890687300425996392678
87978 6143438689578733592658470207724564375514162343798809
91477 27850134466
46831 681842983534913136148483031847842392704863165870921897390695596974537073079061
31895 897201014055883599514189988
27305 978010914311160375654933026441148521481888174059520669698514748
88937 0503259017103
82662 41673080835301864618756215935342654881452341698578454660259569034483965656087174
39998 1728591328788732872125184199783811086623890477988879496
7995 799770882748882096835698966275377726764581191534203973510178539030
5578 850830757204655964565395926593273517016714549983961782470027871451396152737840364270774134224
83886 9645176703758482
42514 08661835558425072653009383336583873021333527141400
94178 636737513877654129423591218113347559749391
35438 6340121372125590863657943956889980192532708315718371687450163270417467448917014229869358993255
67438 7499742171101278814690374538021028108251498412535613229569969331371722097446656417051972016
79191 0596957184600446869
61590 0709347546773263181274529826307574999018064089265744830156572891709865438399510824
96504 7866847582111378768407898425279840965487771846100705820428104
27099 9373095108178603130138399566013166574886404484184308989173335363151070383702341967197525835008
73905 83283604872132942362537004043112024313276
29702 648456324438270502366160259969738842710359712039484364280180413772695569447968020628
17517 1613540539671670460933238279812351319144938050311175930090390849501747007775456
74998 31053485010472539448133877212346627012997682570584841908784356959392351082626343
43762 0727048394671775479576799231312649121965062370016466176011214396405471344
79189 52467824398568531224185919285330590
47245 33737863792538248300826411410904162219351233518300584639155287826487704308439864100965403787
44690 423536878695847257329368891
68692 833879
15796 90444245815323533239870
93683 728546954603904030693589145693462794
26697 87508819937699189684
23525 138746968124585257895278237995984206697696882423765887
51185 35256411206
84524 8235757299911285204504183268191004261592265395469232428829116472899742333007793711
57220 431454678154404924212367961905853768219
5267 878210478039236737270525659187570251630857684862563053426983589925365208
10766 8992564257963
23060 43644406285203720347320470347657743086684341116975699291361362021613932757811423014635181444576
65904 0631284941617741408
84166 64490939840741344131033317839189792957529282086098050118069054326800335939722448
58721 653432710768068655951540744054249414745811955029598980504843312085301727983594798801131136251750488
72229 73805039284108111218708292314840470426007650661702380120054135847272386324712
75949 6228855628959526192972795984800491221577438041429477377296651449643346
55383 8006
87709 15086210229351000264468425034
71135 2755484567112542210719940316412605507713771013435157600413
79672 1
69694 63141304386135032627978323115877786048683853662239316440144751723651395
5292 5689892469285415187193532998910237712811022760957629202287524254277931
58337 11123930678551487
44101 907277915356760805674475357
43903 55122112558727736763495788
61157 052642620446855852581038168419818864997753379007918197
10289 68243656893975552398997885971876328747008245432958654093111666220011962172557751464485952522258674
39514 5954816453116580811337
1258 53402129429881067621269421591698690026
46892 4269878168490055878390027829356943183820547383792992500992526421169246202562541283641
58998 8380652053247145741660016075013088171883871556401766
97687 90273795803508536213722469335218951104759757490268256391982372338517034000096415109874180664436
51497 38257181473017
87754 8953588542083919412087507537386548650538042014083516480732258404553980332219792
15260 65788
33073 8
70330 520421733995879410001299776167507471052389253028093481601735034711
78026 6861473799541744095086314683290582458085882805259364
26523 486910543451300461662582728011551091651374
57775 11089584856443428708545
71863 70707586801029822426890864286506840554577057814
81585 0552425412020808986321276046811109328856172906088650
93881 87107116220816319713381635631487491221931921725428843208511990059937544249445540252944501
79259 791956587973529175619202219065153330527250808604413718600565518411827635707954939
24958 8265000767903876244709228462800413465203551821143064377132700464114924421395340746356718862
93702 56444223682092435435554971082574290867524721342415783984209762580
3486 9634
85031 4555022547222714025922130447414097076089678503153050203333235547484040973363950491098
1849 780759646330883333582887
69253 780082340054377637060139532665723963629641131643054057
46734 6427386260664795489684065881012
78517 5856682884584562117826066852509644929
33085 398202989031990852657378646590789879730537094662730041440646124631267786712067709458666308635
72218 064798
36838 26076179507399232409966963642321703434276309115114107240340
93877 3619980146879097341490525315338269672593524631904204930921635362928300065730721283047
12145 46391424009061930134864189897589115735673303390257024017128
93927 3029355452284501322831307347342638409329893530598100377705401192185387894135010084673650424
77791 84493552532602241203546524316686115281204184
93174 03150822100868787972125928059
79059 463149
76667 604512758776823040066808317981326761096185992548713184455126367136422642
24991 90098415654940840355933575566556970432303828711302874809475
86552 49149546445242875318190211066338536938609
70732 68831368899258162505515
82110 431584883056424869103829204467472
60417 511207688382253044995974297771530279073397350130932315055510674510801451231558409035
33767 7658791797921488522542784690572192426758142674331976938602659171
93316 7464006550662472727957296023784798656488176029030724795779
38493 35174992208302
41283 4078506646818435809026913891617869
43810 3246952841501738484275573255246691798504925023113629268222022368741356553303931095227833624643793722
73637 1133883246383203997885026640317053601681533355036580702967421164422925334
200 670648383801796668287671226817940687148405128001
71246 2323005197734156985383165349254009869486442142677083148839785085930951554
2994 775070813698922073727
78822 7445282817227990676908628264060887550398445594369170247669073754909076316814564104792539678471360
15496 04180523074545776331768
31788 648845039722917339992047052493363868623022899971916065087639343092646963109546859844
97250 436869910505780705465225707251194803
44834 792093777625176511366
64843 6158022166356049938419791669113868159619818395596100906726228019727002679109531
99438 403097613434312123513337350718816417615377259269
57503 448606292352587492962291380418067935638184906122296198227199960682896300615914628914244338
52244 99653103965067195555130792
12189 7645988433095678073892177440440670289336468560444461337371538000066259
78474 0708193067859480234878745004395940903582
19718 308468955454608863187739204236374453596
94318 199777667619815576160558801
8349 93552786186487204145771916773955924109223924099118460043377
53924 878837643643796475078434
88838 6633854311018298318194788474800773887705857844322477546498368454138859417453861898101277441968902
12747 864293438041646880046714055571628610764573268030929560929287315042425749689840100315363486914240
28621 567108347070496136207526829064833762
97609 24232097173552310267739468717688
853 351397365386
47531 4696004957560949347410459256679827037861331390558588296754302
14781 219253725264998175510480615527457257124183474903182234891554132231457830416137
98373 53458153430094139465328792990342026139227794286
27305 690781380385033773980254607723024825200160164182574815752
58528 653198877875477078397012315668
80717 67031
60077 57614959165847617641823984965139160290765874978177486312875004042956219857896316784631403619205392
31276 571479511355617553197857748382158025073110570478805498164003970163352066014033087
20993 54653628773031198902090
3647 63555788680712893
50008 6942300221115849784355742404834309209645305107163400216563450547748345
4609 76618073485617744870285432344780
28995 543544272034401837524970340729525452479136234916381202016910682846339544407056785
85105 71767899097386768434569056392167539082983324087030378
65811 79061532
76750 3464163649187209355411247182546121208474102952600836805938345963484556893
27709 342084970224071444420938308234653972454980505851521
35373 206186815282796519768430887628856551377022264125529
97181 689331742463437601431912
37241 799347
13078 8064506201209204726362457984867881990622279151630593917435535167
16070 13222928677791206323797716655049594094224867645289345959535259508393237517873239
7956 238452798613212255
69054 6817231819657765808166589574244854700121676776864667655525319389891627474
62147 202395253238059727136447163013018901
40356 8280729196664449356269566725107488135428089990962
49520 64914
68645 5678294304311734709552095187078450667485154947207761390805555781841911539656625
14709 963574292332966523730546819367901146988036436
18489 44097852947427867344589977559415122682635440565247035487680939178802296024162817653093149181786
25064 013555623699341574443405122549981738297830
41755 08803473562843109
24052 8943083133567645183326830840358
98100 192746174543319667395690946811700724760045265524926560310859425086671287542124960380338568578501
7372 529163883893684959340158352
69557 588181566009176323049565229638528956676001018442913003244970364556
25354 94590500154
85856 90185199496058377207722137825700619048275285053
15520 75493154450428284310153048093315770
61394 4881492615132565885753259792922723749240746202305297478846400
1080 600604288578
43329 2127441334228166522662653868531442088702382469694010217076506802539500791029987179
52887 7517644469934377850685051
24221 51586678916100461308204775422
14095 3607584063534434550458217587890806547868652544120
21925 395182678430520620763559594285012
51823 3614723850857654223659889673006603945092060906775260272594208444552314209804920583746591843
43757 27299613613297428541959955304435836022
355 19503248016274927150737516952437822933572448312282917234851846587916683510780
3071 5260361843591704180278153741479004
21828 994416436969581051880826205922419925462774845824383469271398737678347543881592796327238779755836
98863 7
38905 09140781622912188429730
50805 9792593015519382687
44556 7810044981208478147644382907222469270471313965345773891060672736289153118
37397 5531841932259194381936511585221596737036258985194141450915
87783 21567583355651850738446313585991390650160015467774514565
74297 40393047012231628278771218440844793299209914384307162883848604607715061829219917003708781889822
30264 924275122
48460 29377718605202644183488355307210459458
58026 727533802335626527616800366629
57961 94561179120712112526433827493316169790515491723533233331475243019
30733 6754134035209746854675538673292047578216599221163880339910373192468104283700724519463340530
38130 93315669918204174582311100218295941942788464107557534811838662946182136898
23720 179
23919 66331291238
45997 61499853196102760175561691820145138622128550928784076224
49931 2122647867559551882677103632692
90055 5805919632
58530 34411024443603198230783932136722646390826711265451672397276688590396863768917022440683380008
56020 96618150153381162816720302210707875535359374654986200
85315 3878563
65183 1152849
69279 69935757092526798470692838090951051863205320237684543435950695
87053 472234119897521650607997110962692397825657428157748222951005201181339086
70846 9342690
39822 7735850034048116157793367292516012
3229 3944587444240516476421060334111957329879086521274715803
51849 1492415965985
16071 45769535970269101967654375291541850806351444716043913410681665466643464130973220862630
43469 6571767461967445128790
11313 56821952132998672708872960256831961580898984855612331975183261551534615765633
87216 490692857
38030 189327651264087354378972264728768336912269108
19070 85342797121615268923739758336195920054959116657711741
12337 637501380095668677974866632
56948 4638046
30878 5663363532778752067713
83711 85349282088360513357498361517228709449746
91403 39
66 088830257056325251694544408632113100396863191617395806097126197123325106366577707540619039668
18846 8439229647580103833252948708631428910272902668839989643311257830651
17169 554865684507414031885
21651 7514080202604206028929261414231541089861481048350248965115885392
38324 3847669133418442735921346897701386483452319628423109764200
95229 354274085515237260067299890311321694777165129488097297062192981995871541155
88633 4310009991370246952305218150876
59481 141557706759095896
64158 7015033439730721813299531176370095612785
89258 796254471083647968224737700716005468401187440051288061312701680226104823255497408
16951 14194944161428292098148354665692965781556792927880779439204
83926 26665937367447412371403820889525662106407930442024901976232502084849840850
71443 766381658598
67389 07993785609253206571416424909821812478127197057710525641608918386645732338272183015057125342121
2465 4668952959278
95236 083752135819563249
42757 8808267262781739712638214220
53747 4111420124337818331716390725683456473472756878775197719970479313412
15847 96292229088049468657515574486568797670518440734547631745371259234478449729528094980432088101499
89240 3530695844590953974571
76977 2841217
47184 06322941057233254
13186 9303167866269868600933416079780627347876180212500373131180693767829
48329 8232414894576684963850875
10748 820505422583919112791973285123166849920510759485477955632657905949670210594402931
26782 45359375410404152887290134827757797073666114746143944608377338848532453818230063
24224 019493425338681203514665982588075353470854781743048772267065909414420365732724586457222499871
77718 4898875143287288739519721198073764069739699073567339536831918436967137025937153122954
1445 3394474433777908591339599103908290562435585592881
6524 028
3965 730305891211943678096053656295604059127693529719307185057119571946258053748747855
37682 59292456322884413959930511044896750253129408007409650992553236987373313143
94538 3498438923535073821804960362624976036754025376791957863741442683929693
51064 3645825001935485630916126414104078257754707509274011701449214319359599268977613549582653738914
51404 97601
85564 3050750614205058608282165526141257064968641038962815755765674757304333256078439499753075070030832
12262 42817273113261320
14275 94319917144452741576900328917712785476
89967 49955943369793539564885661
44486 1679311202163628266540829785540980732475398657767479923142024408448572852037182547092
32406 27364374474284322177434285883716866433247612504672039934263
96704 24590205168254529291317443997034517510837393615112528
75796 4810385359199182795603287902202606683306624007023002069378047045024
34983 39603448813725869631296404822988914970318295053
20244 58335520348224
96500 83209064777926148204193735866968
39898 08382664217189480461899348939216585978840
96055 9882749202303731521883695021943868263529098225552342289937608154854321
37320 996184974203198240041507291554076455613419563589005
97606 826554605875187619547361883345113425103036143868492255295972065405513112484181014193326552642
9024 34749842548167722039976013937978988033062861177413674631988274692533877627477
79711 86189702315621378163177552187408705791463889348609828146340
87842 76160540
73302 54
34299 078033672121780554202409653
21216 6938916658489865757887075087450172018649542985699861086238
44844 509238734
5893 4
68004 797415810951410846783053044710429216116422322672731045427761837857091
60069 6780479119975662545497396516522125631514314772668935027
12444 0013603865025318254005331544466358082230993355679357019005770873966408175
82574 2597170458147222820633590067761911444759446972492401223684605010430
25712 95340084942536147
84183 228544263366020363891337726372910418053890165607426601135341737543555324809535956907128284059780279
61024 07670498668049054326230882996412527679978
77533 4024514470945529950332511178735283312793494009300777722126
81731 09619002810520397
94377 35
48679 95220764
95081 73
32080 084361738595407719168124680
2953 6771073003080423186827001787149671016916451053987635615250339454076728243404673609830624054340381
93113 09104036978448275718042125218314841682082068
86245 8149016936601958229928691079018915208594435310077928360542225291649511867276875477573273358
5225 6524318373
42068 51930811368801
31927 68508117551
27338 028944150865156
21401 8450730649108018198682223986481513835046823410662772879503510493
87764 6364718902473024032725879526797304265589064060803180667573821386858373663290379284341225637255724346
94718 7947494689531350721916020318804961023797818074754188811
20893 488847670582352042920697632953178306691286
92261 2168392410007127900436362338375845036817259792768487009956828241194974443055973265737207
91919 11867368800
42946 4620239001680289052501292
27291 3539590321701956826497238067653033604709484637135665896782958303180977531172862432340890588860196473
29933 10514747372899670922349027288458007137856618801226230
31629 303778327845230405132485
91762 3809190698175746210388218464644988315744423989
77976 0831844675190391760847462599464351171671545743064727556165769579089488
64614 8358148005443566934684459125314490050097770389793499815908622096870730702004105426379033254
29756 91152988912869788971137059506371060566723819980117038
7205 623986374268779444213170007320953438618963876811210719815473238459022561301
19749 331634458
7471 2956838904216342907636891826354768141737340602937775111002853464314618703356583863119818160
60957 52738830819219553756399279987231950160519099804800998014779479820010054108
11365 71518454275085544512511655500286376737173416640854
82715 324436565026645099924136044831572216062474657600370935161851033742844
82687 6515876
52378 6670232673827638287101295488695548235946114185766042397445836967845949272814387
72599 9739390726258402859525183467585844414600358810106155332385032322105349156676255525956653740994724
56032 7196979345902896310132005418702100873304083
72864 486732229634838993151906449292001164339803493475288142878579085778940
97264 464981508274455450
19999 589347534352856435746320803493691631959891848468302939159916737
36328 41175595741464276050331479196781807693647106134326670072632635033840594186
46443 99654730675
10140 61955111812122
18830 337901423391299478824211621859290453927043425479287970448934044457937582339669625154952698865862627
23058 676755953859477540903765809797196776667626674332646263294259071085740718684675575605685582527
68452 76920218316153216307933417605974523121826286133553872
48480 6652656263983256516227409192117779573208734944002
72931 21989967163673624600137101822295558133955824581414132618702009673208829913111771
95645 818939113505526534702102069396812593581663237435851786491444525700660561958082980506661803
56720 154462406012669058433588421399916328413776348011207756694094071279511798405767967620
96294 132881060243303764487964488814875340851077771210967
10565 30989742226442
7291 57082358532126384989923129396961134067981342270
46668 95452768231643134473397558516788569294480906556627583424700944684102891491686340207684743219241
22407 1971594350323684587362846468258904282753716377320630798689642306592
55350 6501570591609871422589868203936007894087186023903139464501108357060393574386093
86722 2941700137815170000945001185891950564794810564703492754345829545879375821662473395223388042906
79101 408868495642
6710 3
93451 6526303274097684136350189408532231165625538646260301305300446594633236190761300898140482322595
71688 01835
56381 6700856194093810595218461053526771368721005234894192542754474879003413427340619054521
66138 14
26277 6787078062915826487362787888053423195256212638615836709017140061601309
66349 349360307032375512090949832936457904013131587714890894425875669520980464867723352341159
28058 77116047391
13867 9980576602791050418169287317126452589070974974743263624083089420031949820437089
49680 69492334087770795142924156649122049626561626367764518129171067
62104 5536299949197184600865022455074252326105176878342862696537592
30141 9083401401099633698557407132966875842227059875
60143 014475210287653389063
20925 22778318
87085 946789562340741700153
41118 330155146287010821173862145439255015966503292
61082 97407993908624557198707038155263532059101415945
87232 1736749437578038248544166501742437528593935786515401818074412548361055197893
60358 807010283359602335916170202675076981875502224417263479
66510 86046762728968311614223441603237309212998325
24133 2173749408526330146378723304481380646746588333386459778848
90444 10576222727511648723304
97607 40314210119396120045511420903551471549719293799562052553475116127402565272217775270188905861412
10322 6527649873265572252611548211363672206000624875176461190611961487421322109139
87494 18978352971979593704598489795263037371140715487384
7444 527629599699729278181324358351783800260989360420220378880003480072502331488050621945
70345 0810491570258286906786985901066420779840925725591594553243218
18982 88862750904320928901583614462013478128256553982193588083575322851005753220947276849
57959 5291138826981609192191909940232978541643426123672918822064136992317049893126092869157266512415562325
23907 44353469726988231346245670612279027290717982908339651948018010055811992788251297762697602
30052 68305735448659122392841033903112365183373444334075177430867
68926 312933964350462989837088601661083325103968596498023942652289199346465241324469168364646722
22180 4567473129856320914655754976952541
70783 88108452314642541969699
22158 1
34672 7296136354224138431445811727764294009433813112761744195545460136364387724936260978003
43693 7810635601511882759527043606824060334422297
65234 26309339396376558659973216021049970932507978775187167712908017115
79568 44593129425989318562827649434774320147475705570214610015
71866 9300210419860420135496746924627907064622874270491845253925559380391502365240151
71591 7916468077951318239656187453973943441253617823762
94597 234612292992858816320027262734501195750028361200476328874217
18815 7660565145
17854 43957340829218930765228208119
41327 475306947757007753898673416175117171466873340282648986594724906453
75035 5912950523191182698606236537666056559893832796513105156813083107980176303678083742676327426320
48677 250523271504252735748689349117490906808263626799451652211028096098106437
35522 31
33468 798296125759277101811913401577548076254241951403004540158765506482868532545173251492388770
22880 639086891378346738705377595626924774553933604
9541 92562633147544744522031145160876866361564430437
60821 062460238789631798259482254615972666549149515638635504
76043 956496267976623401799765582411605347546921
59208 4950383143948151300803001256342308121450
81494 397451409333017967071659394779562885060382146233763937862940376886549471590662948140814
95453 64899818335340902089006543206476797128371410004550342684270296831558036739641920051122719837845
47250 7962932297320073760111304
56630 1314234194558284892514322558828298554542596778520482233374773979116085624726668116
80194 938468583951663339036422891646084808225350222
32935 429668104512053393607679235403
40734 3384154794201472582658613216294560808
71949 817897406211018540703132526069778406884407258840
3513 5311814908380949635102718488809
91528 4936968003387138823410257292723415549440807554827589589251260835993408748980012020711469
48635 15374032864
16567 8074710860775703649482825473954541288202093267
92424 2243914052682449015393872244
12883 7107061655273700055309040834763963
14148 178193159951398513952957280755966943007931371575391252831026566345605682510553671567
71663 712074270133373062533306670
32857 572973053852657134993849406633775434804502930546471249301360833216681893450927812836
85429 296212818829883958539970434
2662 65138395985456667103902865176229889770488603414650951972649502798711
66264 999466089471813033151602
49897 949714288272
75444 917275634777439007103547134623893451499293709750921208091600474981491587006066051
75439 73731630319718258181134829077160640
49860 3609829210790638192198776052357556735254
58973 77987614376048622277844305229
72658 40298301638948622503387643920307412227317291689144775029025207291246263044364731893916701
75485 345178827821150444394188848963239011211140641836071825153534270006638692455656167036049749
50301 85842546707817310457159897265327071427040428418150314663933396
59884 750816289243803104107839307899321332991294301838463109043905506011444508738
91110 92432395095192517392286760379068566941684745243275386449904971471845504775398135
67744 29041085756
32569 14608146637413934993334395365234267566218711846753071115409235623604714998880227109286333186
18132 4119468542867697639130999
93932 6426469812380052705465434162849
66456 5039514833582192968548786495632954896738483824979056756520345547785507085931783
8821 7298893768106152256852947415847992026015432087897900391002277883699177298581652291
19572 1652305531191578838056738889870720220657625398241332664548691622154230031195
68364 750902352284427513617501791017734187664630085968599461524929129091803626336008837293578370208961
53579 0315
91237 369147878281
4817 0254274268198650847296909606125
48389 63577002587616
71601 2919955771191039630939588098963591354686567051239764953093969133559515212690650
53295 135105427459823974747936716069809692740896330761645548627781554036001
94809 182285909031368055008
42103 0421262339879330178682458957221947634326132576
98082 09720095
33686 836386631897049692436229332636933468956267128548732961788967975182922545070565484861939615293596719
39926 357365881136097259228613832685336945914847242970065488373421208496637028898171258616325
19016 13212908160447354834151910325016
20059 155919152044629850925985643964367783378763567809727903
62338 23790235928345984856091154114699113276947813553582264575307752186130247
79483 47455251378978517696641400924760050204
96289 03502531721609654521609105610193185200845
59934 7872391468746978182040619561884199551665575654502149838498630649961246852174133089136456543
41389 79742502953734492521223797781268230894159082792
73062 22097947002665673725313908992118616149807093
45672 4004428938169384836
60710 62701336244696705554028073
42300 19120270009742
49118 66199597
86932 0637664136495738364945567260764166630366352717861
10998 99274
79522 1357110140230933966291568363695809775429086697198219
21089 71555592063682137133275879886928
51760 83069498582379159053800325421531733505221683148186961789133601818391819267
96698 2114617472250936968
37278 96484318934393585046285719728440638253278450827136712
71361 252970324661459171003868887366466521637044164434972441285480360683119343493
67397 022
79153 5018112523156861877419493164588002423024995150404889506066738
37029 05095321212555472712707686959128281545387305056517600491656911961831291744834303657706227
88456 67527639199109673195260252047192253725667516945116136787
62592 425967726828024032482609771244694242072162397715
39909 12678395230680246868837216530
66132 85015316962
64279 7566872979266149123080780681931956947424586434145948119609
13763 3809504813654775923337841458752753384473080358364264521265893902
68832 402424316334707419748160
43654 35224097228314741980041383597820036098843590813433657326568686532025347070020575357657490409874802
82004 5513690706392463532377295036221207854618795364220200983064844556938324
63280 112842542
94645 8740144925578266638932652189475291922103208711632747190369096
81260 6253811955599993505883752961433602266075524011798825580243760901727139503093101198605860126756271
93115 5345526822636115973622416270334100655175161
50163 489488188605852885997772465861686572353853145646099335121928370240686685234110375
7330 667003000983213087513936970462418340736480711122616756176814438476
21631 15698022471
4519 05239346691141
48762 9622589323321520137465025471372076432469755992059123577725270957126529797803048
13103 31911972751945869604894334498600331049138371160662833244465037806540841542904533456
25552 1781695310563468215851933753552240789434389618327445495168191392519967915903491275239
64701 20948695478702611325555373832590509672566536083325108288267051605161915690643
5118 11549755025003850033087084936207961461343181764
23150 2874333511773349968589357725479669252
19717 545
96909 2228508849658501215463867838
80541 361236
84562 8607343018359840199693187
24645 69578594806335076618044995388209238782817004357420780098758012138802950
16449 187020522565361890164349457823836616463030714715601275796554714082047324
47372 34277298559257077985935268496941515057596584046049162674724980114776863489152860122852872454561
39012 2200746704117012361431944221140705514
80886 429900086980033418334
23514 360132067426286
38824 3443392545047448532303041418537135680671959457536313969172424580979744308161253518354
26795 03183233506605589161
81728 8
48217 87041794249531940057722148994351778101246620788631679020792278231613948238826170406
11424 168928473006047
53997 30613297726885896547615780764215812259755453239166531255117313748035194483
15293 42644461345424854445335749115456383063328
75726 460481065743022726187609916395933688545807402126706459710733779892803575005247901990481
52751 320100754860657922951581028766356121307451647870782143497787491124992710010410940
72384 0184701566217713694505347223043590804062782709532741289175804397
91246 044626450323428716242506454661833047229476
57084 2858393115953731611299913361224102783404369642129167891438780822730965261487849005399
17988 82546877178670537094697964710
50241 3673000761960133756420741813181175143886588014238147818258
27762 40492520881925844289305676595
63920 581778546193780353354709929765460132749070038015580750784142961297620031957444
75905 1469216778728027170929578488029611969000700826929866085751496120126217736299
17927 2718732859110692623213371450775353510854854400619817843733708902674819832277232088376218764951288930
29353 66994873046647475026644924692989672831413
37037 22717539140932785583936899019227
47391 7435
6954 48629713197645251534336574386559801555755526758817889459307684263246
23231 221325480391225643497233819638690327033008139813013
87975 1264494219339766321535772022396652509352286824423935435918451416239253569411834
40023 01773240814279779179130036025723222780439556961533699047453
73262 90114060524738475408
25135 718167843749746949612428545334412498963547110396268909623
32276 167536005386132567070501841780054164424128660762905497130404384289847172814
57944 622990299774343543553335557608718948778963810050724250384468501665726553380798159952
84864 53511848
62903 747256433039840932625480585958655181773
42348 106649043869
39737 54506478651114869528868568614301344
55226 41021893
96971 29821162387107848345761023986322344183635929330482382829
11966 682367816419945730093778968475243508603867264580661800978580028903536
23261 76406942934
21239 815176665373969065775602222107911849723900185301860066548152375
16053 20261067547935015950042067037699256292315113415461918208204410086
49381 46842757986895089322257
37090 5092048899610413602243264481331379001988536091351018768977965264
19404 1665129761760952131773631378961550138670849923833608185032401300640086545777007248992703369266
407 968433413645410143525679325516095269348250208460594875185610694503222700631
80264 48667050608784012616344307504836976891685447510769260135073198947871564
10949 69284175860589420664997968054
85138 8336990556615179083
163 64360831118719607117348402244510189844
21717 264549422481982046531135256362042907176476
35444 4266215139
98158 48489042338852603527785524135328261603463636658888351009682868011757
16158 034540228746576711770202961235412533124
40856 461329169447712812347088896061979357
48715 7019152076044460085828877821558591506565111018284973710947266872503
12753 61827454968854728291745
96293 319090687567433507848024155260302097224012065614411708175091274588518862873693839525
39985 658311929041671370254337468696226310448393586364035014642170800050392094100195893483802158896089
95110 6779648974617282936346136
44623 744359764651180473083383535368267541292860631865134493483587605013730
74720 376631312024262642013325793353093849
57562 078660451894084655754077915655323092477932790873861403550147490174190442564
36129 9157405792504673464522963917456394381212065102
86977 2822796346816779764981543478143
12437 939917806703594413868637879803643533266261593562855343560526568369
78295 99704901963868779284602703209017441420984416734352912361155374331523781041580769
95934 3244154048890546544925042914228338177256192625
28124 159996564680118139134821856040258205939146817058947467742709488862682287582
36363 7080225809629538474806627279394768327879421872784
8095 54942884042851544772130826040693
51758 6631580566089096105089786825695344312565404573593819964813743614630256100107802
38272 79833310214085900574332751989166918
26423 2794535368205941761
87920 5964382901140472335987100976583030605771431432000871807060983179826483562004551132832562143971
37146 791582827096280950500614238170588386804544278201478158176737779311462848673117229118
25913 042480462071260748010581888174909689523503024285897138272092414724437638275
84888 22120094460514679453957550311565944013901244191732298531542512727902456928350450
32109 3399972984140193311818210472542674266504708253216860195778638022406001807079642713
18224 5233141166666963093395491677223348121869202447871
22254 5859294617023160008502870930970718911397727022
26946 91722408774726944289579699623695878482094663550860424999676373204939189437034071021762388
20183 92
36290 019083893436431350749059989156361735681
20412 02003635641910616050889394894703869105764425575909253839565963234048307469900791840715165488791
29671 34244624368730925597426758793665399855958393320
82127 473861172
93428 6164437448
44268 110455232485
2554 2322713173129727685660044113662940197399105546192383
62 367589079551537508722
1946 29729369669353380
25947 9004452556465733182715998185696493294997962102515394465393515960014
76976 689401888765457662021830963222202459519777123761472737322077134
34193 1160691752
40201 84417004913558430600267731119955390808980233084207680444349147551699846839
98679 24742525909404758939749405809473493674541346431901679578904201747994
8747 988908293915858562972865224546735172353579164968066068
28894 3353880621771936806132734295588546351624646
8841 426965634010356558918876238553703740647092304851190258
43438 5432360235635952637378141449727968754335600198448834664896229529590252800199635715856185133
59999 925479569864865987784603780
65012 7524266112123935098281372206713241954618632484511239440860457033594743668531614736
24735 2
10579 76257892550440665626634176452958500763260647520901981713131
98609 77920374514362824935993416001503456068806587205771139070550166919426522736
11795 8405914974349968178
23344 845565909688007348673491659650188855302154002099899688778191871051
80626 0655200848979511686544712972617457430740309785321
70334 6377706170255998141851577469303631358118507070905596426579351
88499 548640312047116047188712447661561354730785325662650812104613217273326175919940135961904171052
54752 360095585341664560045553660207679815336004871974
48592 4911293861353135742126690578333092258
79076 592140151491527205174275565253005026137992715447959099414604
49252 1212501417875046
52949 20140605596797284778230520021982950157692955060783
6904 60274248028867276257852006953627496820339884644563978480692407668552027517
96450 340206250658189367775777823291
47501 2024307042939045740467828905463149270753107147042
72722 10406016535661324066084638582759280417192312674642711958221
77126 803335709468989337310407861817136074220078241120975259154511170181669418937
48492 407367996732037590564442
3528 57205251356920979872961678898030245989793301573324832
63167 11254219517227471899701898738454308623008917412841255387064956519101518694846216234253533954393012
48666 713741297039926706684500070753135070721360572
61318 30492108030833
96762 02896672687218556286773537604137305673863656294200358556140577851706753176032743205
35303 0444275969226511488639243
97849 3474536136564452120265486954894410370
64688 39631679225372339608128802055853305
35519 889973831815972117217
76168 51932340138032153209293430368
63813 729206661899493276494146740780479418157253689784533043237606
71238 03929952197817292773708042071738458812881068306018
38860 16637376421269105409050769910643866403967983538459
77341 5200269699272203198111834300177954356573
62903 80854244656915703045125118856993984181498725042459402838234245069085589930
74427 9632378855242424983483791241983829642295004903006191978659658776991423748099372303047499
97326 7630760580238823234055758667017538988534080425318351838167
27673 63401963175360216361378678707370045650857286
69695 723344554169283166261218417313432350645530692712426441
23548 54
67630 5593037645676191462268154176342886257782
3447 085265824101411455478887311848594580226114883222027292410164168580371217741063602430850681970
69794 14346340959586077288367426157162317369422255923257065322162838565207544862542121792250726046
4689 8872187819464876
25376 248586424588286612130942098522055529488106255308598230234536840436085785278723459485949538023057183
19030 461620584698988893626650349309529665269916771215506107363426902192492070802262415708535761324320881
24144 9733881064479337379538665272650051062972610
81432 3656135
74601 62434227
67883 7991147562333498094099640385363874624433756741971562196620276757965073127225352787
25396 6263510594349517972917680283680750279104672096042
42372 5400576875335131114550758564000222784861258700592700700064365405937994912977107487831271486111776845
33950 300674722953729231329143255279897904854665731203084625984959037371439308261786
58511 037823973151119272027582634690933948292534
58169 83282448
31105 78659898046424453038875382728325766223898082586396503345044777008722765693
55800 65018681972838135960772912694440614649953554962916
46254 355441580806702067408
12818 60217920924521516253679554051
13817 345265730522031390353657364
6366 956201514964869906072695288068570249869199071111946363831697306684524047251
13087 91468087123537346958313829116932301100506591048310
25504 4213876465063530242120720238513333854085804296256716699659289570015361180654490986193645329661516626
3939 6643299518
48745 3651473679256704342387182646457919126903571134852916754050558451166714808
15249 682065107190394525912881337704419522647985491135168637493868732441346262
3841 03164565361425533457301036454672964
57449 396632107907543544307886305238188612629522341708
81334 1575616768117076418072654577671461013964476419875335913877821101049152
29032 16122018159151050861288
8056 096687249339852488522294617690974025471162125354453501698047697388535814283118384776681628003804742
18357 2028343771733635030217769854391376886262135333190854380703999156
36103 848118571679707654981606807
91932 4418912197968033588980188306634
97571 33
28483 420415002833179328714940993891622
17844 9095363269559349919770109716079257891949682394169037439243361535744973808673447201422499773168190
54891 6963132754944224589700558336675387199378839390193868657511375139430930528
94099 334320838553670200796091899586744406289229242285575428
62250 099849485125182818395442341846476041551993290655372804953309102465454
47301 0288853236715217272607084864584964598
39893 0532631345160875493973247950794242671220526851894
39487 3587589218480622509335696930866896008158276
2905 21882363050067190145739913511548185214163411
25716 25879952464646827168012209031110389720064043623
61299 2370284181679072713594701201789302484939191706817829044804375
75562 28092371813814046615
57919 32880765738220666003514989987987989523765586825875211370517589094153
7077 3003010075
31302 1522250100909596768184656074518692337380321515370
12524 2145709340890599435469582542307535651081265970061925422813
2266 25337655666241922
30720 669362239516604521826877848008529995325880233249869804187977129902474941413397705380
55516 2443614096005780687561335240814333023202409765190306793738937004755948332171984423
97066 057402238990493111628731702868083003877305286458584325865098101
34325 1337445725344843498
40989 009778388426612251920739225712967437725390715
88270 438629956557629812384031718317453217384662382142807938079621734197891383727659234582713905963197
48924 1251919756773350498065643857092459967259513914914549239599860580
19616 945841413131943355485444533530
41680 280240909267681301663182846142725337385378824091464420353745920151258532925
41298 848676566
30021 0364227621793289962802038981697199919280055734904299225307622920856404591343154902343
41563 59185417399317778037013022813667255702626105995146145515444043
81540 3542982955167697313589195055207062074681576479817340334388771044780931940950714809817136665716327
99324 6059964134479105017469491387636324883651968089008187917350264304051021411483762277
45386 431926862397123247377349376724838295544446195409249
32771 34118680570185948653970233733199024712391394570925770523593575431673688577
30460 15272107976989344359525698440776192686
51278 11045836506243404309913821112395993613708970
50215 9627714636129757013968041598418555165842656226545110211418915012210781145658608629474559611356
75062 0491459700166658183856842665394501660671382893939449252988873813059338489
80889 4396558331360015997055088702931725632223662286872863
31749 675263757444179183986667691
80364 6368355048722728335031166785444812874750006185
91422 263490610727248143533544329155121
25792 0466320793531617647323708131700833499741107724073130971556340034122395849813043256979287025683952915
25392 135742083601983874323842329562287174005305642357
46680 15134512534012901511140646440225322104174907897928407576397430421180308591149351004050435025
27874 6692076677502119520851326183479074622893608511127035
60258 97463217835399294354666712715631162793048283522066821940748864205629489882326241187223352342388441
66064 43607009298240
86641 8167518358952
20118 74146726197768947972968204162951958004664037977380111938783642896135887786334333
65236 09998
88634 78134200629620267445377275143305259171725328510977440346166792622573823190018449913
63302 40027463137644478992103984645581919391590
352 03628784801642218811234615193488
94377 557900629543378789786243747317196223801567962808605016734958581100593952948872234971307
22843 7868535159810837992445559661593861959829
7718 761
76102 882601821618616894232543714976955311213188116
51971 59864369108654426630140838538856167570689407697057
70762 42392003521657591375371134
84195 7423512065232067138132922449636785047
3624 90912112636069219864936153279058941454283066499267553723806990000084673189277466941755763591646
40185 8093189181848909633118704126771487976452719442127427745639479443034808193663683
28624 020051086528283573300797923146713288710242299688815500236416924486749741343531918
73249 58971
72484 0874484261787223023056856942062866298817057261682223001503037937932
25378 4167818923956481990177860674323509363110144933082661553178727794686935766377340760881066320
11048 37066008660322790053423114492210390454762475355954339020115727113
39550 320608626675353999664050
43654 4007963403779493850103354466976300390349735788
57899 2755179865446499330586578844367446680916
90424 292464785502371655688234990511329710184408296220888718387168379686431595324028492
7810 8671675020132076352109738094562652110546964585
97248 63515606910250966957813562451365615945661380324102794367010942
29594 607181710759
66664 270173817117737520738028095712541984437916783287543079008231791
39995 129587798736840541332279711467221
59976 7852350722599265313095136287512513831868268272699382265512227573266882421443177
62660 297114002990980989451489
29335 76637434613268226768141170924325392506766476351661
38703 284997372623070
52247 88653676721050895725966449047148188163163242952834780010970906675243360506747173364233
8887 2317393581032491498502622491189792252133932
32944 7011491415
88671 918662320128467548166948165682907002535
13842 127029066767662494754908794574815494804815901892983485024333661126
65804 31916297801847230218975009585229962298984876206886214066426692669985304191870406142198157058
23644 559168410322455151699021985
10840 3544517684126689457561571828883757742538042363567597268617889962209719376949013
75985 7061447605811758545216925801
82946 90780596194035698001712591638967923773498037501569732782635427453478810781702
2819 914728503619356904733535508469197434303
50267 368014742944895697543410985247
52685 242435989449757238506956481128450509138701144947104027483766
61568 8594901953854172653153019706638184385518659287705315
29820 657177885793578816519013862215818750123204303159129576251
89782 21240675141394997127864
77579 2737939
69847 247058174822415594
26644 63585044015248665468711105553413439527143194001733875022515198620838780002258624003026487
54680 075548444191434628
73735 778095242790355773811877605864268
20207 400110403062487049644814314760190870958829174052838054869279
50634 196562691179856752501056231335767
5545 218428412520578547789910061427413
32729 412405590690184981856659555
50905 242777195600119403783205631928435771662309101912015565053654378424870948037886903235077161328614
31840 13861282337286685051642864476355613258403
39238 786327323
71523 092331686384924772317455013335742165410170978497212040466182499759302557412
34250 234697091524824339794797309998876650
49545 3689283908344626556986814823114396091496292869722543913355050401995689247147233662449
63883 940368911297
23966 2658820725162963006019202278303150221547143933055267585909982934491635130031841749
61562 73477045055043610410964727907425756422112852099449703823337620163611627
1195 70923893885343554523171226138113
94371 761126709070630798838563854046709147626778037228156099744757722
20954 8580690834648576595133302180417754246680923775214110
97671 69058174600366465411274
71401 25718779176749603619911338093779919522316789615046737329789717
86132 82577662711531015651734167583366529237993688279246950256886930022511312289200327134926
51146 802777636052135522711594069953727122773548859296099631062101095790181731250130
31248 350624731673678117318702888657927077181652747499443871
22730 506790506379114836189119255
37367 2571725865951591249805156759471494677288176301296638436498219125808082067312418
82676 57730827615758578787666184048388316215100842551106735382412554455767066759844381312231325495
27385 2845501776920827838653984865161987494872744371917950453100898339001338195698534
68604 266524658705069695048122123838768
14841 68783156991683181657182987959862157046540618608049331483278137985037752987271525145277779076978
85657 002120142685285593078097782222035028049386273288236740476620303366250409293458326454327012647278272
81247 00461045258073576080
70362 00028158589136057
15635 030236369193822710521320115129006989579133026700512609619232453352335
4552 95748841925785008685580738783181798125932867560728648411527195712307150042189471081696
95443 7640493502879961456719901513817434586486758852092935463169260272726254049888182
39317 7082805605349847170476853221184
33236 385344487560563172803583846392252733868841600267733291758619255084154675
53909 962406063106279110238318860953695026724
81032 07117545482842150816
89698 196792578099832722437316085481
31321 7610902540809695257460
64541 492697185462939385744365529736337999145339213668
24831 041793222505839811823324265236001548591778992841383234429865899
8352 940935146097690672540238951784
33784 093124150027515775740973976381703687008452035503879837709834544600486089969035939792949
2091 611688753456768088665250114039055093097814689841561906137223954705040211
9965 7210574124254621870571208440303358986459618497166287919142817691069
34695 88577658897705022804727165513407882268630547029741510875854335715441529
35338 07774070080824305029318123894485367187097822340127052210206287310258
86309 4123866724816901133262971423734046781194754995532159083422171197
49244 3965020474312294932833645356133004322720530729792
94492 379257628944575896575665274886482981380284639460705022990190776229216034924735158241469
11623 7515875031269067152671655685160085036655721206404382144
34827 515276828893602486965
88064 2489667792411196422191910343530599966851461062564320559822837502789555558570
11657 64834581228259781
98389 56635344889975569922507272102707295795903028833267150048724888
19490 93846976828526322918970886186117265025590533667545708770105809032938113027114857610755555440789366
27363 160981500790633327994165891683749226039131331191359334523969237
33775 01299299439871944371565068873240186251477428034771964225047994489681953096908037577045683353777
19595 5585532060564959330184901066058789424876016
42344 172896033180127208878869448875948973466226993988943298
76288 0138394290080879044162767
54539 416494832280701492836068446588574238703647267189580734576499177224231
18909 79707739586583115481933360630525557558991383285
22131 519
88268 83487879216555529323899083976347454694025241652915026384133803753048
91125 709725074265981313720929354735322695799592944879416373311965333013069741256768557902088
63742 558
31098 2995844985335858334563727632826184687410370791607477770243063707016706346814871636331555083462567
28209 33242360274
69811 7499216971917637523446466714312595979302451345924838120062388
72098 1097836114078926318
2066 46664668885786426
52566 777273635509399989919004084873394932681278831536894161882340263825811099544726511614553833356921846
38499 687908771283288423642555136160039783763456018690945845001835931217351124250976423371209010907518783
76464 8604069396041815053776556714748735103658176045735652335050684483026084176212215756093287206990926
78431 43417026324747459052679930002292868662921351089554921465710660888182731207691816897773404
69079 5
83030 9461928701
46968 1758273401409520051907724851568196331280401817696968903
96086 68555837229234
90708 99656025819671
53378 83737629284359633646121309370400044966239486319740049
