70 70
668018 272136 294519 155848 180328 982548 488960 120696 934144 186849 397012 28075 895016 215610 416961 363993 597329 326126 396183 571860 271669 333714 781276 699054 382167 905547 212326 919764 7599 701151 658370 836077 696688 763651 292554 321858 511931 637885 467965 638547 32576 51836 464846 622435 308644 455558 686264 835933 393931 955435 678957 976222 92826 44218 435100 739833 771161 438888 178479 213846 957395 326897 214937 66801 419677 757406 862361 299409 145123 169365
0 0 1 1 1 0 0 1 1 0 1 1 0 0 0 1 0 1 1 1 0 0 1 0 1 0 0 1 1 1 1 1 1 0 0 1 0 0 1 1 1 0 1 1 0 1 1 1 0 1 0 0 0 1 0 0 0 1 1 0 1 1 0 0 1 1 0 1 0 0
0 1 0 0 0 0 1 1 0 0 1 0 1 1 0 0 1 1 1 0 1 0 0 0 1 0 1 0 1 0 0 0 1 1 1 1 1 1 0 0 1 0 0 0 0 1 0 1 1 1 0 1 0 0 1 0 1 1 1 1 0 0 0 0 1 1 0 0 0 0
0 0 1 1 0 1 1 1 0 1 1 0 1 1 0 1 1 0 1 0 0 0 1 1 1 1 1 0 0 0 1 0 1 0 1 0 0 1 0 1 1 1 1 0 1 1 1 1 1 1 1 0 0 0 1 0 0 0 1 1 1 0 1 1 1 1 1 0 1 0
0 1 0 1 1 0 1 0 1 0 0 0 1 0 1 0 1 0 1 1 1 0 1 1 1 1 1 0 1 0 0 1 0 1 1 1 1 0 1 0 1 1 1 0 0 1 0 0 1 1 0 0 0 1 0 1 1 1 1 1 0 0 0 0 0 0 0 0 0 1
1 1 1 0 1 0 1 0 0 0 1 1 1 0 1 1 0 1 1 0 0 0 1 0 1 0 1 1 0 0 1 0 0 0 0 0 0 1 0 0 0 1 0 1 1 0 0 1 1 1 0 1 1 1 0 0 1 1 1 0 1 1 0 1 1 1 1 0 1 1
1 1 0 0 1 0 1 0 1 1 0 1 1 1 0 1 0 1 1 1 0 0 0 1 0 0 0 1 0 0 0 0 0 1 0 1 0 0 1 1 1 0 1 0 0 1 1 1 1 0 1 0 1 0 0 0 0 0 1 1 1 0 1 1 0 1 0 0 1 1
0 1 1 0 1 1 0 0 0 1 1 1 0 0 1 0 1 0 0 1 1 1 0 1 1 1 0 0 1 0 1 0 0 0 1 1 0 0 1 0 0 0 1 1 1 1 1 0 1 0 0 1 1 1 0 1 1 0 1 0 0 1 1 0 1 1 1 0 1 1
1 0 0 0 0 0 0 0 1 0 0 0 0 0 1 1 0 1 1 0 1 1 1 0 1 1 1 1 0 0 1 1 1 0 1 1 1 0 1 1 1 1 0 1 1 0 1 0 0 0 1 0 0 0 0 0 1 1 0 0 1 1 1 1 0 0 1 0 0 1
1 0 1 0 1 1 0 1 0 1 1 1 0 0 1 0 0 1 0 1 0 0 0 1 0 1 0 1 0 0 1 1 1 0 0 1 1 0 1 0 1 1 0 1 1 1 0 1 0 1 0 0 0 0 1 1 1 0 1 0 1 0 0 0 1 0 1 1 1 0
1 1 0 0 1 1 0 0 0 1 0 1 0 0 0 1 1 0 0 0 0 1 0 0 0 1 1 0 0 1 0 1 1 1 0 0 0 0 1 1 0 1 1 0 1 1 1 1 0 0 0 1 0 1 0 0 0 0 0 1 0 1 0 1 1 1 1 0 0 0
1 0 0 1 1 0 0 0 1 0 1 1 0 0 1 0 0 0 0 1 0 0 1 1 1 1 1 1 1 0 1 1 1 0 0 0 0 1 0 0 0 1 1 0 0 0 1 0 0 1 0 1 1 1 1 1 0 1 1 1 1 1 1 0 1 0 1 1 0 1
0 1 1 1 0 0 0 1 1 0 0 0 1 1 1 0 0 0 0 0 0 1 0 0 0 1 0 0 1 0 1 0 1 1 1 0 0 0 0 1 0 1 0 1 0 1 0 1 0 1 1 1 1 0 0 1 0 1 0 0 1 1 1 0 1 1 1 0 0 1
1 0 0 0 1 0 1 0 0 1 1 0 1 0 0 1 1 0 1 1 1 1 0 1 1 1 0 0 1 0 1 0 0 0 1 0 0 0 1 1 0 1 0 0 1 1 0 1 0 0 0 1 0 1 1 1 1 0 1 0 1 1 1 0 1 1 1 0 0 0
0 1 1 1 1 0 0 0 1 0 0 1 1 1 0 0 1 1 1 0 1 1 1 1 0 1 1 0 0 1 1 0 0 1 1 0 0 0 0 0 1 0 1 1 1 0 1 0 1 1 0 1 0 0 0 0 1 0 1 1 0 1 1 1 0 0 0 1 0 0
1 0 0 0 1 0 1 0 1 1 0 0 1 1 0 0 1 1 1 1 1 0 1 1 1 0 1 0 1 0 0 0 0 0 0 0 1 0 1 0 0 1 0 1 0 1 0 1 0 1 0 0 1 0 0 1 1 0 1 0 0 1 0 1 1 1 1 1 0 1
1 1 0 1 1 0 0 0 0 1 0 1 0 0 1 0 0 1 0 0 0 0 0 0 1 0 1 0 0 1 0 0 1 0 1 0 0 1 1 0 1 1 1 0 0 0 0 0 1 0 1 1 0 1 0 0 1 1 1 1 1 1 1 1 0 0 0 0 1 1
1 1 0 0 1 1 1 0 1 0 0 1 0 1 1 1 0 0 0 1 1 0 1 0 0 1 1 0 1 1 1 0 1 0 1 0 0 1 1 0 0 1 1 0 1 1 1 0 0 0 0 1 1 1 0 1 0 1 0 1 0 0 1 1 0 0 0 1 0 0
0 1 0 0 0 0 0 1 1 1 1 1 1 1 0 1 0 1 1 1 0 1 0 1 1 1 1 1 0 0 1 0 0 0 0 1 0 1 0 1 1 1 0 1 1 1 1 1 1 1 1 1 0 0 0 1 1 0 0 1 0 0 0 0 1 1 0 1 0 1
0 0 1 1 1 0 1 1 0 0 1 1 1 0 0 1 0 1 0 0 1 1 0 1 1 1 1 0 0 0 0 1 1 1 0 1 0 0 1 0 1 0 0 0 0 0 0 0 0 1 0 1 0 0 0 1 1 1 0 0 0 0 0 0 1 0 1 1 0 1
1 1 1 1 1 1 0 1 1 0 1 1 1 1 0 0 1 1 0 1 1 0 1 0 1 1 0 0 0 1 1 1 0 0 1 0 0 0 1 1 1 0 0 0 1 0 0 1 0 0 0 1 1 0 0 1 0 1 1 1 1 0 1 1 1 0 1 1 0 1
0 0 0 0 1 1 0 0 0 0 1 0 0 1 0 1 0 1 1 1 0 1 1 1 0 1 0 0 1 1 1 1 0 0 0 0 0 0 0 0 0 0 0 1 1 0 0 1 1 0 0 0 0 0 1 0 0 0 0 0 0 0 1 0 1 0 1 1 0 1
0 1 1 1 0 0 0 1 0 0 1 0 0 0 0 0 1 0 1 0 1 0 1 0 0 0 1 0 1 0 0 1 0 1 0 1 1 0 1 0 1 1 1 1 0 0 0 1 0 1 0 1 1 0 0 1 0 1 1 1 1 1 0 0 1 0 1 1 1 1
0 1 1 1 1 1 0 0 0 0 0 1 0 1 0 1 1 1 1 1 0 0 1 0 1 1 0 1 1 1 0 1 1 1 0 0 0 1 0 0 0 1 1 0 1 0 0 0 1 0 0 0 0 1 0 1 1 1 1 1 0 0 0 1 1 1 1 0 0 1
1 1 1 0 0 0 1 0 1 1 1 1 1 1 1 0 0 1 0 1 0 0 0 1 1 0 1 1 1 0 1 1 0 0 0 0 0 1 1 0 0 1 1 0 1 0 0 0 0 1 1 0 0 0 1 0 0 0 1 1 0 1 1 0 1 1 0 0 0 0
1 0 1 1 1 0 0 0 0 0 1 0 1 1 0 0 1 1 0 1 0 0 0 1 0 1 1 1 1 0 0 1 0 0 0 1 0 0 0 0 1 0 0 0 0 1 0 0 0 1 1 0 1 1 0 0 0 0 0 0 1 1 0 0 1 1 0 1 0 0
1 0 1 0 0 1 0 0 0 1 1 1 1 0 0 0 1 0 0 1 0 0 1 1 0 0 0 0 0 1 0 0 1 0 1 0 0 0 1 0 0 0 0 1 1 1 1 1 1 1 0 1 0 0 1 0 1 0 1 1 0 0 1 0 0 0 0 1 0 1
1 0 1 1 1 1 1 1 0 1 0 1 1 1 1 1 0 0 0 0 1 1 1 1 1 1 1 1 0 0 1 1 0 1 0 0 1 0 0 1 0 1 1 0 1 1 1 0 1 1 1 1 0 1 1 0 0 0 0 0 1 0 0 1 1 1 0 0 1 1
1 0 0 1 1 1 0 0 0 1 0 1 0 0 1 1 0 0 0 1 0 0 0 1 1 1 0 0 1 0 1 0 0 0 0 1 0 1 0 0 1 0 1 1 0 1 1 1 0 0 1 1 1 1 0 1 0 1 1 1 1 0 0 1 1 1 1 0 0 0
1 1 1 1 0 1 0 0 1 1 1 0 1 1 1 1 0 1 0 0 1 0 1 0 0 1 1 0 1 1 0 1 1 0 0 1 0 1 0 1 0 0 1 0 0 1 1 1 1 1 1 1 1 0 1 1 1 1 1 0 0 0 1 0 1 0 0 1 0 0
1 1 1 1 1 0 1 1 0 1 0 0 1 0 1 0 0 0 0 1 1 1 0 1 1 1 1 1 0 1 1 1 1 1 1 0 1 1 1 1 1 0 0 1 0 1 1 0 1 1 0 1 1 1 1 1 0 1 0 1 1 1 1 0 0 1 0 0 1 0
0 0 0 1 1 0 0 0 0 0 0 0 0 0 0 1 1 1 1 1 0 1 1 0 0 0 1 0 0 0 0 1 0 1 1 0 1 1 1 0 1 1 1 0 0 1 1 0 1 1 1 1 1 0 0 1 1 1 1 0 0 0 1 1 0 1 0 1 1 0
0 0 0 0 1 0 0 0 0 0 1 1 0 1 1 1 0 0 0 1 0 1 0 0 0 1 1 0 0 0 0 0 1 1 1 1 0 0 0 1 1 1 1 0 0 0 0 0 1 0 0 0 0 0 1 0 0 1 1 0 0 0 0 0 1 1 1 0 0 0
1 1 1 0 0 1 0 1 0 1 1 1 0 0 1 0 0 1 0 1 0 0 0 0 1 1 0 0 1 0 1 1 0 1 0 0 1 0 1 0 0 0 0 1 0 1 1 0 1 0 1 1 1 0 1 0 0 1 1 1 1 1 1 1 1 1 1 1 0 0
1 1 0 0 1 1 0 0 0 0 0 1 0 0 1 1 0 1 0 0 1 0 0 1 0 0 0 1 1 1 0 1 0 1 1 0 1 0 0 1 1 0 0 1 0 1 0 1 1 0 1 1 1 0 0 0 1 0 0 0 1 1 0 1 1 1 0 0 0 1
1 0 0 0 0 0 1 0 0 0 0 1 1 0 0 0 1 0 1 1 0 1 0 0 0 1 1 1 1 0 1 0 0 0 1 1 0 0 0 0 0 0 1 0 1 0 1 0 0 1 0 1 0 0 1 0 0 0 0 0 0 1 0 1 1 0 1 0 0 1
1 0 0 1 1 0 0 0 0 0 0 0 0 1 1 1 1 1 0 0 0 0 1 0 1 0 1 0 1 1 1 1 0 0 1 1 1 1 0 0 0 1 1 0 0 0 1 1 0 0 1 1 0 1 1 1 1 0 1 1 1 1 1 0 0 0 0 1 1 1
0 0 0 0 1 1 0 0 0 1 0 0 0 0 1 0 1 0 1 0 1 1 1 0 0 1 0 0 1 1 0 0 0 1 0 1 1 1 1 1 0 1 0 1 1 0 1 0 1 0 1 0 1 0 0 0 0 0 0 1 0 0 1 0 0 1 0 0 0 1
0 0 1 1 1 1 1 1 0 1 0 0 1 0 0 1 1 1 1 0 1 0 0 0 0 1 1 0 0 1 1 1 1 0 1 0 1 1 0 1 1 1 1 0 0 1 0 1 0 1 1 1 0 1 0 0 1 0 0 0 1 1 1 0 0 1 1 0 0 0
0 1 1 1 0 1 1 0 0 1 0 0 1 1 1 1 0 1 0 1 1 1 0 1 1 1 0 1 1 0 1 0 1 0 0 0 1 1 0 1 1 1 1 1 0 0 0 1 0 0 0 1 0 1 0 0 0 0 1 1 1 1 0 1 1 0 0 0 0 0
1 1 0 1 1 0 0 0 1 1 1 0 0 1 0 1 1 0 0 1 1 1 0 1 0 0 0 1 0 1 0 1 1 0 0 1 1 1 1 1 1 1 0 0 0 1 0 1 1 1 0 1 0 0 1 0 0 0 1 0 1 1 0 1 1 0 0 0 0 1
0 0 1 1 1 0 1 1 0 0 1 0 0 1 0 1 0 1 0 1 0 0 1 0 0 1 1 0 0 1 1 1 1 1 1 0 0 1 0 0 0 1 1 1 0 1 1 0 0 1 0 1 1 1 0 0 1 0 1 1 1 0 0 1 1 0 0 1 0 0
1 0 1 0 0 1 1 1 0 1 1 0 1 1 1 1 1 0 0 1 0 0 0 0 1 0 1 0 0 0 0 1 0 1 0 1 0 1 0 0 1 1 1 0 0 0 1 1 1 0 1 1 1 1 1 1 0 1 1 0 1 0 0 0 1 1 1 1 1 1
1 0 1 1 1 1 1 0 1 0 0 0 0 0 0 0 0 1 0 0 1 0 0 0 0 1 1 0 0 0 1 1 0 0 1 1 0 1 0 1 0 1 0 1 1 1 1 1 0 1 0 1 0 1 0 0 1 1 1 0 0 0 0 0 0 1 1 1 1 0
0 0 1 1 0 0 1 0 1 1 1 0 0 0 1 0 0 0 0 1 1 0 0 1 0 1 0 0 1 0 0 0 0 0 0 1 0 1 1 1 1 1 0 1 0 0 0 1 0 0 1 1 0 0 0 1 0 0 0 0 0 1 1 0 0 1 1 0 1 0
1 1 1 1 0 0 1 0 1 0 0 1 0 0 1 1 0 0 0 1 1 0 0 0 0 1 0 1 0 0 0 0 0 1 0 1 0 1 0 0 1 1 0 0 0 1 1 0 1 1 1 0 1 1 0 1 0 1 1 1 0 1 1 0 1 1 0 0 1 0
1 1 0 1 1 1 1 0 1 1 0 0 0 0 0 1 1 1 0 0 1 0 0 0 0 0 0 1 1 1 0 0 1 1 0 1 0 1 0 1 0 0 1 0 1 0 1 0 0 1 0 1 0 0 0 0 0 0 1 0 0 0 1 0 0 0 1 1 1 1
0 1 0 1 0 0 0 1 1 1 0 1 0 1 0 1 1 1 0 1 1 1 0 0 1 0 0 0 1 0 1 1 1 0 0 1 0 0 1 1 0 0 0 1 1 0 1 0 1 0 0 0 0 0 1 1 1 0 0 1 0 0 0 1 1 0 0 1 0 0
1 0 0 0 1 0 0 0 1 0 0 1 0 1 0 0 1 1 1 1 1 1 1 1 0 1 1 1 1 1 0 1 1 1 0 0 1 0 1 0 1 1 0 0 1 0 1 1 1 1 1 0 1 1 1 1 0 0 0 1 1 0 0 1 0 0 1 0 0 0
1 1 0 1 1 0 0 0 1 1 0 0 0 1 0 1 0 0 1 1 1 0 0 1 1 1 0 0 0 0 1 1 0 1 0 1 1 0 1 0 0 1 0 1 0 1 0 1 0 0 0 0 1 1 0 0 0 0 1 0 0 1 0 0 0 0 1 0 1 0
0 0 1 0 1 0 1 1 1 0 0 0 1 0 1 0 1 1 1 1 0 0 0 0 0 0 1 1 0 0 1 0 0 1 0 1 0 1 1 0 1 1 0 0 0 0 0 0 1 1 0 1 1 0 1 1 0 0 1 1 0 1 0 1 0 1 0 1 0 0
0 1 1 0 1 1 1 0 0 1 1 0 0 1 1 1 1 0 0 1 0 0 1 0 0 0 0 0 1 1 0 0 0 1 1 0 0 1 1 0 1 1 1 0 0 0 0 0 1 0 0 1 1 0 1 0 1 1 0 1 1 0 1 0 0 0 1 1 1 0
1 0 0 0 0 1 0 0 0 1 1 0 1 0 0 0 1 1 0 0 1 1 0 0 0 0 0 1 0 1 0 0 1 1 0 0 0 1 0 1 1 0 1 0 1 1 1 1 1 1 0 0 0 0 0 0 0 0 1 0 1 0 0 1 0 0 1 1 1 0
1 0 1 0 0 0 0 1 1 1 0 1 0 0 1 0 1 0 1 1 0 1 0 0 1 1 0 1 1 0 1 1 0 1 0 1 1 1 0 0 1 0 1 0 0 0 0 0 0 0 0 0 1 1 1 1 0 1 1 1 1 1 0 0 1 1 1 1 0 1
1 0 1 1 0 0 0 0 0 1 1 1 1 1 0 1 1 0 0 1 1 1 0 1 0 0 0 1 0 0 1 0 1 0 0 0 1 1 0 1 0 0 1 0 0 1 0 1 1 1 0 0 0 1 0 1 0 0 0 1 0 0 1 0 1 0 0 0 1 1
1 0 0 0 0 1 0 0 1 0 1 1 1 0 0 1 1 1 0 0 0 1 0 1 1 1 1 1 1 0 1 0 0 1 0 0 0 0 0 0 1 0 0 0 0 1 0 1 0 1 1 0 0 1 0 0 1 1 0 0 0 0 1 0 1 0 1 1 1 0
0 1 0 1 0 0 0 0 0 0 1 1 1 1 0 0 0 1 1 1 1 1 0 0 1 1 1 0 0 1 1 0 0 1 0 1 1 0 1 0 0 1 1 0 0 1 1 1 0 1 0 0 0 0 0 1 0 0 0 0 1 1 0 0 1 0 1 0 0 1
1 0 1 0 1 1 0 0 0 1 1 1 1 0 1 0 0 0 0 0 0 0 0 1 1 1 0 1 0 0 0 0 1 0 0 0 1 0 1 0 1 0 0 1 0 1 1 0 0 1 0 1 1 0 0 1 0 1 1 0 1 0 0 1 1 0 1 0 1 0
1 1 0 0 0 1 0 0 1 0 0 0 1 1 1 1 0 0 0 0 0 1 1 0 0 0 0 0 1 0 0 0 1 1 0 0 1 0 1 1 1 0 1 0 0 1 0 0 0 1 1 1 0 1 1 0 0 1 1 1 0 0 1 0 1 1 0 0 1 1
1 1 1 1 0 0 0 0 1 1 0 0 1 1 0 1 1 1 0 1 0 0 0 0 0 0 0 1 0 1 1 0 1 1 1 0 1 0 0 0 0 0 1 1 0 0 0 1 1 0 1 1 1 1 1 1 1 1 0 0 0 0 1 1 0 1 0 1 0 0
1 1 0 0 0 1 0 0 0 1 0 1 0 1 1 1 1 0 1 1 1 1 1 1 0 1 0 1 1 0 0 1 1 0 1 0 1 1 1 1 1 0 0 1 1 0 1 1 0 1 1 0 1 0 0 0 0 0 1 0 1 0 0 0 0 0 1 0 0 1
0 1 0 1 1 0 0 0 1 1 1 1 1 0 0 1 1 0 1 0 1 1 0 0 0 1 1 1 0 1 0 1 1 0 1 0 1 0 0 1 1 1 0 1 1 1 0 0 1 1 1 1 0 0 0 0 1 0 1 1 0 1 0 0 1 1 0 0 0 1
0 1 0 1 1 1 0 1 0 0 0 1 0 1 0 1 0 0 1 0 0 1 1 0 0 1 1 0 0 1 0 1 0 0 0 0 1 1 1 1 0 0 0 0 0 0 0 1 0 1 0 0 0 0 0 1 0 0 1 1 0 1 0 0 1 0 1 1 1 1
0 1 0 1 0 0 0 1 0 0 1 1 0 0 0 0 1 1 1 0 1 1 0 0 0 1 1 0 1 0 1 0 1 0 1 1 1 1 0 0 0 1 0 1 1 0 0 1 0 0 0 1 1 1 1 0 1 0 0 0 0 0 0 1 1 0 0 0 1 0
1 0 1 1 1 0 1 1 1 0 0 0 1 1 0 1 1 1 0 1 1 0 0 1 0 0 1 1 1 1 0 1 0 0 0 1 0 1 1 0 0 0 0 0 0 1 1 1 0 0 1 1 1 1 0 1 1 0 1 1 1 0 1 1 1 0 1 0 0 1
1 1 1 1 0 1 0 0 0 0 1 1 0 1 0 0 1 0 1 0 1 0 1 0 1 1 0 0 0 1 1 1 1 0 0 1 1 1 0 0 0 1 1 0 0 1 0 1 1 0 0 0 0 0 1 1 0 1 1 1 0 1 1 0 0 0 0 1 0 0
0 1 0 0 0 0 1 0 1 1 0 1 0 0 1 0 1 1 0 1 1 0 0 0 0 0 1 0 0 0 1 1 0 0 0 0 0 0 1 0 1 0 1 0 0 0 0 0 1 0 0 0 1 1 0 0 0 1 0 0 0 0 0 1 1 0 0 1 0 0
0 1 0 0 0 1 0 1 1 1 0 0 1 0 0 0 0 0 1 0 0 0 0 1 1 0 0 1 0 1 1 0 0 1 1 1 0 1 0 0 1 0 1 1 1 1 0 0 1 0 0 0 1 1 1 0 1 0 1 1 1 1 1 1 1 0 0 1 0 0
1 1 0 1 0 0 0 1 1 1 0 1 0 1 1 0 0 0 1 0 0 1 0 0 0 0 0 0 1 0 0 0 0 1 1 0 0 1 1 0 0 1 1 0 1 1 1 1 1 1 1 1 0 0 1 0 1 1 1 0 1 1 0 1 1 1 1 1 0 1
1 0 1 0 1 1 1 1 0 0 0 1 0 1 0 1 1 1 1 1 1 0 1 0 1 1 1 1 1 1 0 1 0 0 1 0 0 0 1 0 1 0 0 1 0 0 0 1 1 1 1 0 1 0 1 0 0 0 0 1 0 1 0 1 0 0 0 1 0 0
1 0 0 1 1 0 1 1 0 1 1 0 0 0 1 1 1 1 1 1 0 1 1 1 0 1 0 1 0 0 0 0 0 1 1 0 0 0 1 1 1 0 1 0 1 1 1 0 0 1 0 0 1 0 1 0 1 0 1 0 1 1 1 0 1 0 0 0 0 1
0 5 39 35 30 16 28 8 22 37 2 16 50 37 25 41 30 43 36 44 28 47 24 6 13 45 16 41 49 2 16 23 28 24 9 21 3 2 25 14 9 5 4 41 23 50 26 26 1 12 9 0 0 35 20 5 27 16 27 23 25 24 2 41 28 30 43 22 13 20
5 0 25 32 8 21 35 41 50 49 5 8 49 16 24 17 48 14 13 27 19 48 32 12 8 3 11 19 45 10 40 34 43 0 2 19 22 35 27 25 31 26 40 26 41 48 14 46 11 50 44 35 19 46 5 34 4 37 5 30 26 39 31 36 24 21 6 14 41 42
39 25 0 35 45 40 40 2 40 38 19 45 27 32 40 46 2 13 7 50 42 47 20 36 37 19 24 18 39 6 3 19 5 3 19 10 18 28 17 11 25 30 33 9 11 47 18 14 41 2 32 30 44 47 34 2 28 20 28 16 16 49 23 3 12 45 15 11 32 5
35 32 35 0 44 19 21 31 44 50 28 50 15 14 43 40 26 4 5 20 12 22 14 24 17 45 44 3 27 17 38 7 48 2 9 4 15 12 18 8 8 39 36 25 15 15 27 4 31 41 38 42 22 44 43 40 14 35 18 20 9 4 26 0 9 10 3 15 24 19
30 8 45 44 0 25 25 25 37 0 33 8 17 8 26 44 42 20 3 43 25 28 22 41 31 7 14 48 0 43 19 49 23 26 32 20 24 34 25 19 30 45 43 21 44 40 48 0 12 14 2 32 8 13 19 22 24 21 2 42 24 47 35 25 13 40 8 2 15 7
16 21 40 19 25 0 42 2 8 26 34 7 11 44 9 13 5 33 11 41 28 43 8 2 27 2 36 17 31 21 25 28 20 45 11 8 7 16 34 12 3 12 22 39 33 13 35 40 22 39 6 2 1 5 35 3 8 48 19 29 40 9 49 42 14 29 42 45 21 45
28 35 40 21 25 42 0 50 44 29 25 44 46 46 3 28 4 49 39 48 12 17 4 39 21 15 20 17 32 15 11 16 43 5 31 49 2 30 33 2 45 50 38 9 10 2 30 25 19 17 1 18 23 43 48 39 46 36 12 5 30 32 31 1 18 46 49 9 20 35
8 41 2 31 25 2 50 0 34 1 8 41 41 2 16 14 21 6 18 9 5 25 27 46 17 36 8 35 45 0 0 3 20 41 17 43 42 45 9 15 5 1 7 28 21 19 45 47 0 16 10 11 19 23 31 40 22 37 49 43 15 15 36 1 29 0 30 9 39 47
22 50 40 44 37 8 44 34 0 50 23 8 9 27 30 13 0 1 13 38 22 34 50 5 32 7 14 36 17 4 12 16 10 48 1 14 2 34 30 46 7 1 0 26 45 39 35 2 42 2 41 24 26 14 27 15 9 14 11 31 10 6 17 11 36 2 5 17 32 47
37 49 38 50 0 26 29 1 50 0 21 16 25 30 29 49 36 3 11 1 5 3 0 13 34 31 9 11 22 35 7 33 14 6 24 36 23 35 48 4 10 8 9 26 5 3 30 47 8 11 17 8 49 49 50 21 48 22 21 49 19 32 37 39 30 7 1 44 30 32
2 5 19 28 33 34 25 8 23 21 0 2 46 46 45 16 48 31 28 25 49 36 7 29 9 30 14 17 12 29 25 18 13 47 1 50 39 43 6 36 26 38 29 23 6 11 44 21 48 36 50 27 9 41 14 31 4 15 38 39 7 2 25 28 30 10 35 38 15 9
16 8 45 50 8 7 44 41 8 16 2 0 3 19 1 31 15 37 35 15 1 2 1 28 3 30 48 1 19 27 32 46 32 37 40 31 44 29 1 35 6 5 17 4 2 25 25 27 12 39 34 25 22 41 37 30 8 2 24 21 15 33 31 9 22 10 26 31 1 36
50 49 27 15 17 11 46 41 9 25 46 3 0 39 33 39 28 31 27 23 18 44 41 2 1 6 30 2 45 20 4 27 15 50 17 26 4 33 19 1 32 48 43 15 49 26 36 44 48 8 18 15 32 30 6 6 24 31 31 20 20 6 24 47 17 11 43 41 22 5
37 16 32 14 8 44 46 2 27 30 46 19 39 0 29 2 12 33 6 9 47 48 21 44 33 32 24 13 49 35 1 35 17 50 13 34 7 40 34 43 10 40 9 43 43 36 14 3 35 36 0 36 14 23 43 41 38 20 30 42 14 45 4 28 46 37 19 16 43 9
25 24 40 43 26 9 3 16 30 29 45 1 33 29 0 2 34 34 6 34 24 43 20 23 29 0 5 37 2 27 7 26 9 42 25 40 27 13 17 18 36 2 15 46 41 12 42 39 0 10 29 4 14 17 4 1 19 7 38 32 29 28 45 15 18 42 14 38 40 32
41 17 46 40 44 13 28 14 13 49 16 31 39 2 2 0 33 9 50 22 8 4 14 20 16 17 22 39 31 19 49 12 10 47 30 33 25 36 18 12 7 6 19 30 35 1 7 46 4 35 33 50 18 15 20 31 35 41 12 0 31 1 37 19 40 8 11 34 28 11
30 48 2 26 42 5 4 21 0 36 48 15 28 12 34 33 0 19 18 43 2 23 7 13 3 12 31 48 34 23 11 39 39 49 25 2 13 3 23 17 8 26 28 16 38 40 28 22 23 26 46 38 37 24 37 47 37 19 22 17 37 19 23 29 28 10 17 42 35 27
43 14 13 4 20 33 49 6 1 3 31 37 31 33 34 9 19 0 14 1 39 26 1 5 12 47 31 34 42 35 27 42 3 18 24 27 48 15 21 5 35 14 33 33 37 36 44 19 27 31 44 42 32 38 31 3 17 21 12 24 47 40 49 16 19 31 46 25 26 49
36 13 7 5 3 11 39 18 13 11 28 35 27 6 6 50 18 14 0 35 38 23 17 35 4 17 1 43 3 38 50 37 49 0 13 23 25 8 14 23 49 28 33 44 47 25 27 9 7 24 15 39 6 26 34 21 49 37 44 1 43 48 35 5 10 27 26 49 43 3
44 27 50 20 43 41 48 9 38 1 25 15 23 9 34 22 43 1 35 0 19 43 19 1 13 3 29 44 11 36 11 23 41 1 9 49 9 1 24 43 13 36 4 20 9 18 18 5 14 43 45 6 22 48 24 24 19 36 25 40 50 22 39 25 41 3 48 11 4 30
28 19 42 12 25 28 12 5 22 5 49 1 18 47 24 8 2 39 38 19 0 11 49 0 32 4 37 22 0 20 9 43 21 15 48 27 41 4 30 8 39 0 32 23 44 8 7 26 50 24 14 30 17 31 12 35 5 13 19 1 5 31 24 5 2 39 34 18 43 1
47 48 47 22 28 43 17 25 34 3 36 2 44 48 43 4 23 26 23 43 11 0 10 50 23 34 17 22 34 37 50 21 1 0 4 28 38 2 13 17 7 50 36 9 29 33 47 31 13 29 1 43 43 32 48 40 16 21 39 36 17 16 38 26 36 50 43 5 17 4
24 32 20 14 22 8 4 27 50 0 7 1 41 21 20 14 7 1 17 19 49 10 0 26 7 5 36 29 17 29 45 38 23 42 14 42 30 30 47 4 25 16 15 17 19 14 7 21 2 29 47 10 12 26 12 48 4 28 45 49 27 1 21 40 9 34 41 45 19 44
6 12 36 24 41 2 39 46 5 13 29 28 2 44 23 20 13 5 35 1 0 50 26 0 48 36 28 27 24 6 25 4 38 9 46 32 29 21 14 6 37 8 34 49 14 10 47 48 9 2 28 33 5 33 19 40 0 25 45 32 40 2 26 50 23 44 37 16 41 42
13 8 37 17 31 27 21 17 32 34 9 3 1 33 29 16 3 12 4 13 32 23 7 48 0 27 39 17 4 29 8 24 43 24 47 4 21 23 15 10 11 1 19 44 9 11 26 30 36 34 23 0 1 46 26 3 17 37 34 37 34 48 43 44 19 15 30 46 2 5
45 3 19 45 7 2 15 36 7 31 30 30 6 32 0 17 12 47 17 3 4 34 5 36 27 0 8 32 15 44 4 13 24 12 6 18 50 18 32 26 16 49 16 23 19 12 8 8 38 38 41 48 9 32 35 26 26 6 31 25 37 14 33 5 5 7 43 22 10 18
16 11 24 44 14 36 20 8 14 9 14 48 30 24 5 22 31 31 1 29 37 17 36 28 39 8 0 22 32 20 14 21 29 49 26 2 35 17 40 12 31 34 35 45 24 33 31 9 38 40 25 10 1 29 31 39 28 13 11 31 37 45 50 48 34 1 36 10 8 24
41 19 18 3 48 17 17 35 36 11 17 1 2 13 37 39 48 34 43 44 22 22 29 27 17 32 22 0 23 4 50 10 14 46 16 25 35 27 22 5 29 21 15 48 23 5 45 46 32 34 27 1 22 12 47 10 5 42 16 28 36 34 1 26 48 43 37 11 27 17
49 45 39 27 0 31 32 45 17 22 12 19 45 49 2 31 34 42 3 11 0 34 17 24 4 15 32 23 0 29 29 36 15 33 7 31 39 1 18 11 22 24 17 13 5 9 13 35 0 30 47 48 29 4 5 14 46 39 13 26 50 3 12 19 50 33 41 25 9 24
2 10 6 17 43 21 15 0 4 35 29 27 20 35 27 19 23 35 38 36 20 37 29 6 29 44 20 4 29 0 8 15 49 20 12 43 28 5 50 14 1 18 45 10 17 11 35 4 24 12 22 18 1 50 24 48 8 14 29 20 48 24 16 42 39 11 15 24 50 5
16 40 3 38 19 25 11 0 12 7 25 32 4 1 7 49 11 27 50 11 9 50 45 25 8 4 14 50 29 8 0 16 2 36 16 15 39 31 33 21 6 4 7 35 32 4 32 28 1 45 39 44 13 42 13 44 43 3 27 48 11 7 44 28 48 25 31 18 47 22
23 34 19 7 49 28 16 3 16 33 18 46 27 35 26 12 39 42 37 23 43 21 38 4 24 13 21 10 36 15 16 0 28 24 41 8 22 8 14 26 48 19 6 12 48 46 43 14 1 29 48 37 46 49 30 42 17 40 14 20 41 41 45 0 8 17 6 34 12 23
28 43 5 48 23 20 43 20 10 14 13 32 15 17 9 10 39 3 49 41 21 1 23 38 43 24 29 14 15 49 2 28 0 33 14 1 7 26 45 38 34 3 22 48 47 46 10 11 7 38 0 6 32 29 50 16 48 21 35 45 23 25 5 15 23 50 29 43 43 45
24 0 3 2 26 45 5 41 48 6 47 37 50 50 42 47 49 18 0 1 15 0 42 9 24 12 49 46 33 20 36 24 33 0 48 19 41 1 31 5 6 33 6 4 23 6 14 20 2 38 2 17 0 1 50 5 36 10 46 18 45 42 23 41 2 48 33 17 41 1
9 2 19 9 32 11 31 17 1 24 1 40 17 13 25 30 25 24 13 9 48 4 14 46 47 6 26 16 7 12 16 41 14 48 0 31 36 48 17 32 10 29 45 48 44 14 42 7 35 14 41 38 26 24 50 45 3 45 12 3 31 37 33 25 23 29 47 26 9 41
21 19 10 4 20 8 49 43 14 36 50 31 26 34 40 33 2 27 23 49 27 28 42 32 4 18 2 25 31 43 15 8 1 19 31 0 7 25 49 22 39 31 44 13 8 39 17 4 50 21 23 3 20 12 25 47 13 31 6 11 44 45 48 46 50 25 47 48 47 21
3 22 18 15 24 7 2 42 2 23 39 44 4 7 27 25 13 48 25 9 41 38 30 29 21 50 35 35 39 28 39 22 7 41 36 7 0 25 47 5 31 7 49 31 39 48 15 10 38 46 27 25 24 38 49 4 30 14 17 21 12 10 10 16 10 25 2 5 10 4
2 35 28 12 34 16 30 45 34 35 43 29 33 40 13 36 3 15 8 1 4 2 30 21 23 18 17 27 1 5 31 8 26 1 48 25 25 0 5 48 40 36 34 35 44 45 17 41 17 21 12 32 30 50 28 42 26 11 11 25 4 34 33 4 4 50 8 31 4 33
25 27 17 18 25 34 33 9 30 48 6 1 19 34 17 18 23 21 14 24 30 13 47 14 15 32 40 22 18 50 33 14 45 31 17 49 47 5 0 48 24 36 19 30 37 7 41 23 9 12 11 7 42 30 19 30 33 4 21 9 9 33 35 21 34 36 44 9 50 12
14 25 11 8 19 12 2 15 46 4 36 35 1 43 18 12 17 5 23 43 8 17 4 6 10 26 12 5 11 14 21 26 38 5 32 22 5 48 48 0 6 14 3 8 38 25 11 20 29 3 44 49 32 43 48 49 37 27 6 8 16 30 16 29 22 17 13 32 41 47
9 31 25 8 30 3 45 5 7 10 26 6 32 10 36 7 8 35 49 13 39 7 25 37 11 16 31 29 22 1 6 48 34 6 10 39 31 40 24 6 0 46 24 23 38 45 37 34 1 0 35 23 2 26 25 30 17 4 16 36 19 39 49 16 18 32 26 30 7 44
5 26 30 39 45 12 50 1 1 8 38 5 48 40 2 6 26 14 28 36 0 50 16 8 1 49 34 21 24 18 4 19 3 33 29 31 7 36 36 14 46 0 29 14 23 3 37 19 44 19 30 22 14 10 34 9 10 3 23 26 4 44 6 4 17 11 15 28 6 29
4 40 33 36 43 22 38 7 0 9 29 17 43 9 15 19 28 33 33 4 32 36 15 34 19 16 35 15 17 45 7 6 22 6 45 44 49 34 19 3 24 29 0 14 0 8 7 1 23 40 23 22 28 17 7 20 28 13 35 47 1 1 43 45 23 41 47 30 19 16
41 26 9 25 21 39 9 28 26 26 23 4 15 43 46 30 16 33 44 20 23 9 17 49 44 23 45 48 13 10 35 12 48 4 48 13 31 35 30 8 23 14 14 0 40 45 18 5 16 39 27 7 1 20 16 41 7 17 8 9 0 25 45 43 30 15 49 8 11 3
23 41 11 15 44 33 10 21 45 5 6 2 49 43 41 35 38 37 47 9 44 29 19 14 9 19 24 23 5 17 32 48 47 23 44 8 39 44 37 38 38 23 0 40 0 34 18 37 29 3 18 17 30 2 9 47 3 47 35 46 1 23 28 26 46 0 34 20 26 34
50 48 47 15 40 13 2 19 39 3 11 25 26 36 12 1 40 36 25 18 8 33 14 10 11 12 33 5 9 11 4 46 46 6 14 39 48 45 7 25 45 3 8 45 34 0 6 3 30 28 38 33 5 16 19 6 0 39 11 13 29 17 45 47 0 30 13 35 34 50
26 14 18 27 48 35 30 45 35 30 44 25 36 14 42 7 28 44 27 18 7 47 7 47 26 8 31 45 13 35 32 43 10 14 42 17 15 17 41 11 37 37 7 18 18 6 0 36 20 35 26 36 12 10 33 2 38 28 18 27 27 7 16 16 13 25 1 18 10 13
26 46 14 4 0 40 25 47 2 47 21 27 44 3 39 46 22 19 9 5 26 31 21 48 30 8 9 46 35 4 28 14 11 20 7 4 10 41 23 20 34 19 1 5 37 3 36 0 18 12 10 26 20 7 2 22 21 0 21 4 24 18 29 34 27 9 37 44 45 16
1 11 41 31 12 22 19 0 42 8 48 12 48 35 0 4 23 27 7 14 50 13 2 9 36 38 38 32 0 24 1 1 7 2 35 50 38 17 9 29 1 44 23 16 29 30 20 18 0 9 26 18 3 26 26 48 5 23 36 12 27 49 17 6 48 45 13 23 23 3
12 50 2 41 14 39 17 16 2 11 36 39 8 36 10 35 26 31 24 43 24 29 29 2 34 38 40 34 30 12 45 29 38 38 14 21 46 21 12 3 0 19 40 39 3 28 35 12 9 0 33 42 7 28 22 14 29 41 2 5 26 49 48 2 7 38 28 23 5 27
9 44 32 38 2 6 1 10 41 17 50 34 18 0 29 33 46 44 15 45 14 1 47 28 23 41 25 27 47 22 39 48 0 2 41 23 27 12 11 44 35 30 23 27 18 38 26 10 26 33 0 1 22 40 45 12 3 13 9 12 33 1 22 35 11 30 32 8 39 20
0 35 30 42 32 2 18 11 24 8 27 25 15 36 4 50 38 42 39 6 30 43 10 33 0 48 10 1 48 18 44 37 6 17 38 3 25 32 7 49 23 22 22 7 17 33 36 26 18 42 1 0 5 15 30 36 27 32 12 30 48 24 7 23 29 7 5 20 15 12
0 19 44 22 8 1 23 19 26 49 9 22 32 14 14 18 37 32 6 22 17 43 12 5 1 9 1 22 29 1 13 46 32 0 26 20 24 30 42 32 2 14 28 1 30 5 12 20 3 7 22 5 0 20 33 43 19 8 38 25 38 15 27 3 50 50 6 12 2 35
35 46 47 44 13 5 43 23 14 49 41 41 30 23 17 15 24 38 26 48 31 32 26 33 46 32 29 12 4 50 42 49 29 1 24 12 38 50 30 43 26 10 17 20 2 16 10 7 26 28 40 15 20 0 15 23 39 38 2 4 2 4 45 24 16 0 34 13 22 15
20 5 34 43 19 35 48 31 27 50 14 37 6 43 4 20 37 31 34 24 12 48 12 19 26 35 31 47 5 24 13 30 50 50 50 25 49 28 19 48 25 34 7 16 9 19 33 2 26 22 45 30 33 15 0 4 40 31 34 49 28 7 3 41 43 40 41 37 20 7
5 34 2 40 22 3 39 40 15 21 31 30 6 41 1 31 47 3 21 24 35 40 48 40 3 26 39 10 14 48 44 42 16 5 45 47 4 42 30 49 30 9 20 41 47 6 2 22 48 14 12 36 43 23 4 0 28 24 2 27 22 33 41 3 12 19 19 2 10 26
27 4 28 14 24 8 46 22 9 48 4 8 24 38 19 35 37 17 49 19 5 16 4 0 17 26 28 5 46 8 43 17 48 36 3 13 30 26 33 37 17 10 28 7 3 0 38 21 5 29 3 27 19 39 40 28 0 4 14 9 23 26 12 8 47 33 33 8 37 2
16 37 20 35 21 48 36 37 14 22 15 2 31 20 7 41 19 21 37 36 13 21 28 25 37 6 13 42 39 14 3 40 21 10 45 31 14 11 4 27 4 3 13 17 47 39 28 0 23 41 13 32 8 38 31 24 4 0 4 5 23 11 18 14 37 36 46 17 5 33
27 5 28 18 2 19 12 49 11 21 38 24 31 30 38 12 22 12 44 25 19 39 45 45 34 31 11 16 13 29 27 14 35 46 12 6 17 11 21 6 16 23 35 8 35 11 18 21 36 2 9 12 38 2 34 2 14 4 0 44 5 6 36 15 50 19 38 50 20 0
23 30 16 20 42 29 5 43 31 49 39 21 20 42 32 0 17 24 1 40 1 36 49 32 37 25 31 28 26 20 48 20 45 18 3 11 21 25 9 8 36 26 47 9 46 13 27 4 12 5 12 30 25 4 49 27 9 5 44 0 40 15 22 39 50 42 13 47 12 37
25 26 16 9 24 40 30 15 10 19 7 15 20 14 29 31 37 47 43 50 5 17 27 40 34 37 37 36 50 48 11 41 23 45 31 44 12 4 9 16 19 4 1 0 1 29 27 24 27 26 33 48 38 2 28 22 23 23 5 40 0 2 40 16 27 48 50 40 38 25
24 39 49 4 47 9 32 15 6 32 2 33 6 45 28 1 19 40 48 22 31 16 1 2 48 14 45 34 3 24 7 41 25 42 37 45 10 34 33 30 39 44 1 25 23 17 7 18 49 49 1 24 15 4 7 33 26 11 6 15 2 0 14 31 7 36 4 34 26 5
2 31 23 26 35 49 31 36 17 37 25 31 24 4 45 37 23 49 35 39 24 38 21 26 43 33 50 1 12 16 44 45 5 23 33 48 10 33 35 16 49 6 43 45 28 45 16 29 17 48 22 7 27 45 3 41 12 18 36 22 40 14 0 9 46 5 38 24 24 10
41 36 3 0 25 42 1 1 11 39 28 9 47 28 15 19 29 16 5 25 5 26 40 50 44 5 48 26 19 42 28 0 15 41 25 46 16 4 21 29 16 4 45 43 26 47 16 34 6 2 35 23 3 24 41 3 8 14 15 39 16 31 9 0 16 7 12 42 44 6
28 24 12 9 13 14 18 29 36 30 30 22 17 46 18 40 28 19 10 41 2 36 9 23 19 5 34 48 50 39 48 8 23 2 23 50 10 4 34 22 18 17 23 30 46 0 13 27 48 7 11 29 50 16 43 12 47 37 50 50 27 7 46 16 0 0 34 30 45 40
30 21 45 10 40 29 46 0 2 7 10 10 11 37 42 8 10 31 27 3 39 50 34 44 15 7 1 43 33 11 25 17 50 48 29 25 25 50 36 17 32 11 41 15 0 30 25 9 45 38 30 7 50 0 40 19 33 36 19 42 48 36 5 7 0 0 41 28 45 45
43 6 15 3 8 42 49 30 5 1 35 26 43 19 14 11 17 46 26 48 34 43 41 37 30 43 36 37 41 15 31 6 29 33 47 47 2 8 44 13 26 15 47 49 34 13 1 37 13 28 32 5 6 34 41 19 33 46 38 13 50 4 38 12 34 41 0 1 17 16
22 14 11 15 2 45 9 9 17 44 38 31 41 16 38 34 42 25 49 11 18 5 45 16 46 22 10 11 25 24 18 34 43 17 26 48 5 31 9 32 30 28 30 8 20 35 18 44 23 23 8 20 12 13 37 2 8 17 50 47 40 34 24 42 30 28 1 0 3 45
13 41 32 24 15 21 20 39 32 30 15 1 22 43 40 28 35 26 43 4 43 17 19 41 2 10 8 27 9 50 47 12 43 41 9 47 10 4 50 41 7 6 19 11 26 34 10 45 23 5 39 15 2 22 20 10 37 5 20 12 38 26 24 44 45 45 17 3 0 5
20 42 5 19 7 45 35 47 47 32 9 36 5 9 32 11 27 49 3 30 1 4 44 42 5 18 24 17 24 5 22 23 45 1 41 21 4 33 12 47 44 29 16 3 34 50 13 16 3 27 20 12 35 15 7 26 2 33 0 37 25 5 10 6 40 45 16 45 5 0
