50 2032 14701 6425 -7264
2032 14702
1421 14594
1107 14466
-426 13715
-2547 12604
-3663 11942
-4396 11435
-6737 9731
-7228 9300
-7711 8641
-8516 7510
-8728 7176
-9262 6288
-9645 5600
-10003 4915
-11798 1423
-12184 626
-12738 -790
-13007 -1683
-13426 -3402
-13610 -5212
-13731 -7113
-11722 -7329
-434 -7743
6951 -7231
9468 -6969
11035 -6150
12277 -4369
12269 -2205
12131 -421
11936 816
11645 2226
11262 3859
10524 6221
10333 6828
10066 7636
9866 8215
9800 8366
9632 8732
8771 10355
8093 11385
7430 12095
6655 12919
5572 13767
5497 13804
5070 13947
3697 14344
2699 14625
2462 14676
2071 14701
