5
2 4 3
3 0 -1
0 0 -12
5 0 11
0 0 8
500
5 17
10 11
1 1
15 17
14 16
-18 1
14 20
-20 5
10 20
4 5
11 11
9 9
14 18
5 10
10 18
-6 -5
4 10
-15 -14
-2 9
-16 8
10 16
7 9
1 9
12 14
2 6
-19 12
-7 0
3 9
-4 7
9 10
5 8
6 15
9 10
-6 19
-8 0
9 9
-2 0
6 6
2 2
-3 -3
2 6
-2 9
-8 -5
10 10
5 13
14 18
4 5
12 13
-11 8
10 10
-1 6
-17 -14
13 18
10 10
13 16
9 10
0 12
-9 6
-4 3
9 10
4 5
1 10
9 9
-14 1
-16 10
4 7
10 10
-1 18
6 10
6 13
-15 9
11 18
-16 -12
10 10
16 17
12 20
9 9
0 7
-13 3
-20 -8
-6 15
9 12
9 14
-12 8
-9 -3
4 5
-15 10
-17 -1
2 20
-10 9
15 19
3 11
0 2
3 3
9 10
17 18
13 19
3 3
10 10
-16 18
-7 -3
-20 -17
9 10
-9 8
-13 -3
-9 2
10 17
10 14
9 20
9 10
5 5
7 7
9 9
1 16
-3 -3
10 10
-14 -5
0 2
3 10
17 19
14 20
10 10
12 20
-18 -18
13 16
1 5
19 20
-11 11
4 15
-16 6
-1 19
-13 -13
-10 15
17 18
-14 1
10 12
6 14
10 10
-14 -14
-2 15
5 8
13 18
7 7
3 6
6 13
0 0
10 10
-15 -12
9 10
-12 8
19 20
6 12
-15 1
5 7
12 12
10 18
11 20
9 10
-10 19
-19 4
1 1
7 7
9 9
-1 2
13 18
1 1
6 7
-2 2
13 15
3 7
7 10
17 18
10 10
18 20
17 18
-18 15
-19 1
3 11
11 20
4 8
8 8
12 14
-7 9
-12 9
7 20
0 13
19 19
4 7
1 2
9 10
10 18
-8 8
10 14
-13 20
15 15
15 19
-11 -7
9 18
10 17
11 19
-16 4
0 20
8 16
0 1
13 14
9 17
-2 19
15 15
-2 0
-15 2
7 9
9 14
-9 4
-1 8
10 16
3 15
-4 -1
9 10
8 17
-14 5
9 19
15 19
1 5
-14 9
12 12
13 16
12 16
-15 5
8 16
3 14
-4 2
7 9
1 6
-18 1
10 10
-12 -2
-9 20
9 9
-1 9
8 8
0 8
-15 2
10 10
-9 8
-7 10
5 15
-15 8
-2 3
13 18
14 17
15 15
14 15
-16 10
3 19
9 9
2 7
-10 11
-7 12
9 10
1 10
13 13
-20 -20
7 15
-13 3
-17 -15
4 8
10 19
-4 8
-14 -6
14 18
13 19
-3 5
-12 13
12 20
12 15
10 13
15 15
-10 1
11 14
-8 -8
-2 2
15 16
7 10
-9 -4
15 18
-6 7
10 10
9 9
-18 20
9 20
12 16
7 20
-6 14
6 8
7 7
-8 7
-13 19
0 10
6 7
-7 3
9 9
6 18
-18 20
14 18
11 17
0 6
18 19
12 17
10 10
1 4
9 17
-16 11
2 19
0 12
13 19
18 20
13 19
-13 1
4 13
0 0
16 17
9 9
3 9
-13 10
8 14
3 10
17 19
0 19
5 11
4 9
5 9
-20 17
1 1
1 7
4 6
-15 -9
0 16
6 8
-17 7
12 14
11 14
11 20
20 20
10 18
19 20
4 16
-7 10
5 8
-8 6
15 15
12 13
5 6
10 12
-3 7
3 9
14 16
11 11
-7 11
0 9
-5 -1
-2 -2
-10 -7
-20 16
14 17
1 12
3 9
-13 6
1 3
9 18
1 2
9 10
4 13
-11 7
14 14
-8 14
4 7
10 10
-13 0
4 4
-17 -4
6 8
-16 16
0 0
7 7
2 19
7 7
9 10
8 10
6 11
4 10
-1 0
1 6
10 10
-17 3
9 10
-18 -18
4 6
-6 4
4 9
0 0
10 10
-1 6
10 10
13 20
13 17
11 16
-19 10
-6 -3
1 9
3 16
15 18
14 19
9 18
16 16
2 3
8 14
17 19
9 9
9 9
10 17
9 13
10 12
9 9
-11 3
-14 14
14 20
-10 1
11 17
13 20
19 19
0 10
2 20
-13 20
2 15
3 7
3 6
0 6
-11 6
-16 11
9 16
11 20
13 17
9 12
10 10
19 19
-16 -13
-6 3
4 9
5 13
9 10
15 16
10 10
18 19
14 14
-11 20
10 20
-13 1
9 9
7 8
6 9
10 10
2 5
-20 8
18 20
-13 8
-2 6
5 9
5 5
-16 7
16 18
14 16
-16 18
-20 16
7 10
13 17
-1 8
2 4
5 5
-9 7
-16 19
10 17
16 18
4 6
18 18
-20 -18
2 5
11 13
16 20
-15 -15
1 1
3 9
5 9
6 15
0 10
3 10
12 16
-9 6
7 8
4 19
-18 16
