8
4 2 -3
6 3 5
0 8 9
5 0 -5
0 7 -18
0 0 2
0 0 -14
0 0 11
500
-4 2
12 17
-14 -5
0 3
0 10
7 8
-20 -4
-19 -18
-3 -3
-17 10
-17 1
16 19
12 12
2 15
-7 10
-9 2
8 10
17 18
-14 8
-4 -4
12 16
4 5
8 16
11 13
16 19
-2 8
19 20
2 9
-10 -5
-13 -8
1 5
-6 8
-9 10
20 20
-14 10
0 1
-16 -4
14 20
15 16
-1 -1
4 5
0 0
13 16
-20 13
0 2
19 19
3 17
-14 10
10 10
-14 0
5 6
-12 -12
16 18
-18 12
-4 9
-19 4
-4 0
-11 -5
6 12
-4 0
3 10
-10 -5
1 5
-16 13
-7 8
-6 17
-12 4
-18 1
7 11
-18 9
11 20
-4 10
0 1
13 17
13 17
-5 0
3 4
14 18
10 10
-3 18
-8 -6
-5 4
13 18
10 10
10 10
-4 -4
-19 -4
-18 -15
-14 -5
-4 7
10 16
1 3
-2 9
-3 3
13 16
-3 16
-19 -2
7 9
1 16
-17 -17
8 8
-2 -1
7 18
6 12
-8 6
15 18
9 10
0 6
-20 -20
10 13
4 8
8 18
-15 -14
-19 -19
-13 1
-13 -7
-3 15
10 11
16 17
12 15
5 9
-6 14
7 7
-15 6
-14 0
-9 3
12 14
-3 3
-3 17
-1 6
-3 -3
-3 3
-3 -2
-13 15
-1 9
-19 3
10 10
-14 -5
-3 1
-8 4
6 12
2 9
5 7
4 5
6 17
-3 5
3 3
-14 -6
10 12
11 18
-19 1
11 14
-16 0
2 18
-18 -6
-4 9
-11 1
10 18
-19 17
-3 9
-6 10
10 16
-6 15
8 18
-20 7
-5 2
7 10
12 15
-13 -9
-19 0
-6 5
11 15
-20 7
18 20
5 9
11 12
3 18
-4 9
11 13
-16 -2
6 6
-18 2
-12 -5
7 10
13 13
-7 7
-16 4
-4 -2
-19 17
-19 8
10 10
4 4
-17 1
-16 -16
6 6
-1 -1
-5 -5
-11 -10
-17 19
-20 -11
3 3
6 6
10 10
6 8
18 20
9 9
-3 2
-5 -3
10 10
-14 8
10 10
-4 -2
-17 4
-1 3
-4 -4
-2 9
15 15
-7 -1
4 14
-18 4
3 17
-2 1
-16 7
16 20
10 10
4 6
-14 -5
-5 5
7 10
-16 2
-19 5
10 10
-18 -3
-19 3
-19 -16
0 5
13 18
-15 2
-5 10
-10 19
-17 -4
-14 19
-4 -4
1 3
-2 -2
10 10
14 15
-19 -19
-4 -4
-5 7
2 16
1 10
-20 -19
14 20
11 20
-19 4
6 9
17 17
0 4
10 10
6 8
3 20
-3 -3
-14 5
-19 16
-12 7
7 10
-11 5
-1 9
2 3
1 5
6 8
8 11
0 19
-15 2
4 7
13 17
-18 10
3 4
-3 11
2 5
19 20
-18 9
17 18
17 18
3 3
-4 19
16 19
12 17
-1 1
-2 7
1 3
18 18
-2 10
9 20
-1 9
15 20
-19 19
-18 -15
-1 2
0 10
12 16
-13 -8
17 20
-20 -16
-14 10
-20 -4
12 17
-18 -1
-4 11
6 8
-16 18
3 18
2 13
7 14
4 4
7 20
8 10
-3 -3
0 3
12 16
-17 1
-20 4
-11 -3
10 10
18 19
12 20
-3 9
-10 13
4 9
6 17
-15 16
-18 -3
13 13
5 12
8 9
-19 -4
-18 19
-3 -1
-16 -6
17 20
2 7
3 4
-4 17
-6 15
13 19
1 16
-15 8
10 12
7 8
12 14
16 19
-3 20
-17 3
-3 20
5 11
-15 -14
-17 -16
6 19
6 6
-14 15
-2 2
11 14
-15 3
16 20
-19 -11
2 4
-14 11
11 13
-6 0
-18 -18
-13 -6
1 18
-2 5
-4 17
10 11
-18 -5
5 19
-17 -17
-17 9
-1 18
-17 -17
-15 -9
-3 2
-20 9
-16 11
-5 10
-4 0
-14 -4
-4 1
4 19
-17 1
-2 -2
-6 8
-4 -4
-17 -5
-18 -9
4 10
-15 1
5 16
10 10
5 18
15 19
10 10
-9 9
-16 -4
6 20
13 13
10 12
0 10
13 14
-3 8
11 11
-3 20
-11 15
15 18
14 16
-16 -4
-15 -5
-4 -4
-18 12
4 17
-15 -5
5 7
19 19
17 19
0 9
4 10
-7 -7
-3 -2
15 17
-3 -2
10 10
10 16
2 17
-17 -5
4 13
2 6
-16 -3
-3 8
10 10
-4 9
3 4
-19 -19
-18 -1
-11 12
-11 -4
0 17
-15 -10
0 0
-10 -4
-4 9
0 19
-17 -8
2 10
4 4
16 20
13 17
2 5
-4 2
-5 7
-6 3
3 10
9 10
-12 8
-17 -16
15 19
-10 4
10 11
8 9
-1 7
-18 -2
5 5
11 18
3 4
11 18
-1 -1
13 18
-17 11
-3 10
-19 -15
-20 -2
7 15
-5 8
-18 -17
13 17
5 19
-3 9
17 19
5 10
10 19
3 12
1 2
9 10
11 20
13 15
10 10
4 9
-19 14
9 18
