30 30
66 5 27 23 93 98 2 29 72 6 29 32 55 35 90 71 53 67 23 34 33 22 50 84 5 65 22 8 85 11
0 0 0 0 0 0 0 0 0 0 0 0 0 0 0 0 0 0 0 0 0 0 0 0 0 0 0 0 0 0
0 0 0 0 0 0 0 0 0 0 0 0 0 0 0 0 0 0 0 0 0 0 0 0 0 0 0 0 0 0
0 0 0 0 0 0 0 0 0 0 0 0 0 0 0 0 0 0 0 0 0 0 0 0 0 0 0 0 0 0
0 0 0 0 0 0 0 0 0 0 0 0 0 0 0 0 0 0 0 0 0 0 0 0 0 0 0 0 0 0
0 0 0 0 0 0 0 0 0 0 0 0 0 0 0 0 0 0 0 0 0 0 0 0 0 0 0 0 0 0
0 0 0 0 0 0 0 0 0 0 0 0 0 0 0 0 0 0 0 0 0 0 0 0 0 0 0 0 0 0
0 0 0 0 0 0 0 0 0 0 0 0 0 0 0 0 0 0 0 0 0 0 0 0 0 0 0 0 0 0
0 0 0 0 0 0 0 0 0 0 0 0 0 0 0 0 0 0 0 0 0 0 0 0 0 0 0 0 0 0
0 0 0 0 0 0 0 0 0 0 0 0 0 0 0 0 0 0 0 0 0 0 0 0 0 0 0 0 0 0
0 0 0 0 0 0 0 0 0 0 0 0 0 0 0 0 0 0 0 0 0 0 0 0 0 0 0 0 0 0
0 0 0 0 0 0 0 0 0 0 0 0 0 0 0 0 0 0 0 0 0 0 0 0 0 0 0 0 0 0
0 0 0 0 0 0 0 0 0 0 0 0 0 0 0 0 0 0 0 0 0 0 0 0 0 0 0 0 0 0
0 0 0 0 0 0 0 0 0 0 0 0 0 0 0 0 0 0 0 0 0 0 0 0 0 0 0 0 0 0
0 0 0 0 0 0 0 0 0 0 0 0 0 0 0 0 0 0 0 0 0 0 0 0 0 0 0 0 0 0
0 0 0 0 0 0 0 0 0 0 0 0 0 0 0 0 0 0 0 0 0 0 0 0 0 0 0 0 0 0
0 0 0 0 0 0 0 0 0 0 0 0 0 0 0 0 0 0 0 0 0 0 0 0 0 0 0 0 0 0
0 0 0 0 0 0 0 0 0 0 0 0 0 0 0 0 0 0 0 0 0 0 0 0 0 0 0 0 0 0
0 0 0 0 0 0 0 0 0 0 0 0 0 0 0 0 0 0 0 0 0 0 0 0 0 0 0 0 0 0
0 0 0 0 0 0 0 0 0 0 0 0 0 0 0 0 0 0 0 0 0 0 0 0 0 0 0 0 0 0
0 0 0 0 0 0 0 0 0 0 0 0 0 0 0 0 0 0 0 0 0 0 0 0 0 0 0 0 0 0
0 0 0 0 0 0 0 0 0 0 0 0 0 0 0 0 0 0 0 0 0 0 0 0 0 0 0 0 0 0
0 0 0 0 0 0 0 0 0 0 0 0 0 0 0 0 0 0 0 0 0 0 0 0 0 0 0 0 0 0
0 0 0 0 0 0 0 0 0 0 0 0 0 0 0 0 0 0 0 0 0 0 0 0 0 0 0 0 0 0
0 0 0 0 0 0 0 0 0 0 0 0 0 0 0 0 0 0 0 0 0 0 0 0 0 0 0 0 0 0
0 0 0 0 0 0 0 0 0 0 0 0 0 0 0 0 0 0 0 0 0 0 0 0 0 0 0 0 0 0
0 0 0 0 0 0 0 0 0 0 0 0 0 0 0 0 0 0 0 0 0 0 0 0 0 0 0 0 0 0
0 0 0 0 0 0 0 0 0 0 0 0 0 0 0 0 0 0 0 0 0 0 0 0 0 0 0 0 0 0
0 0 0 0 0 0 0 0 0 0 0 0 0 0 0 0 0 0 0 0 0 0 0 0 0 0 0 0 0 0
0 0 0 0 0 0 0 0 0 0 0 0 0 0 0 0 0 0 0 0 0 0 0 0 0 0 0 0 0 0
0 0 0 0 0 0 0 0 0 0 0 0 0 0 0 0 0 0 0 0 0 0 0 0 0 0 0 0 0 0
0 23 14 5 28 22 5 26 13 1 17 12 20 16 8 4 24 2 27 22 10 18 0 4 11 19 30 21 12 15
23 0 8 6 30 18 10 4 5 3 13 30 14 19 2 7 7 27 17 14 4 23 18 13 25 3 26 6 4 20
14 8 0 6 7 20 15 16 1 16 25 15 18 27 18 2 23 6 22 24 22 2 4 29 20 1 23 0 9 13
5 6 6 0 25 12 16 7 2 4 8 27 14 25 26 12 25 24 23 30 18 2 21 0 30 23 15 1 21 11
28 30 7 25 0 4 6 17 2 12 0 21 9 13 30 24 26 25 17 13 28 24 29 10 5 13 21 4 27 3
22 18 20 12 4 0 22 27 10 14 26 1 26 10 30 8 25 3 30 9 24 21 2 24 9 19 3 25 6 14
5 10 15 16 6 22 0 21 16 22 6 1 22 16 24 5 20 1 8 15 3 27 19 7 15 2 6 0 1 20
26 4 16 7 17 27 21 0 26 24 22 24 2 25 20 29 5 12 5 1 9 1 0 4 7 12 9 28 1 0
13 5 1 2 2 10 16 26 0 4 11 16 22 16 27 23 13 29 7 26 5 0 19 15 21 30 24 0 25 17
1 3 16 4 12 14 22 24 4 0 11 25 30 20 1 30 20 18 28 8 12 27 28 21 7 14 10 25 20 14
17 13 25 8 0 26 6 22 11 11 0 29 20 14 3 9 11 12 8 12 21 10 1 4 2 6 25 5 3 29
12 30 15 27 21 1 1 24 16 25 29 0 29 3 13 17 12 19 9 1 11 9 9 14 30 27 18 18 15 27
20 14 18 14 9 26 22 2 22 30 20 29 0 2 7 1 20 20 3 14 12 5 2 0 17 22 8 21 13 21
16 19 27 25 13 10 16 25 16 20 14 3 2 0 23 3 25 18 2 6 15 9 14 9 28 10 23 26 17 8
8 2 18 26 30 30 24 20 27 1 3 13 7 23 0 6 19 13 15 9 10 14 7 29 4 25 27 7 10 11
4 7 2 12 24 8 5 29 23 30 9 17 1 3 6 0 27 6 17 4 16 21 4 13 9 7 27 20 13 17
24 7 23 25 26 25 20 5 13 20 11 12 20 25 19 27 0 5 8 28 13 22 22 25 16 3 10 19 12 27
2 27 6 24 25 3 1 12 29 18 12 19 20 18 13 6 5 0 9 19 25 11 26 16 20 1 9 27 13 2
27 17 22 23 17 30 8 5 7 28 8 9 3 2 15 17 8 9 0 22 0 0 26 10 9 17 14 2 14 24
22 14 24 30 13 9 15 1 26 8 12 1 14 6 9 4 28 19 22 0 2 11 30 24 6 25 13 20 6 24
10 4 22 18 28 24 3 9 5 12 21 11 12 15 10 16 13 25 0 2 0 25 28 23 13 3 7 19 2 26
18 23 2 2 24 21 27 1 0 27 10 9 5 9 14 21 22 11 0 11 25 0 11 26 21 11 11 3 26 7
0 18 4 21 29 2 19 0 19 28 1 9 2 14 7 4 22 26 26 30 28 11 0 6 18 12 22 15 10 19
4 13 29 0 10 24 7 4 15 21 4 14 0 9 29 13 25 16 10 24 23 26 6 0 28 25 5 7 10 11
11 25 20 30 5 9 15 7 21 7 2 30 17 28 4 9 16 20 9 6 13 21 18 28 0 17 16 1 30 23
19 3 1 23 13 19 2 12 30 14 6 27 22 10 25 7 3 1 17 25 3 11 12 25 17 0 20 2 18 21
30 26 23 15 21 3 6 9 24 10 25 18 8 23 27 27 10 9 14 13 7 11 22 5 16 20 0 10 8 6
21 6 0 1 4 25 0 28 0 25 5 18 21 26 7 20 19 27 2 20 19 3 15 7 1 2 10 0 10 20
12 4 9 21 27 6 1 1 25 20 3 15 13 17 10 13 12 13 14 6 2 26 10 10 30 18 8 10 0 19
15 20 13 11 3 14 20 0 17 14 29 27 21 8 11 17 27 2 24 24 26 7 19 11 23 21 6 20 19 0
