50 10
850 9350 9849 3184 5484 2590 4053 6844 8487 8759
11 34 26 23 9 41 6 26 1 4
42 25 4 46 18 12 19 16 29 17
2 8 43 11 36 44 35 3 34 31
0 7 5 18 21 44 13 42 29 43
29 13 34 24 7 35 36 6 7 37
44 36 30 26 5 11 39 44 29 23
11 40 12 14 13 0 16 50 35 31
3 20 28 14 30 18 22 13 49 25
41 37 32 25 48 8 13 31 27 6
10 0 34 5 14 26 31 1 12 24
11 12 2 17 0 27 37 4 8 50
13 0 40 35 22 2 26 25 21 26
30 39 3 30 35 21 16 49 4 5
28 21 35 30 15 45 24 32 0 47
21 32 46 25 43 29 18 20 35 31
24 46 39 42 36 4 5 46 40 23
22 10 4 40 1 32 47 7 32 47
34 40 33 40 50 42 4 42 14 49
22 10 20 6 36 4 4 21 7 37
3 40 30 50 20 17 49 38 32 35
20 42 1 16 45 0 31 32 31 3
15 25 20 45 28 27 21 42 47 45
13 10 44 0 48 43 31 15 15 6
31 38 13 24 32 32 20 16 33 39
43 21 38 5 23 9 45 12 18 29
34 44 8 10 9 37 42 15 47 24
16 48 44 31 32 43 50 18 6 12
8 16 35 22 28 46 41 2 49 15
26 50 43 15 9 7 3 1 16 5
9 9 15 50 1 46 19 32 22 9
33 24 2 15 38 30 5 39 14 14
38 45 10 11 2 17 36 7 11 36
21 2 32 8 14 1 14 21 50 28
47 26 24 10 6 23 44 22 12 15
1 6 8 16 9 18 2 3 16 34
21 19 14 33 16 8 37 14 29 1
42 12 17 39 29 3 6 8 16 47
15 13 37 48 50 29 45 41 11 31
20 1 4 25 2 39 28 37 32 30
13 43 32 50 24 44 45 5 47 23
38 44 13 45 48 19 50 35 39 0
8 50 27 9 45 30 12 37 26 1
38 46 48 44 40 1 31 40 20 28
10 17 28 17 27 26 29 42 40 50
38 34 6 14 46 5 20 36 3 18
23 34 7 41 26 39 45 30 10 8
6 5 9 14 14 23 19 28 29 48
40 39 19 35 4 1 20 40 30 42
28 4 7 6 6 46 34 19 4 12
9 13 28 18 19 1 23 7 26 50
0 7 4 2 9 4 5 0 5 3 1 3 1 7 3 8 9 3 8 7 5 4 6 0 1 7 4 7 6 3 0 2 9 10 4 4 2 1 3 5 9 5 10 8 3 9 0 10 8 0
7 0 10 1 9 0 5 3 10 6 10 6 7 2 0 7 3 10 1 4 8 5 8 8 9 10 4 7 9 5 2 1 0 10 1 9 2 3 2 10 1 3 2 3 1 4 4 7 3 0
4 10 0 6 6 7 6 6 1 9 10 8 9 0 5 10 8 8 0 1 6 5 2 9 5 4 5 8 3 0 7 2 3 2 4 6 5 3 3 10 3 3 7 1 10 6 2 10 0 1
2 1 6 0 1 0 9 8 0 2 0 5 10 5 8 10 2 2 8 8 3 5 0 3 8 9 2 10 7 6 1 3 1 7 7 6 10 3 8 2 5 10 8 8 8 6 4 1 7 5
9 9 6 1 0 4 0 1 1 7 2 4 9 10 1 5 10 10 8 8 10 4 6 0 8 4 7 4 7 7 1 2 10 4 8 9 2 7 7 0 3 3 4 4 6 9 10 5 5 0
4 0 7 0 4 0 2 5 2 1 7 2 3 2 0 1 8 2 3 8 0 3 10 0 6 7 4 6 10 9 8 3 2 10 8 3 1 10 7 3 3 6 3 7 3 3 3 3 7 3
5 5 6 9 0 2 0 8 9 10 4 3 8 1 5 5 0 5 6 10 8 1 8 9 6 4 4 9 8 6 0 10 4 7 7 2 2 0 2 4 9 1 7 3 4 9 4 10 0 5
0 3 6 8 1 5 8 0 0 3 2 4 6 6 9 7 7 10 6 8 1 3 10 8 3 10 3 2 1 1 9 6 10 5 8 9 6 0 6 0 1 2 5 2 9 1 0 9 7 2
5 10 1 0 1 2 9 0 0 0 4 4 10 7 2 8 1 4 7 8 6 3 2 10 6 9 9 10 2 6 9 8 6 4 6 5 6 8 8 6 5 3 0 10 3 8 9 9 0 3
3 6 9 2 7 1 10 3 0 0 8 9 8 10 6 3 0 10 1 1 4 5 9 2 9 0 10 2 5 7 0 3 1 1 1 1 1 2 5 3 8 7 0 4 7 8 6 6 5 6
1 10 10 0 2 7 4 2 4 8 0 9 7 7 10 2 5 0 2 2 2 9 4 9 8 5 9 9 2 8 9 9 8 8 1 0 6 9 2 10 8 1 3 0 9 7 4 5 6 6
3 6 8 5 4 2 3 4 4 9 9 0 3 2 7 2 6 6 5 7 3 1 1 7 4 4 8 7 8 5 5 7 0 6 6 8 5 7 0 1 1 0 6 1 7 3 0 7 4 3
1 7 9 10 9 3 8 6 10 8 7 3 0 3 5 8 9 6 9 5 1 7 8 6 4 0 5 1 7 1 5 1 10 0 4 9 10 6 6 6 7 7 8 10 0 2 1 2 0 9
7 2 0 5 10 2 1 6 7 10 7 2 3 0 5 6 9 1 7 0 4 10 1 2 5 5 8 4 3 9 8 5 10 2 7 8 0 0 5 5 4 8 2 2 0 9 4 1 0 9
3 0 5 8 1 0 5 9 2 6 10 7 5 5 0 6 0 5 10 2 7 0 9 7 6 10 7 1 7 10 4 7 3 1 3 2 7 5 5 2 1 0 8 9 7 2 2 6 7 7
8 7 10 10 5 1 5 7 8 3 2 2 8 6 6 0 9 10 8 9 5 10 1 3 10 10 7 1 9 6 3 5 3 9 2 9 8 0 5 2 3 0 8 2 3 3 3 2 3 10
9 3 8 2 10 8 0 7 1 0 5 6 9 9 0 9 0 7 8 0 2 7 5 8 2 8 9 8 0 3 3 5 3 1 6 7 9 9 2 8 10 5 9 2 8 2 1 7 8 5
3 10 8 2 10 2 5 10 4 10 0 6 6 1 5 10 7 0 6 4 2 0 1 3 6 8 0 7 9 1 10 0 9 9 2 9 5 6 1 7 10 10 6 5 2 0 0 5 1 2
8 1 0 8 8 3 6 6 7 1 2 5 9 7 10 8 8 6 0 0 4 2 7 9 3 9 4 1 8 3 7 2 10 9 3 4 1 9 10 2 2 4 7 0 6 10 5 8 1 1
7 4 1 8 8 8 10 8 8 1 2 7 5 0 2 9 0 4 0 0 0 7 4 1 5 7 3 6 4 2 6 9 10 5 3 3 6 3 4 7 10 9 1 1 8 10 2 3 9 9
5 8 6 3 10 0 8 1 6 4 2 3 1 4 7 5 2 2 4 0 0 8 0 8 8 8 7 8 2 0 1 1 4 8 0 10 9 2 6 8 8 0 0 10 9 5 7 9 7 0
4 5 5 5 4 3 1 3 3 5 9 1 7 10 0 10 7 0 2 7 8 0 4 1 7 10 10 9 6 6 8 1 5 10 3 5 7 9 6 7 1 3 7 6 7 5 2 5 10 3
6 8 2 0 6 10 8 10 2 9 4 1 8 1 9 1 5 1 7 4 0 4 0 4 4 8 4 7 0 10 0 3 4 10 4 9 6 1 0 9 1 2 2 6 0 7 10 8 4 7
0 8 9 3 0 0 9 8 10 2 9 7 6 2 7 3 8 3 9 1 8 1 4 0 7 7 1 10 9 9 8 10 5 5 7 1 2 5 8 7 10 8 3 8 6 5 9 1 0 10
1 9 5 8 8 6 6 3 6 9 8 4 4 5 6 10 2 6 3 5 8 7 4 7 0 0 7 9 1 7 8 1 1 9 6 6 4 10 1 6 0 1 10 2 1 2 3 8 3 4
7 10 4 9 4 7 4 10 9 0 5 4 0 5 10 10 8 8 9 7 8 10 8 7 0 0 2 4 5 10 10 4 10 9 7 1 10 4 8 8 2 1 5 9 2 7 4 4 10 8
4 4 5 2 7 4 4 3 9 10 9 8 5 8 7 7 9 0 4 3 7 10 4 1 7 2 0 0 4 9 10 1 9 6 5 8 5 2 1 9 2 3 5 2 8 10 3 7 1 8
7 7 8 10 4 6 9 2 10 2 9 7 1 4 1 1 8 7 1 6 8 9 7 10 9 4 0 0 3 5 5 4 0 4 6 2 5 7 3 10 9 4 5 1 0 9 5 10 5 10
6 9 3 7 7 10 8 1 2 5 2 8 7 3 7 9 0 9 8 4 2 6 0 9 1 5 4 3 0 8 5 1 0 1 4 7 6 6 0 1 4 9 3 5 1 8 9 1 1 3
3 5 0 6 7 9 6 1 6 7 8 5 1 9 10 6 3 1 3 2 0 6 10 9 7 10 9 5 8 0 4 9 3 5 4 5 1 0 2 5 4 3 10 9 4 8 8 0 7 2
0 2 7 1 1 8 0 9 9 0 9 5 5 8 4 3 3 10 7 6 1 8 0 8 8 10 10 5 5 4 0 5 2 9 6 2 7 0 7 7 5 10 2 7 6 8 7 8 9 10
2 1 2 3 2 3 10 6 8 3 9 7 1 5 7 5 5 0 2 9 1 1 3 10 1 4 1 4 1 9 5 0 1 1 10 1 2 9 7 1 9 4 8 6 4 0 0 9 5 3
9 0 3 1 10 2 4 10 6 1 8 0 10 10 3 3 3 9 10 10 4 5 4 5 1 10 9 0 0 3 2 1 0 8 9 5 4 2 9 8 1 2 8 10 5 3 7 0 4 3
10 10 2 7 4 10 7 5 4 1 8 6 0 2 1 9 1 9 9 5 8 10 10 5 9 9 6 4 1 5 9 1 8 0 0 0 9 9 7 7 1 3 0 10 0 1 0 9 5 0
4 1 4 7 8 8 7 8 6 1 1 6 4 7 3 2 6 2 3 3 0 3 4 7 6 7 5 6 4 4 6 10 9 0 0 2 9 2 4 0 2 0 1 2 6 7 10 2 1 7
4 9 6 6 9 3 2 9 5 1 0 8 9 8 2 9 7 9 4 3 10 5 9 1 6 1 8 2 7 5 2 1 5 0 2 0 9 4 10 4 10 6 10 8 2 0 0 8 10 9
2 2 5 10 2 1 2 6 6 1 6 5 10 0 7 8 9 5 1 6 9 7 6 2 4 10 5 5 6 1 7 2 4 9 9 9 0 6 10 10 9 5 1 0 0 7 3 9 6 4
1 3 3 3 7 10 0 0 8 2 9 7 6 0 5 0 9 6 9 3 2 9 1 5 10 4 2 7 6 0 0 9 2 9 2 4 6 0 4 4 7 4 5 7 4 6 6 10 10 3
3 2 3 8 7 7 2 6 8 5 2 0 6 5 5 5 2 1 10 4 6 6 0 8 1 8 1 3 0 2 7 7 9 7 4 10 10 4 0 2 3 0 7 1 0 7 8 4 5 3
5 10 10 2 0 3 4 0 6 3 10 1 6 5 2 2 8 7 2 7 8 7 9 7 6 8 9 10 1 5 7 1 8 7 0 4 10 4 2 0 3 3 1 8 4 10 7 6 7 5
9 1 3 5 3 3 9 1 5 8 8 1 7 4 1 3 10 10 2 10 8 1 1 10 0 2 2 9 4 4 5 9 1 1 2 10 9 7 3 3 0 6 2 10 8 6 2 7 5 5
5 3 3 10 3 6 1 2 3 7 1 0 7 8 0 0 5 10 4 9 0 3 2 8 1 1 3 4 9 3 10 4 2 3 0 6 5 4 0 3 6 0 8 4 7 8 8 0 0 6
10 2 7 8 4 3 7 5 0 0 3 6 8 2 8 8 9 6 7 1 0 7 2 3 10 5 5 5 3 10 2 8 8 0 1 10 1 5 7 1 2 8 0 10 10 10 0 5 1 5
8 3 1 8 4 7 3 2 10 4 0 1 10 2 9 2 2 5 0 1 10 6 6 8 2 9 2 1 5 9 7 6 10 10 2 8 0 7 1 8 10 4 10 0 8 2 7 1 10 1
3 1 10 8 6 3 4 9 3 7 9 7 0 0 7 3 8 2 6 8 9 7 0 6 1 2 8 0 1 4 6 4 5 0 6 2 0 4 0 4 8 7 10 8 0 7 10 4 6 0
9 4 6 6 9 3 9 1 8 8 7 3 2 9 2 3 2 0 10 10 5 5 7 5 2 7 10 9 8 8 8 0 3 1 7 0 7 6 7 10 6 8 10 2 7 0 4 9 2 2
0 4 2 4 10 3 4 0 9 6 4 0 1 4 2 3 1 0 5 2 7 2 10 9 3 4 3 5 9 8 7 0 7 0 10 0 3 6 8 7 2 8 0 7 10 4 0 5 9 3
10 7 10 1 5 3 10 9 9 6 5 7 2 1 6 2 7 5 8 3 9 5 8 1 8 4 7 10 1 0 8 9 0 9 2 8 9 10 4 6 7 0 5 1 4 9 5 0 9 4
8 3 0 7 5 7 0 7 0 5 6 4 0 0 7 3 8 1 1 9 7 10 4 0 3 10 1 5 1 7 9 5 4 5 1 10 6 10 5 7 5 0 1 10 6 2 9 9 0 2
0 0 1 5 0 3 5 2 3 6 6 3 9 9 7 10 5 2 1 9 0 3 7 10 4 8 8 10 3 2 10 3 3 0 7 9 4 3 3 5 5 6 5 1 0 2 3 4 2 0
