70 70
14 6 33 3 55 44 53 23 52 24 50 57 43 11 7 19 47 32 64 18 12 69 16 62 37 34 8 41 65 67 40 2 21 48 38 10 63 28 29 51 59 20 30 0 60 61 17 31 25 54 27 5 49 35 39 68 15 42 45 26 4 13 1 56 9 22 36 46 66 58
0 0 0 0 0 0 10 0 0 0 0 0 0 0 13 0 0 0 0 5 0 0 0 0 35 0 0 0 0 0 0 34 0 0 0 0 0 0 0 50 0 0 26 0 0 0 0 0 0 0 37 0 0 0 0 0 0 0 0 0 0 0 0 0 0 0 0 0 0 49
0 0 0 0 44 0 0 0 0 48 0 35 0 0 0 0 1 0 0 0 0 0 0 42 0 0 6 0 0 0 0 0 0 0 0 19 0 0 0 18 0 0 8 19 0 0 0 0 0 0 0 0 0 0 0 43 0 0 0 17 0 0 0 0 0 0 0 0 0 0
0 0 0 12 0 0 0 0 0 0 0 0 0 0 0 0 0 0 0 0 4 0 0 0 0 0 0 0 0 0 0 0 0 0 0 0 0 0 0 0 0 47 0 0 5 0 0 0 0 0 0 0 0 0 0 0 0 0 0 0 0 0 0 0 0 0 0 40 0 0
0 31 0 43 0 0 34 6 0 0 0 0 0 0 0 0 0 0 0 0 0 47 0 0 0 0 0 0 0 0 0 0 40 0 0 0 0 0 0 0 0 0 0 0 0 0 0 0 0 0 0 0 0 0 0 0 0 0 1 0 0 0 0 0 0 0 0 8 9 26
22 0 0 0 0 0 0 0 0 0 0 0 0 0 0 0 2 0 0 15 0 0 0 1 0 0 11 30 0 17 0 0 0 33 0 33 0 0 0 40 0 47 0 20 0 0 45 0 47 50 0 0 0 0 0 0 0 0 0 0 42 0 0 0 0 0 0 0 0 0
0 0 29 0 0 0 0 0 20 0 0 0 0 0 0 0 0 5 0 0 0 0 28 0 0 0 0 0 0 0 0 0 0 14 0 0 0 0 0 32 0 0 0 0 0 0 48 0 0 0 0 0 0 0 0 0 0 0 0 0 0 0 0 0 0 0 0 0 0 0
0 0 0 0 0 0 0 0 41 0 0 40 44 0 0 0 0 0 0 0 0 48 0 0 0 0 0 0 0 0 0 0 0 0 0 0 0 33 0 0 0 11 0 0 0 0 0 0 0 0 0 0 0 0 0 0 0 0 0 0 0 0 0 0 16 0 0 0 0 0
0 0 0 0 0 0 0 0 0 20 0 26 0 0 0 0 0 0 0 0 0 0 0 0 0 0 0 0 0 22 0 0 0 0 45 0 0 0 0 0 0 0 32 0 0 0 0 0 0 0 0 0 0 0 25 2 0 0 0 0 0 0 0 0 0 0 0 0 0 0
0 36 0 0 0 0 48 0 0 0 0 0 0 11 0 0 0 0 0 0 0 0 0 0 0 0 0 0 0 0 0 22 0 0 0 0 0 0 0 0 0 0 0 0 0 0 0 16 0 0 0 0 0 0 0 0 0 0 0 0 0 0 0 0 48 0 0 0 0 0
0 0 0 0 0 5 0 0 15 0 0 0 0 0 40 0 0 0 0 0 0 47 0 0 0 0 0 30 0 0 0 0 0 0 0 32 0 0 0 0 0 0 0 0 0 0 0 0 0 0 0 0 0 0 0 39 0 0 0 0 0 22 0 0 0 0 0 0 0 0
0 0 3 0 19 0 0 0 39 0 0 0 0 0 0 0 0 0 0 23 0 0 0 13 0 0 0 0 0 0 0 0 0 14 11 0 0 0 0 0 0 0 0 0 0 0 20 0 0 0 0 0 0 0 0 0 0 0 0 0 0 0 14 0 40 0 0 0 0 0
0 0 0 0 0 0 0 0 15 0 0 50 0 0 0 0 0 0 0 0 0 0 0 0 0 0 0 33 0 0 0 0 0 0 0 0 0 0 0 0 0 0 0 0 0 39 0 0 0 0 45 0 0 0 0 0 0 31 39 0 0 0 0 48 0 0 0 0 0 0
0 0 0 0 0 0 0 0 0 0 0 0 0 0 0 0 0 0 0 0 0 0 0 0 0 46 0 0 0 0 0 0 0 0 0 0 0 0 0 0 0 0 0 0 0 0 35 13 0 0 0 0 0 0 0 0 0 0 0 0 30 0 0 0 0 0 0 0 0 0
49 8 0 0 0 0 0 0 0 0 0 0 13 0 0 0 0 27 0 31 0 0 0 0 0 0 0 0 41 0 0 1 0 0 0 40 0 0 0 0 0 0 0 0 0 0 0 0 0 0 0 0 0 0 0 0 0 32 0 0 0 0 0 0 0 30 4 0 0 0
0 0 0 0 0 0 49 0 0 26 0 0 0 0 0 0 0 0 16 0 0 0 49 50 0 0 0 0 0 0 0 0 0 0 21 0 0 0 0 0 39 0 0 0 0 0 0 0 17 0 22 24 0 0 0 0 0 0 22 0 0 0 0 27 0 0 0 0 0 0
0 0 0 0 0 0 0 41 0 0 0 0 0 0 0 0 0 0 20 0 0 0 0 0 0 0 0 0 0 0 0 9 0 0 0 0 0 44 0 0 0 0 0 0 0 0 0 0 0 0 0 15 0 0 0 0 10 0 1 0 0 47 0 0 0 0 0 37 32 0
0 0 0 0 0 0 0 10 0 24 0 0 0 0 3 48 0 31 0 0 0 0 0 0 0 0 0 44 0 0 18 0 48 0 0 37 0 0 0 19 0 0 0 31 0 0 0 0 0 0 0 0 49 0 0 0 0 0 0 0 0 0 0 0 0 0 0 0 0 0
0 0 0 0 0 0 25 0 0 0 0 0 9 0 13 0 0 0 0 0 0 38 0 30 0 0 0 0 33 0 0 0 0 0 0 2 0 0 0 38 50 0 0 0 17 0 0 34 0 0 0 0 0 0 0 0 38 0 0 0 0 0 25 0 0 0 0 0 0 0
0 0 0 0 0 20 0 0 0 0 0 0 0 0 0 0 0 0 0 0 0 0 0 0 0 0 5 0 0 0 0 0 0 18 0 0 0 7 0 0 40 0 24 0 0 0 0 0 0 0 0 0 0 0 0 0 0 3 0 0 0 0 0 0 0 0 39 2 0 0
0 0 0 0 0 41 0 0 0 0 0 0 0 0 0 0 0 13 0 0 0 0 0 0 0 0 0 0 0 21 0 21 0 0 0 0 0 0 0 0 7 0 0 0 0 0 0 0 0 0 0 10 49 0 0 0 0 0 0 0 0 22 0 0 0 0 0 0 0 0
0 0 0 1 39 0 0 0 6 0 0 0 0 0 0 1 0 0 0 0 7 0 37 49 0 0 0 44 0 0 0 26 0 0 0 0 14 0 0 0 0 0 0 21 0 0 0 0 0 0 0 0 0 0 3 0 0 0 0 0 0 0 0 0 0 0 0 3 0 0
0 5 0 0 0 0 0 0 0 0 0 0 0 0 0 0 0 0 7 0 0 0 0 0 0 0 0 0 0 0 0 0 0 0 0 0 0 23 0 0 1 0 0 0 0 0 0 0 0 0 0 14 0 0 0 0 0 0 0 0 0 28 0 0 6 0 0 0 0 0
0 0 0 0 0 0 0 0 0 8 0 0 0 0 0 0 0 0 0 0 0 0 0 0 0 0 0 0 0 0 0 0 0 0 0 0 0 33 0 0 0 0 0 0 0 0 0 48 0 0 0 0 0 0 0 0 2 14 31 0 0 0 0 0 0 0 0 40 0 0
0 39 0 0 0 0 0 40 0 0 0 0 0 0 0 0 0 0 19 0 0 0 0 40 7 0 0 0 0 0 0 0 0 50 0 26 0 0 0 0 0 0 0 0 0 0 0 45 0 0 32 0 28 0 0 0 0 0 35 0 39 0 0 0 1 0 0 0 0 0
22 0 0 0 0 0 0 0 44 0 0 0 0 0 0 0 0 24 0 0 0 0 0 0 0 31 0 0 0 0 41 0 0 0 0 0 0 0 0 0 0 0 0 0 0 0 0 0 0 0 0 0 0 0 0 0 0 0 0 0 0 0 0 0 0 27 0 0 0 0
0 25 0 0 0 0 0 23 0 0 0 0 0 37 0 0 0 0 5 0 0 0 0 0 0 0 0 0 10 0 0 23 0 0 0 0 0 0 0 0 0 3 0 0 38 0 0 0 0 0 0 0 0 0 0 0 0 0 0 0 0 0 0 0 0 0 0 0 0 0
0 0 0 37 45 0 0 0 0 0 0 0 28 0 0 0 0 0 16 0 0 0 0 0 0 0 0 0 0 0 41 0 0 20 17 0 0 0 0 0 0 0 0 0 0 0 0 0 10 0 0 0 0 0 0 0 0 0 0 0 36 0 0 0 0 0 0 0 0 0
0 0 0 0 0 0 5 50 0 0 0 0 0 0 0 0 0 0 0 0 0 0 0 0 0 0 0 0 5 38 33 23 0 0 17 0 0 32 0 0 0 0 0 0 0 0 0 0 0 0 0 0 0 47 0 0 0 2 0 0 50 0 0 19 0 0 0 0 39 0
0 0 14 0 0 0 0 0 0 0 0 0 0 0 0 0 0 13 0 0 0 0 36 0 0 0 0 0 7 42 0 0 0 0 0 0 0 0 31 0 0 0 0 0 0 0 0 0 0 0 0 31 0 0 0 0 0 0 0 0 0 0 0 0 0 0 0 0 36 0
0 0 0 0 0 0 0 0 0 18 30 0 0 0 0 0 0 0 0 0 0 0 0 50 0 0 0 0 23 0 0 21 0 0 0 0 0 0 0 0 0 0 0 0 0 0 0 0 0 0 0 0 0 0 0 24 0 0 0 0 0 0 0 0 0 0 46 0 0 0
0 0 0 0 0 0 0 0 0 0 0 0 0 0 0 0 0 16 0 0 0 40 0 0 0 43 0 0 0 0 0 0 0 0 0 0 0 0 0 0 0 0 0 0 0 0 0 0 38 0 0 0 0 0 0 0 0 0 0 0 0 0 0 0 0 0 0 46 0 0
46 0 0 0 0 0 0 0 0 33 0 0 0 0 0 0 0 0 0 9 0 0 0 0 10 0 0 0 0 0 0 30 0 0 0 0 0 29 0 0 0 0 0 0 0 0 0 0 0 0 0 0 0 0 0 0 0 0 42 0 0 0 0 42 0 0 49 0 0 11
0 0 40 0 0 0 46 0 0 49 17 1 0 0 0 0 0 0 0 0 0 0 0 0 0 0 0 0 0 39 0 0 0 0 0 0 0 2 0 0 0 0 0 0 0 0 0 49 0 0 0 0 49 0 0 0 20 0 0 0 0 0 47 0 0 0 0 0 43 0
8 0 0 0 0 0 34 0 46 0 0 0 0 0 0 0 0 0 0 0 0 0 0 0 0 0 0 0 0 0 0 0 0 0 0 0 0 0 6 0 0 0 0 0 0 0 0 0 0 0 0 0 0 0 0 0 0 0 0 0 0 0 0 0 0 0 0 0 37 0
0 0 0 0 0 0 0 10 0 0 0 0 15 0 0 0 29 0 0 43 0 0 0 0 0 0 31 0 29 0 0 0 0 0 0 0 0 0 0 0 12 0 0 0 0 0 0 0 0 0 0 0 0 0 0 0 0 0 0 0 0 1 0 0 17 0 0 0 9 0
0 0 27 0 0 0 0 0 0 0 0 0 0 0 0 0 0 0 0 1 0 14 0 0 41 0 0 0 0 0 0 0 0 0 0 0 0 0 8 0 0 0 0 0 0 0 9 0 0 0 0 0 0 38 0 0 0 26 0 0 0 0 0 0 0 0 20 44 0 0
35 0 0 0 0 0 0 0 0 0 0 0 0 0 0 0 0 0 0 0 0 0 0 0 28 23 0 0 0 0 0 0 0 0 0 0 0 0 0 0 0 0 11 19 0 0 0 0 0 0 0 0 0 0 0 0 0 0 0 0 18 0 0 10 36 0 0 0 0 0
0 0 0 0 0 0 5 0 0 0 0 0 5 0 0 0 0 0 19 0 0 0 0 0 0 0 0 0 0 0 0 0 0 0 0 0 24 0 0 0 0 0 0 0 0 10 0 0 0 0 0 0 0 0 0 0 0 0 0 0 0 0 0 35 0 0 0 0 32 0
0 41 0 0 0 0 0 0 0 0 0 0 0 0 0 0 0 0 0 0 0 0 0 36 22 0 0 0 0 0 0 0 0 0 0 0 5 0 0 0 0 0 0 0 0 5 0 0 0 0 0 44 27 0 50 0 0 0 0 0 0 0 0 0 0 0 0 0 0 0
0 0 0 0 0 49 0 0 0 0 0 0 0 0 0 0 0 0 0 9 0 0 0 0 0 0 0 0 0 0 0 0 0 0 0 0 0 0 0 18 0 0 0 0 39 49 0 0 0 0 0 0 0 0 0 0 0 0 0 0 0 0 0 0 42 0 0 0 0 0
0 0 0 0 0 15 0 0 0 0 0 0 0 0 0 0 0 0 0 0 0 0 0 0 0 0 0 0 0 0 0 0 0 0 18 0 0 0 0 0 0 0 0 43 0 0 0 0 0 0 0 0 0 0 0 0 0 0 0 12 0 0 0 0 35 0 0 15 0 0
0 0 0 0 0 0 0 46 0 0 0 0 0 0 0 13 0 0 0 0 0 15 0 0 0 0 0 0 0 0 15 0 0 0 0 0 49 0 0 0 0 0 0 0 0 0 0 0 0 21 21 0 0 0 0 0 31 0 0 0 0 0 0 0 0 0 0 0 41 0
12 0 0 0 0 0 36 0 33 0 0 0 0 0 0 0 25 0 0 0 0 0 0 0 0 0 0 0 0 0 0 0 0 0 0 0 21 0 0 0 0 0 0 0 0 0 0 0 25 0 0 0 0 0 0 0 30 20 0 0 0 0 0 0 29 4 0 0 0 0
0 0 0 0 0 0 0 0 0 0 0 1 0 0 0 0 0 0 0 0 0 0 50 0 0 0 0 0 0 0 0 0 0 0 0 0 0 0 0 0 0 0 0 49 0 0 34 31 0 0 0 0 0 0 0 0 5 0 0 0 0 34 21 0 33 0 0 0 0 0
0 0 0 38 0 0 0 0 0 0 0 0 0 0 0 0 0 11 0 0 0 0 15 0 39 0 0 0 0 0 0 0 0 47 0 0 0 4 0 16 0 0 0 0 0 0 0 0 0 0 0 9 0 0 0 0 0 0 0 0 18 0 0 43 0 0 0 0 0 30
0 0 0 0 0 0 0 0 0 0 0 0 49 0 0 0 0 34 0 2 0 0 9 0 0 0 0 0 0 0 0 0 0 13 0 0 0 0 0 0 0 0 0 0 0 0 0 23 48 0 23 0 0 0 0 0 0 0 0 0 11 0 0 0 33 0 0 0 0 0
0 0 0 0 0 8 0 5 0 0 0 30 0 0 0 0 0 0 27 3 0 0 10 15 0 0 0 0 0 0 38 0 0 0 32 0 0 0 0 0 0 0 0 0 0 0 29 0 16 0 0 0 0 0 0 0 0 0 0 0 0 0 15 0 0 0 0 0 0 0
0 0 0 0 0 0 0 47 0 0 0 0 0 0 0 12 0 0 0 0 0 0 19 0 0 0 0 0 0 12 0 0 0 0 0 0 0 0 0 0 0 0 19 0 0 0 0 0 0 0 0 0 0 0 0 0 0 0 0 22 0 0 0 0 0 0 0 0 0 0
0 0 0 0 0 0 0 0 0 0 0 0 0 24 0 0 0 0 0 0 0 0 0 0 0 0 0 39 0 0 0 0 0 0 0 0 0 7 41 31 0 0 0 0 0 0 0 46 0 0 0 0 0 0 0 0 0 0 19 0 0 0 0 0 0 0 0 0 0 0
0 0 0 29 0 0 0 0 0 0 0 0 0 0 0 0 0 0 0 0 0 36 0 0 0 0 0 21 0 0 46 0 22 0 0 0 0 0 0 0 0 0 0 0 0 0 0 0 0 0 0 0 0 0 0 0 0 0 0 0 31 0 5 0 0 0 0 23 0 0
0 0 0 0 0 10 0 0 0 0 0 0 0 0 0 0 0 0 0 0 19 0 4 0 0 0 9 5 0 17 0 48 0 0 0 0 0 0 0 0 0 0 44 0 0 0 0 0 0 0 0 0 0 0 0 0 0 0 12 0 0 0 0 0 0 0 0 0 0 20
0 0 0 0 0 0 29 0 0 49 0 0 0 0 0 0 0 47 0 23 0 0 0 0 0 0 0 0 0 0 0 0 0 0 0 0 0 0 0 0 0 0 0 0 0 0 0 41 0 0 0 0 0 0 0 0 0 0 0 0 0 0 50 0 0 0 6 0 0 0
0 0 0 0 0 0 0 0 6 0 0 0 0 0 0 0 26 0 0 0 0 0 7 32 0 22 27 0 0 0 0 0 0 0 26 0 0 0 0 0 7 6 0 0 0 0 0 0 0 0 0 0 23 0 0 0 0 0 29 0 0 0 0 0 0 0 0 0 0 0
0 0 0 0 0 0 0 0 0 0 0 40 0 0 0 0 0 39 26 0 0 0 0 0 0 0 0 0 0 0 0 0 0 0 0 39 0 0 0 0 0 0 28 0 0 0 0 27 0 0 0 43 0 0 0 0 0 0 0 0 0 0 0 0 0 0 0 0 0 0
27 0 0 0 0 0 0 0 0 0 0 0 0 0 9 22 0 2 0 0 0 0 0 0 22 0 44 0 0 21 0 0 0 0 0 0 0 2 0 0 0 0 0 0 0 0 0 0 0 43 0 0 0 36 0 0 0 0 0 0 0 0 33 0 0 0 0 0 0 31
0 0 0 0 0 0 0 0 0 0 0 0 0 0 0 0 48 0 0 0 0 0 0 0 0 0 0 0 0 0 0 0 0 0 0 0 0 0 5 0 0 0 0 0 0 0 1 0 2 44 0 0 0 0 2 0 0 0 0 6 0 0 24 0 0 0 0 0 0 0
48 0 0 0 0 0 0 0 0 0 0 0 0 34 0 0 0 0 0 0 0 0 0 0 0 0 0 0 0 0 0 0 8 0 0 0 0 0 0 0 0 0 0 0 0 0 0 11 0 0 0 0 0 0 0 0 0 0 0 0 0 0 0 46 34 0 0 11 0 0
5 0 32 24 0 0 26 0 0 0 0 0 0 0 0 38 0 0 0 0 0 0 0 0 0 29 0 0 0 0 0 18 0 0 42 48 0 0 0 0 0 0 0 0 0 0 0 0 0 0 0 0 0 0 0 34 0 0 0 0 0 9 0 0 0 0 39 0 0 0
0 0 0 0 0 0 0 0 0 0 0 0 0 0 0 22 0 0 0 0 0 39 0 0 0 0 0 0 0 0 0 0 34 0 0 35 0 31 0 0 0 0 0 0 39 2 0 0 0 0 0 0 0 12 38 0 0 0 0 38 0 0 0 0 0 0 0 0 0 0
0 0 0 6 0 0 0 0 0 0 0 0 0 0 0 23 0 0 0 0 9 0 0 0 0 0 0 0 0 0 0 0 0 0 0 0 0 0 0 0 0 0 0 0 0 0 0 0 0 8 0 41 0 0 0 0 0 0 0 0 0 0 0 0 0 0 0 0 0 0
0 0 0 0 0 35 0 0 0 0 0 0 0 0 0 0 35 0 0 0 0 0 0 0 0 0 0 0 26 0 0 0 0 11 0 0 0 0 0 0 36 0 0 25 0 0 0 0 0 0 0 0 0 0 0 0 47 0 0 1 0 0 0 0 0 0 0 0 0 0
0 9 0 0 0 33 0 0 0 0 0 0 0 0 0 0 0 4 0 1 0 0 0 0 0 0 0 0 0 0 0 0 0 0 0 0 15 0 0 0 0 0 10 0 0 0 0 0 0 18 0 0 0 0 0 0 0 0 0 0 0 0 0 0 0 0 46 0 0 0
0 0 0 0 0 32 0 0 0 49 26 0 20 0 0 18 0 0 0 38 0 0 0 0 0 0 0 0 0 0 5 0 0 0 0 0 0 0 0 0 12 0 0 24 0 46 0 0 0 0 0 0 0 0 0 0 0 4 0 0 0 0 0 0 0 0 0 0 0 0
0 0 0 0 0 0 0 0 0 26 0 26 0 0 0 0 0 0 0 0 0 0 0 0 0 0 0 0 0 0 0 0 46 0 4 0 38 0 0 0 15 4 0 0 0 0 0 0 0 0 35 0 0 0 0 0 0 32 0 0 0 0 0 0 0 15 0 0 0 0
0 0 0 0 0 46 0 0 0 0 0 0 0 0 0 0 0 0 0 0 0 0 0 0 0 0 9 0 0 0 25 20 0 0 0 0 0 0 0 0 0 0 0 0 0 24 0 38 29 0 0 0 0 0 0 42 0 0 0 0 0 0 0 0 0 0 0 0 0 0
0 0 0 0 0 0 0 0 0 0 0 0 38 0 30 0 24 0 0 0 0 0 23 0 0 0 43 0 0 0 0 0 0 0 0 0 0 40 0 0 0 0 0 0 0 0 0 0 0 0 0 0 0 37 0 0 0 0 0 0 0 0 0 0 0 0 0 0 0 50
0 0 0 0 0 0 0 0 0 0 0 0 0 0 0 0 0 0 0 0 0 13 0 45 0 0 0 0 0 0 0 49 0 0 0 0 0 0 0 0 0 0 0 0 0 0 0 0 0 0 0 0 0 0 0 0 0 0 0 0 0 0 6 0 0 0 0 0 0 0
21 44 0 0 0 17 0 0 0 1 0 48 0 0 0 0 41 0 0 0 0 0 17 0 0 0 0 0 36 0 0 0 0 0 0 0 0 12 0 0 0 0 0 0 0 0 0 48 0 32 0 0 43 0 0 0 45 0 21 0 0 0 0 0 0 0 0 27 20 0
0 0 0 0 0 0 0 49 27 0 5 0 0 0 0 0 0 0 0 0 0 0 0 0 0 0 0 0 0 0 0 0 0 0 0 0 0 0 0 0 23 0 0 0 0 0 0 0 0 0 0 0 0 0 0 0 0 0 0 0 0 0 0 32 0 0 0 0 0 0
0 0 0 0 31 0 0 0 0 40 0 21 0 0 0 0 23 0 0 48 0 0 0 0 2 0 5 0 0 0 0 0 0 0 0 0 0 0 0 0 0 0 0 0 0 0 0 0 0 0 0 16 0 0 0 0 0 0 0 4 0 0 0 0 0 0 0 0 0 0
0 0 0 0 25 0 0 0 1 0 0 0 0 0 0 0 0 0 0 0 0 0 0 0 0 0 0 0 0 0 0 32 0 0 0 0 0 0 0 0 0 0 0 0 32 44 0 0 0 0 0 0 0 45 0 0 0 0 0 46 0 0 0 0 0 0 0 0 7 34
0 0 0 17 0 0 0 0 0 0 0 0 0 0 0 0 0 0 0 0 0 0 0 0 0 0 0 0 0 0 0 0 0 0 0 28 0 0 0 0 0 0 0 0 0 0 0 0 0 0 0 0 0 0 0 0 0 0 0 0 0 0 0 0 0 0 0 0 0 0
0 0 0 0 0 0 0 0 0 43 0 0 0 0 0 0 0 0 40 0 0 0 0 0 0 0 0 0 0 0 0 0 0 0 0 0 0 0 43 0 48 0 0 0 0 0 0 0 0 0 30 17 0 0 0 0 21 0 0 0 0 0 0 0 0 0 0 0 0 0
0 17 0 0 0 0 0 0 0 0 0 0 0 42 0 0 7 0 0 0 0 37 0 0 0 0 0 0 0 0 0 0 0 0 0 40 0 0 0 0 0 0 0 0 0 0 0 0 0 0 0 0 0 31 0 0 0 0 0 41 0 0 0 0 34 0 0 0 0 0
25 0 0 0 0 0 0 0 0 0 0 0 0 0 0 0 0 0 0 0 0 0 0 41 0 0 0 0 0 0 0 0 0 0 0 0 0 0 0 41 13 0 0 0 0 0 0 0 0 0 0 0 0 0 0 0 0 0 0 0 0 0 0 0 0 0 22 0 0 0
0 0 0 0 0 0 0 0 0 0 0 0 0 20 0 0 0 0 0 0 0 0 0 0 0 3 0 0 0 0 0 0 0 0 0 0 0 0 0 0 0 0 0 42 0 0 0 0 17 0 0 0 0 0 0 0 0 0 0 0 0 0 0 0 0 0 47 11 0 0
0 0 0 0 0 0 0 0 0 0 0 0 11 0 0 0 0 0 0 0 0 24 0 0 0 0 0 0 0 0 0 0 0 0 0 0 0 0 0 0 0 0 0 0 0 0 0 0 0 0 0 0 0 0 0 0 0 0 0 0 7 0 0 0 0 0 0 0 0 0
0 0 0 0 0 0 0 0 0 0 0 0 0 0 0 0 0 0 0 0 0 0 0 0 0 0 0 0 0 0 0 0 0 0 0 0 0 0 0 0 0 19 0 0 0 0 0 0 0 0 0 0 0 0 0 0 0 0 0 50 34 0 0 0 30 0 0 0 0 0
1 0 0 0 0 0 0 0 0 0 0 0 0 0 0 24 0 3 0 0 0 0 17 0 0 0 0 0 0 0 0 0 0 0 0 0 3 0 0 0 41 0 0 0 0 0 0 0 0 0 0 0 0 0 0 0 0 0 31 0 0 4 0 0 0 0 0 0 0 0
0 0 43 0 0 0 0 0 0 0 0 0 37 0 0 0 0 0 0 0 0 0 0 0 0 0 31 0 0 0 0 0 0 0 0 0 0 0 0 0 0 0 0 0 0 0 0 0 0 0 33 0 0 0 0 0 0 0 0 0 0 0 0 0 0 0 0 0 0 0
0 0 0 0 0 0 0 0 0 0 0 0 0 23 0 0 0 0 44 0 0 0 0 20 0 0 0 0 0 49 0 22 0 0 0 0 0 0 0 0 23 5 0 0 0 0 0 0 0 0 32 0 0 0 0 0 0 0 0 12 0 0 0 0 0 0 0 0 0 0
0 0 0 0 0 0 0 0 0 0 0 0 0 0 0 10 0 0 0 0 0 0 0 0 13 0 0 0 0 0 0 0 0 0 0 0 0 0 0 20 0 0 0 0 0 0 0 0 0 0 0 0 0 0 0 0 0 0 0 0 0 0 0 0 0 0 0 0 0 0
0 0 0 0 0 0 11 0 0 37 0 0 0 0 0 0 0 0 0 0 15 0 0 0 0 0 0 0 0 0 38 0 0 0 0 0 0 0 0 40 0 0 0 36 0 0 0 11 0 0 0 0 0 0 0 0 0 0 0 0 0 0 0 0 0 0 21 0 0 0
0 0 0 42 0 20 0 0 0 0 23 0 0 0 0 0 0 0 0 0 0 0 0 0 0 0 0 0 0 0 0 0 0 0 20 0 0 0 0 0 0 0 0 0 0 0 0 0 0 0 0 0 0 0 0 0 0 0 0 0 0 0 0 0 0 0 0 0 0 0
0 0 0 0 0 0 0 0 0 0 0 0 0 0 0 0 0 0 23 0 0 0 0 0 0 0 0 0 0 0 0 0 0 0 0 21 0 0 0 0 0 0 0 0 0 0 0 13 0 0 0 0 0 0 0 0 0 0 0 0 0 0 0 0 0 0 0 8 0 0
0 0 0 0 0 0 0 0 24 0 0 10 0 0 0 0 0 0 0 17 50 0 0 0 0 0 0 0 0 0 0 22 0 0 29 0 0 0 0 0 0 0 0 0 0 12 47 0 0 0 0 0 0 0 0 0 0 46 0 0 0 0 0 18 0 0 0 0 42 0
0 0 0 7 0 0 0 0 0 0 0 0 0 0 0 0 0 0 0 0 0 0 37 0 0 0 0 0 0 0 0 0 0 0 0 0 37 0 0 47 0 0 0 0 39 0 0 0 0 0 41 0 0 0 0 0 49 0 0 0 0 42 0 0 0 0 0 0 0 0
0 0 0 0 0 0 0 0 3 0 0 0 0 0 0 0 0 0 0 9 0 0 0 0 0 0 0 0 0 0 0 0 0 0 0 1 0 0 0 0 0 0 0 0 0 0 13 0 0 0 0 0 0 0 0 0 0 0 0 0 0 0 0 0 0 0 0 0 0 0
0 0 40 0 0 0 0 0 0 0 44 0 0 0 23 0 0 0 0 0 0 0 0 0 0 0 0 0 40 0 45 0 0 0 0 0 0 0 0 0 0 0 0 0 0 0 0 0 0 0 0 0 0 0 0 0 0 0 0 38 0 0 0 0 0 0 0 0 0 0
0 0 0 0 0 0 0 0 0 0 0 0 0 0 0 17 0 9 0 0 0 0 0 0 0 0 0 0 0 0 0 0 0 0 0 0 0 6 0 0 0 0 0 0 27 0 0 0 0 0 0 0 0 0 0 0 0 0 0 49 0 0 0 0 0 0 0 0 0 0
0 0 0 0 0 0 0 0 0 0 0 0 15 0 0 50 0 0 0 0 0 0 0 0 0 0 0 0 0 0 0 0 0 0 0 0 0 20 0 0 0 0 39 0 0 0 26 0 0 0 0 0 0 0 0 0 0 27 0 0 0 0 0 0 0 0 0 0 0 0
0 0 0 37 0 0 24 0 0 0 0 0 0 0 0 0 0 0 0 0 0 0 0 0 0 0 0 47 0 0 0 0 0 0 0 24 0 0 0 0 0 0 0 0 0 0 0 0 0 0 0 0 12 0 0 0 0 0 0 0 0 0 0 0 0 0 0 0 0 0
0 0 0 0 0 0 0 0 17 0 0 0 0 0 0 0 37 0 0 0 0 0 0 0 0 0 14 0 0 0 0 44 0 0 20 2 0 0 0 0 0 0 0 0 0 0 0 21 0 45 28 45 0 0 0 0 0 0 0 0 9 0 0 0 23 46 0 0 0 14
0 0 0 0 41 0 0 0 0 0 20 0 0 0 0 0 0 0 0 0 0 0 0 0 0 0 27 0 0 0 0 0 0 0 0 0 0 25 0 0 0 0 0 0 0 0 0 0 0 0 0 0 14 0 0 0 0 46 0 0 0 0 0 0 0 0 0 0 0 0
0 0 0 0 0 0 0 0 0 0 0 13 0 0 0 0 0 0 0 0 0 0 0 0 0 0 0 0 0 0 0 0 0 9 0 0 0 0 0 0 0 0 0 0 0 0 0 0 0 0 0 0 0 0 0 0 0 0 0 0 0 0 0 0 0 0 0 0 0 0
0 0 0 0 0 3 0 0 0 0 0 0 0 0 0 0 0 0 0 0 0 0 0 0 0 0 0 0 50 0 0 0 0 0 0 0 8 0 37 0 0 0 19 0 0 0 0 0 0 0 0 0 0 31 0 0 0 0 0 0 0 0 0 0 0 0 0 0 0 14
0 0 0 0 0 0 0 0 0 31 0 0 0 0 0 0 0 0 0 0 0 0 14 27 0 0 0 0 0 0 0 0 0 0 0 0 0 23 0 0 0 0 0 12 33 0 0 16 0 0 0 0 0 0 0 0 0 0 0 0 0 0 0 0 0 0 0 0 0 0
0 0 0 0 0 0 0 0 0 0 0 0 0 0 0 0 0 0 0 0 0 47 0 0 0 0 0 0 0 0 0 0 0 0 0 0 0 0 0 13 0 0 0 0 0 0 0 40 0 30 0 0 0 0 0 50 0 0 0 0 0 0 0 0 0 0 0 0 0 0
0 0 0 0 0 0 0 0 0 0 0 0 0 0 0 0 0 0 40 0 0 0 0 0 0 50 0 0 0 0 0 0 0 0 0 0 0 0 0 0 0 0 0 0 0 0 0 0 0 0 0 0 0 0 0 0 0 0 0 0 46 0 0 0 0 0 0 0 0 0
0 0 0 0 0 0 0 0 0 0 49 0 0 0 0 0 0 0 0 0 0 0 0 0 0 0 0 0 0 0 0 0 0 0 0 0 0 0 0 0 0 0 0 0 30 0 0 0 0 0 0 19 0 0 0 0 48 8 0 0 0 0 22 0 0 0 0 0 0 25
0 0 0 0 0 0 0 0 0 0 0 0 38 0 0 0 0 0 45 0 0 0 0 0 0 0 0 0 0 0 0 0 0 0 0 0 0 0 0 8 3 0 16 0 0 0 0 0 0 40 0 0 0 0 0 0 0 0 0 0 0 0 0 0 21 0 0 0 0 0
32 0 0 0 0 0 0 0 0 0 22 0 0 0 0 22 0 0 0 0 0 0 44 0 0 0 0 0 0 0 0 0 0 0 43 39 0 18 0 0 0 0 0 0 0 42 0 0 0 0 0 0 0 0 0 0 9 0 0 0 0 0 0 18 0 0 0 0 0 0
0 0 0 0 0 0 0 0 0 0 0 0 0 0 0 0 0 0 0 0 0 0 0 0 0 0 0 0 0 0 0 0 0 0 0 0 0 0 0 15 32 0 0 0 0 0 0 4 0 25 0 0 0 19 0 0 0 0 0 0 0 0 0 0 0 0 0 0 0 0
0 0 0 0 0 0 0 0 0 0 0 0 0 0 0 0 0 0 0 0 0 0 0 0 9 0 0 0 0 0 0 0 0 0 0 34 0 0 0 0 0 0 0 0 0 0 0 50 0 0 0 39 0 0 0 0 0 0 0 0 0 0 0 0 0 0 3 0 0 0
0 0 0 0 0 0 0 0 0 0 0 0 0 20 0 29 0 0 0 0 0 0 20 0 0 0 0 0 0 0 0 43 0 0 0 0 27 0 0 0 0 0 0 49 0 0 0 0 0 0 0 2 7 0 0 0 0 0 0 0 0 0 0 0 0 0 0 0 0 0
0 28 0 40 0 0 0 0 0 0 0 0 0 0 21 0 0 1 0 0 0 24 2 0 0 0 0 0 0 0 0 39 0 34 0 0 0 0 0 0 0 0 0 0 0 11 0 0 0 0 0 0 0 0 0 0 0 0 0 0 0 0 0 0 0 0 0 0 0 0
0 0 0 0 0 0 0 0 3 0 0 0 0 0 0 0 37 0 0 0 0 0 0 0 0 8 0 0 0 0 0 0 0 0 27 0 0 0 0 0 0 0 0 0 0 28 0 0 0 0 0 24 0 0 0 6 0 0 0 26 0 0 0 0 0 0 0 0 0 0
0 0 0 0 0 0 0 0 0 0 0 0 0 0 0 0 0 0 0 6 20 0 0 25 0 0 23 0 0 0 0 18 0 0 0 0 0 0 0 0 0 39 0 0 0 0 0 0 0 0 35 0 0 0 0 0 0 0 0 0 0 0 0 0 0 0 0 0 0 0
0 0 43 0 0 0 0 0 0 0 0 0 0 0 0 0 0 0 0 0 0 0 0 0 0 37 0 0 0 0 0 0 0 0 0 0 0 0 0 0 0 0 0 0 0 0 0 0 0 0 0 0 0 0 0 0 0 5 0 0 4 0 0 0 0 0 0 0 0 0
0 0 0 0 41 0 0 0 0 0 0 20 40 0 0 0 47 0 0 0 0 0 0 0 0 0 0 13 0 0 8 0 15 0 0 0 0 0 0 0 0 0 0 0 0 0 0 0 0 0 0 0 0 0 0 0 0 0 0 0 0 28 0 0 0 0 0 0 0 0
0 0 48 0 13 0 0 0 41 0 23 0 0 0 0 0 0 0 0 0 0 0 0 0 0 0 0 0 0 0 3 0 32 0 0 0 0 0 0 0 0 0 0 0 40 0 48 0 0 0 0 0 0 0 0 46 0 0 39 0 0 0 0 0 0 0 0 0 0 0
0 0 0 0 0 0 0 19 0 0 5 0 0 0 0 0 0 0 0 0 0 0 0 0 0 0 0 0 0 0 0 0 0 0 0 0 0 39 0 0 0 0 0 0 0 0 0 0 0 0 40 0 0 0 0 0 0 0 0 0 0 17 0 0 23 0 0 0 0 13
0 0 0 0 0 0 0 0 0 0 0 0 0 0 0 0 0 0 0 0 39 0 0 0 0 19 0 0 0 0 16 0 0 0 0 0 0 0 0 0 0 0 0 0 0 31 0 9 0 50 0 23 0 0 0 0 21 0 20 0 0 0 0 0 17 0 0 0 0 0
0 0 0 0 0 42 0 0 0 0 0 0 36 0 0 0 0 0 0 0 0 0 0 0 0 0 12 0 0 0 0 0 0 0 49 0 0 0 0 0 0 0 0 0 0 0 0 0 0 0 0 50 0 0 0 0 46 0 0 0 0 47 0 23 0 0 0 0 0 0
32 0 0 0 0 0 0 0 0 0 0 0 0 0 0 0 39 0 0 27 0 0 0 0 0 0 33 0 0 30 0 0 0 0 0 0 0 0 0 0 40 0 0 0 0 0 0 0 0 0 0 0 16 0 0 0 0 0 9 0 0 0 0 0 0 0 0 0 0 0
44 0 0 0 0 0 0 0 0 0 0 0 0 0 0 12 0 0 0 0 0 0 0 0 0 0 0 0 0 0 0 42 0 0 0 11 28 0 0 0 0 0 31 0 0 0 0 0 0 0 0 0 0 0 0 0 0 1 0 0 0 0 0 1 0 0 0 0 17 0
0 0 0 0 0 0 0 0 0 0 0 0 0 0 0 47 0 13 0 0 26 0 0 0 0 0 0 0 0 0 0 0 0 0 0 0 0 0 0 0 48 0 0 0 0 0 0 0 0 0 0 0 0 0 46 0 0 0 0 0 0 0 0 0 0 0 0 0 0 0
0 0 0 0 0 0 0 0 0 0 0 0 11 0 13 0 0 0 0 0 0 0 21 0 0 0 16 40 0 0 0 0 4 50 0 0 0 0 0 0 0 0 9 0 0 0 0 0 0 0 0 0 0 0 0 0 0 0 0 0 0 0 0 0 0 0 0 0 0 0
0 0 0 0 0 17 0 0 0 0 0 0 0 0 0 0 0 0 0 0 0 0 0 0 0 0 0 0 0 0 0 0 0 0 0 0 0 0 0 0 0 0 0 0 0 0 0 0 0 0 0 0 0 0 0 0 0 0 0 9 0 0 0 0 0 0 31 0 0 47
0 0 0 0 0 0 0 0 0 0 0 0 0 0 0 0 0 0 0 0 0 0 45 0 0 0 0 30 0 0 40 0 25 0 0 0 0 0 0 0 0 0 50 0 0 0 0 0 0 0 0 0 0 0 25 0 0 0 0 0 0 0 0 0 0 0 29 0 0 0
0 0 30 0 0 0 0 0 0 33 32 0 0 0 0 0 41 0 0 0 0 0 28 0 0 0 0 0 0 0 0 0 0 0 0 0 0 35 0 0 0 40 0 0 0 0 0 0 0 0 0 0 0 0 0 0 0 0 0 40 0 0 0 0 0 0 0 0 0 0
0 0 17 0 0 0 0 0 0 0 0 0 0 0 0 0 0 0 0 0 0 0 45 0 0 0 0 0 0 19 0 0 0 39 2 0 24 0 0 0 0 0 23 50 0 0 0 0 0 0 0 0 0 0 0 0 0 36 0 0 0 0 0 0 0 0 0 0 0 0
0 0 0 0 0 0 0 0 0 0 0 0 0 0 0 0 0 0 0 0 0 12 0 14 0 0 0 0 0 0 0 0 0 0 7 0 0 0 0 0 0 0 0 0 16 0 0 0 0 0 0 0 0 0 0 0 0 0 0 0 0 0 0 0 0 0 0 0 0 0
45 0 0 31 0 0 0 0 0 0 0 0 0 0 0 0 0 0 0 0 0 0 0 0 0 31 0 0 0 0 0 0 19 0 0 0 0 0 0 0 0 0 0 0 0 0 0 0 0 0 0 0 0 0 0 0 0 17 0 0 0 30 0 0 0 0 0 0 0 0
0 0 0 0 0 0 0 0 0 0 0 0 0 0 0 0 0 0 0 0 0 0 0 0 0 0 0 0 0 0 0 0 0 0 0 0 0 0 0 0 0 0 0 0 0 0 46 0 0 25 0 0 0 0 0 0 0 0 0 0 0 0 0 0 0 0 0 0 0 0
0 0 0 0 0 0 0 0 0 0 0 0 0 0 0 0 0 0 0 0 0 0 0 0 0 0 0 50 0 0 0 0 0 0 0 0 6 0 0 0 46 0 0 0 0 0 0 0 0 0 0 0 0 0 0 0 0 25 0 26 0 6 0 0 0 0 0 0 0 0
0 0 21 0 0 0 0 0 0 0 0 0 0 0 0 0 49 0 0 0 0 0 0 0 0 0 0 0 0 48 0 9 0 0 0 0 0 0 0 0 0 0 21 46 0 0 0 0 0 0 0 0 0 0 0 0 0 0 0 0 0 0 0 0 0 0 0 0 0 0
0 0 0 0 0 0 0 0 0 0 0 0 0 0 0 46 0 0 0 0 27 0 0 46 0 0 0 0 0 8 0 0 0 0 0 0 0 0 5 0 0 0 0 0 0 1 0 0 0 0 0 36 0 17 0 25 0 0 0 0 0 0 0 0 40 0 0 0 0 41
0 0 0 0 0 0 0 0 31 0 0 0 0 0 0 0 0 0 0 0 0 0 0 0 0 0 0 0 0 0 0 0 0 0 0 0 0 0 0 0 39 0 20 0 9 0 0 0 0 0 0 0 0 0 0 0 0 0 0 0 0 0 0 0 0 0 0 0 8 0
46 0 0 41 0 0 0 50 0 0 12 0 0 0 0 0 0 0 38 49 0 0 0 0 0 0 0 0 0 0 0 0 0 0 0 0 26 0 0 0 0 0 0 0 0 0 0 0 9 0 40 0 0 0 0 26 0 0 0 0 0 0 37 0 0 0 0 0 0 0
0 0 0 0 0 0 7 34 0 0 0 0 0 0 0 0 0 0 0 0 0 0 9 0 0 0 0 0 46 0 0 0 0 0 0 0 0 0 4 0 0 0 0 0 0 0 0 0 0 0 0 0 0 0 0 0 0 0 0 0 0 0 0 0 0 0 46 0 0 0
0 0 0 0 0 0 0 0 4 0 0 0 0 0 0 0 42 0 0 0 0 0 0 0 0 0 0 0 0 0 0 0 0 0 0 0 0 0 0 28 0 17 0 47 0 0 0 0 0 0 0 0 0 30 0 6 0 0 0 0 0 0 0 0 0 0 0 0 0 0
0 0 0 0 0 0 0 0 0 0 0 0 0 0 0 0 0 0 0 0 0 0 0 0 0 0 0 0 0 22 0 0 0 0 0 0 0 0 0 0 0 0 0 0 0 0 0 0 0 0 0 0 0 0 0 0 0 0 0 37 0 0 0 0 0 0 0 0 0 0
0 0 0 0 0 0 0 0 0 0 0 0 0 0 0 18 0 0 0 0 0 0 0 0 0 0 0 0 0 0 0 18 0 0 0 0 0 0 0 0 0 0 0 23 0 1 0 0 0 0 0 0 0 0 0 0 0 0 0 0 0 0 0 0 33 0 0 40 21 0
0 0 0 34 0 0 0 30 0 0 0 0 0 0 0 0 0 0 0 0 0 0 23 0 0 0 0 0 0 0 21 0 0 0 0 0 0 0 0 0 0 23 17 0 0 0 0 0 0 0 0 0 0 0 0 0 0 40 0 0 0 0 0 33 0 0 0 0 24 0
0 0 0 0 0 0 0 0 0 0 0 0 0 0 0 0 0 0 0 0 0 0 46 0 0 0 0 0 0 0 0 0 0 0 0 0 0 0 0 0 0 0 0 0 0 0 0 0 0 0 0 0 0 0 0 0 0 0 0 0 0 0 0 0 0 0 0 16 0 0
0 0 0 0 22 47 0 0 0 0 0 0 21 0 0 0 0 0 0 0 0 0 0 0 0 0 0 0 0 0 0 0 0 3 0 0 0 0 0 0 0 0 0 0 0 0 0 0 31 29 0 0 0 0 0 0 0 0 0 0 46 0 0 0 0 0 0 0 0 0
0 0 0 0 0 11 0 0 0 0 0 0 0 0 8 0 0 0 0 0 0 0 0 0 0 0 0 0 0 0 0 0 0 0 0 0 0 0 0 0 0 0 0 0 0 0 0 0 0 0 0 0 0 0 0 0 0 0 0 0 0 0 0 40 0 16 0 0 0 0
7 0 0 0 0 0 0 0 0 0 0 0 0 0 0 42 0 0 0 0 0 0 0 0 0 0 0 0 0 0 0 0 0 0 0 0 0 0 0 0 0 0 0 0 0 17 0 0 0 0 0 0 0 0 0 0 0 0 8 0 0 0 0 21 24 0 0 0 0 0
34 0 0 0 0 0 0 0 0 0 0 0 0 0 0 0 0 0 0 0 0 0 14 0 0 14 0 0 0 25 0 0 0 0 0 0 0 0 0 0 0 13 0 0 0 0 0 0 47 0 0 0 0 0 0 0 0 41 0 0 0 0 0 0 0 0 0 0 0 0
