30 30
9 3 25 57 32 48 6 60 98 41 12 78 79 97 44 80 22 93 70 93 50 89 37 69 3 78 51 54 9 50
4 3 8 3 8 4 8 1 1 7 7 8 10 3 4 2 1 7 7 3 6 2 7 10 1 4 2 1 1 1
4 7 5 3 6 7 5 8 5 8 8 7 4 10 3 8 6 7 9 1 8 2 1 2 10 3 6 8 2 9
6 4 1 3 6 0 2 1 0 9 5 5 1 4 6 0 7 4 3 1 5 7 7 5 2 2 2 1 9 8
9 2 6 1 7 3 3 10 1 1 0 0 4 3 3 4 2 5 8 9 6 2 0 0 9 4 5 10 2 9
9 0 5 6 8 4 7 9 10 9 10 3 3 0 9 7 1 10 0 2 4 10 7 7 1 0 8 7 5 2
7 7 5 7 2 3 3 4 4 0 5 6 0 1 5 4 1 6 3 10 10 9 3 8 1 5 7 1 0 5
0 3 3 8 7 2 10 3 10 10 6 3 10 1 8 0 8 8 2 1 9 8 5 3 6 4 4 5 4 5
7 9 6 10 8 5 9 10 7 3 4 4 8 7 0 7 4 1 7 1 3 3 0 3 4 9 1 0 4 2
9 1 9 6 1 5 4 2 10 5 8 7 7 9 2 3 0 5 5 1 0 10 2 5 3 1 2 2 4 7
0 2 4 6 5 4 7 1 3 8 2 10 1 9 2 8 6 10 1 8 5 3 4 3 10 6 9 7 3 1
7 1 4 6 4 4 1 2 7 7 5 3 10 1 1 6 5 2 0 10 5 5 9 2 10 8 10 7 3 6
6 4 4 3 9 3 4 10 6 6 9 5 9 7 2 4 6 4 5 3 9 5 0 2 6 4 8 10 4 0
10 5 5 3 7 2 0 5 10 9 6 7 8 0 5 10 5 4 9 8 3 4 6 1 4 3 4 4 8 9
7 10 8 8 0 9 5 4 7 0 3 0 2 7 3 0 6 1 3 10 10 9 7 1 7 2 5 3 8 4
8 1 5 9 9 2 1 2 2 0 1 8 10 0 3 3 7 7 10 5 8 4 9 2 8 1 3 8 2 4
9 5 7 6 0 7 7 9 10 4 2 4 7 4 0 6 10 8 7 9 10 0 6 5 9 6 9 4 1 6
1 7 10 7 2 7 8 2 1 2 2 7 0 9 5 7 9 4 4 4 0 0 3 2 8 4 2 6 9 10
10 8 8 1 5 8 1 1 10 8 0 10 6 1 5 7 0 3 1 8 8 9 7 8 1 3 6 7 7 5
6 10 8 2 10 5 5 9 10 4 7 7 0 8 6 7 1 7 9 7 6 1 10 7 8 4 8 0 7 0
8 3 1 1 5 9 7 5 3 2 3 4 3 9 10 6 0 8 1 6 9 1 1 0 9 1 10 2 7 4
7 0 8 9 6 0 8 7 9 6 10 4 6 7 4 10 0 7 10 3 2 0 5 5 8 0 3 7 3 5
4 1 2 5 9 8 8 9 4 7 7 9 5 9 9 6 0 0 0 6 4 0 8 8 8 5 3 7 0 8
9 8 7 8 1 6 8 9 8 7 8 4 3 4 5 5 5 7 5 6 5 10 6 2 3 2 6 4 5 0
3 2 3 7 5 4 1 5 0 1 1 6 1 6 0 10 1 5 9 0 4 1 5 3 6 1 7 8 4 3
9 10 4 6 7 6 1 0 2 6 7 4 2 8 8 6 0 9 10 9 8 9 1 0 8 1 1 8 4 8
10 3 0 4 10 4 6 8 3 10 10 5 2 5 3 1 2 4 5 10 3 3 7 10 2 6 10 7 3 1
2 1 9 5 4 0 3 3 1 5 5 3 0 4 1 10 10 2 6 4 4 4 6 8 2 8 1 9 10 4
7 8 4 3 3 9 10 8 3 3 5 8 10 7 0 4 10 0 3 6 2 4 3 4 6 1 2 6 1 3
5 9 1 6 0 7 4 9 9 7 1 4 9 2 8 7 3 8 4 9 1 5 4 9 4 3 10 9 1 2
1 8 2 2 1 6 2 7 2 7 3 0 10 3 3 3 3 4 9 1 5 10 3 6 4 2 7 7 4 4
0 0 8 26 16 16 22 28 3 10 17 26 12 1 19 9 25 4 8 24 7 28 22 3 1 13 29 7 22 9
0 0 22 8 3 4 15 16 4 29 23 12 8 5 11 8 10 29 9 10 26 6 10 16 19 27 29 27 17 12
8 22 0 23 7 0 9 16 30 22 10 2 29 5 20 27 6 25 12 16 8 14 18 16 15 27 22 16 27 5
26 8 23 0 6 9 7 19 19 14 22 3 20 9 11 23 22 7 3 5 20 20 14 13 21 2 25 25 18 26
16 3 7 6 0 26 26 16 8 22 0 10 24 17 12 26 3 30 10 5 25 0 3 7 10 16 8 12 21 13
16 4 0 9 26 0 18 7 13 6 19 2 0 5 7 9 5 20 13 9 14 10 27 25 9 3 19 15 3 17
22 15 9 7 26 18 0 17 2 11 16 26 5 12 10 14 2 6 15 19 5 27 27 11 30 16 17 2 3 19
28 16 16 19 16 7 17 0 8 5 7 30 1 9 20 10 20 14 21 7 19 9 29 5 0 1 6 22 19 30
3 4 30 19 8 13 2 8 0 8 6 27 26 9 26 11 14 15 15 7 17 13 7 23 18 25 24 9 30 18
10 29 22 14 22 6 11 5 8 0 21 19 2 25 18 7 5 25 24 1 6 15 19 12 6 8 29 14 25 4
17 23 10 22 0 19 16 7 6 21 0 29 17 28 22 17 16 6 13 9 27 5 20 26 10 16 1 16 3 11
26 12 2 3 10 2 26 30 27 19 29 0 28 30 2 4 18 19 29 17 12 23 23 4 10 7 2 6 26 2
12 8 29 20 24 0 5 1 26 2 17 28 0 24 14 20 13 1 20 29 8 0 0 0 6 8 10 18 16 2
1 5 5 9 17 5 12 9 9 25 28 30 24 0 2 22 28 22 9 19 3 27 30 9 23 27 4 26 4 3
19 11 20 11 12 7 10 20 26 18 22 2 14 2 0 11 10 23 30 15 26 20 18 22 24 24 11 23 2 17
9 8 27 23 26 9 14 10 11 7 17 4 20 22 11 0 5 12 17 6 15 3 18 9 8 30 1 10 12 3
25 10 6 22 3 5 2 20 14 5 16 18 13 28 10 5 0 14 17 9 15 7 9 19 9 26 9 9 26 23
4 29 25 7 30 20 6 14 15 25 6 19 1 22 23 12 14 0 5 0 16 1 26 4 0 15 24 26 4 14
8 9 12 3 10 13 15 21 15 24 13 29 20 9 30 17 17 5 0 9 15 19 15 10 8 4 17 12 25 17
24 10 16 5 5 9 19 7 7 1 9 17 29 19 15 6 9 0 9 0 29 14 2 22 28 24 17 13 6 10
7 26 8 20 25 14 5 19 17 6 27 12 8 3 26 15 15 16 15 29 0 24 1 1 11 20 12 6 12 27
28 6 14 20 0 10 27 9 13 15 5 23 0 27 20 3 7 1 19 14 24 0 4 0 30 26 10 29 28 29
22 10 18 14 3 27 27 29 7 19 20 23 0 30 18 18 9 26 15 2 1 4 0 8 17 21 22 15 24 14
3 16 16 13 7 25 11 5 23 12 26 4 0 9 22 9 19 4 10 22 1 0 8 0 21 12 1 1 27 15
1 19 15 21 10 9 30 0 18 6 10 10 6 23 24 8 9 0 8 28 11 30 17 21 0 15 12 19 19 26
13 27 27 2 16 3 16 1 25 8 16 7 8 27 24 30 26 15 4 24 20 26 21 12 15 0 18 3 19 1
29 29 22 25 8 19 17 6 24 29 1 2 10 4 11 1 9 24 17 17 12 10 22 1 12 18 0 12 9 13
7 27 16 25 12 15 2 22 9 14 16 6 18 26 23 10 9 26 12 13 6 29 15 1 19 3 12 0 27 21
22 17 27 18 21 3 3 19 30 25 3 26 16 4 2 12 26 4 25 6 12 28 24 27 19 19 9 27 0 18
9 12 5 26 13 17 19 30 18 4 11 2 2 3 17 3 23 14 17 10 27 29 14 15 26 1 13 21 18 0
