1000
100000 20283
99996 144
100000 82152
100000 48893
99997 2429
99995 7843
99995 64177
99997 10232
99997 172
99995 446
99996 483
99996 2209
99998 01780
99995 9472
99999 9686
99998 89399
99997 8395
99997 4170
99999 70719
99998 64609
99998 927
99999 6489
99998 43196
99997 9085
99998 1067
99995 5178
99996 950
99999 3194
99997 408
99999 28015
100000 99117
99996 6134
99995 782
99996 0020
100000 4964
99997 835
100000 40175
100000 0397
99995 8982
100000 338
99998 8639
99999 5203
100000 65076
99996 9501
99996 8407
99997 417
100000 18811
99996 10603
100000 0492
99997 4959
100000 98532
100000 527
99997 6130
99995 8448
99999 90584
99997 49955
99995 5857
99997 25872
99996 3739
99998 52027
99997 310
99995 38208
99996 8998
99997 0631
99998 82084
99998 9398
99995 759
99995 742
100000 4526
100000 961
100000 78010
99996 43844
99998 9204
99997 4101
99997 98574
99995 8863
99995 41073
99999 121
99996 5091
99998 378
99996 3981
99996 140
99996 443
99995 379
99999 6518
99999 28545
99995 36412
99998 469
100000 0241
100000 53981
99997 92021
100000 579
100000 470
99995 62190
99998 357
99995 07872
99997 48584
99995 553
99998 20136
99996 1230
99999 38058
99996 868
99999 282
99999 71204
99997 8226
99997 6492
99999 73223
99999 48209
99999 9138
99998 638
99996 35061
99997 2140
99999 925
99997 20282
99997 37788
100000 49504
99995 822
99997 718
99999 5592
99999 82447
99999 29692
99999 5620
99999 63596
99995 70109
99999 8395
99996 5837
100000 8215
99996 34382
99996 632
100000 278
99998 0892
99998 85973
99995 984
99995 70435
99999 5413
100000 85506
100000 088
99995 94151
100000 2863
99998 514
99996 9116
99999 26509
100000 84743
99996 747
99996 875
99999 49096
99999 159
99996 95452
99999 80174
99997 242
99998 133
99998 8660
99996 8004
99997 737
99996 096
100000 67417
99996 199
99998 126
99999 365
99997 80594
99998 489
99997 3873
99999 28568
99995 23248
99998 881
99999 679
99997 5835
99996 733
99998 0628
99997 4151
100000 26155
99997 864
99995 662
99995 411
99995 61860
99998 901
99997 035
99997 89203
100000 75478
99999 603
99995 5932
99997 42968
99998 5062
100000 6160
100000 1386
99996 2258
99995 211
99999 91217
99996 3970
100000 71613
99999 81330
99996 261
100000 190
99999 67911
99997 112
99998 914
99997 761
99997 974
99999 669
100000 113
99998 50098
99999 753
99996 276
99995 0854
99996 2656
99997 078
99995 2087
99998 364
99995 535
99998 06580
99995 4442
99997 8210
99996 28657
100000 45053
100000 97806
99995 90981
100000 190
99996 81748
99998 885
99997 06328
99999 01419
100000 54332
99996 4736
99999 78600
99995 26612
100000 235
99999 14139
100000 118
99998 067
99997 9586
99999 0758
100000 430
99995 491
99996 417
99999 1859
99999 4404
99999 200
99996 962
99999 8465
99998 0565
100000 42457
99998 056
100000 45283
100000 071
99999 9864
99998 0788
99998 267
99999 327
99999 39938
99998 9857
99996 9772
99996 9315
99999 9120
99995 61013
99999 35544
100000 47808
99996 5409
99999 8124
99996 2930
99997 639
99996 5494
99996 633
100000 35490
99998 46816
99998 8950
99999 19804
99996 1141
99995 0531
99997 1842
99997 6276
99997 783
99995 737
99997 099
99997 39089
99996 7893
100000 0993
99996 200
99999 720
100000 1259
99999 4445
99998 86559
99998 451
99995 248
100000 96762
99996 3339
100000 95236
99999 662
99999 817
99998 021
99997 371
100000 336
100000 2693
99999 0536
100000 97858
100000 93355
100000 4654
99999 287
99996 594
99998 8577
99998 04821
99995 663
99999 7462
100000 31520
99998 593
99999 670
100000 03107
99997 9194
99997 62371
100000 42271
99998 7739
99999 07838
99997 7009
99995 634
99996 9360
99999 2509
99999 41282
99997 60193
100000 15754
99998 41478
99998 11206
99998 75207
99996 28099
100000 6492
99995 71480
100000 59342
100000 26620
100000 75175
99998 73562
99999 7608
99996 2648
99995 8642
99999 167
100000 11550
99996 06429
100000 1463
99995 9091
99995 286
100000 2771
99996 346
99996 8385
99996 7765
99995 23102
99995 554
99996 511
99998 780
99999 712
100000 12611
99997 784
99997 15918
99996 9205
100000 4250
99995 7241
100000 938
99996 51111
99997 94604
99999 8074
100000 970
99997 621
99998 997
99997 623
99998 93227
99998 4250
99999 796
99999 64241
99997 638
100000 1681
99999 369
99996 752
99999 249
99999 73301
100000 240
99998 145
99997 09333
99997 989
99997 4101
99999 699
99997 39788
99998 37692
100000 253
99995 1441
100000 53340
99999 926
99999 2786
99995 2308
99999 3275
100000 232
99999 095
99998 7757
99996 7610
99996 7924
99996 121
99996 454
99995 609
99996 3148
99999 5708
99996 3566
99997 8790
100000 797
99996 9864
99998 1028
99997 3508
99996 1687
99995 728
99995 999
99997 782
99997 8489
99998 9517
99997 234
99997 55183
99995 1480
99995 4788
99996 456
99996 22486
99997 8288
99996 5560
100000 978
99996 254
99998 68489
99996 450
100000 21515
100000 3853
100000 8611
99997 303
99997 80071
100000 3901
99997 693
99995 05668
99995 4218
100000 097
99996 135
99999 2732
100000 6593
99995 436
99995 5644
99997 89170
99998 23613
99997 918
99998 8039
99999 76180
99997 035
99995 09767
100000 57610
100000 06959
99999 11406
99997 91693
99999 65729
99998 2552
99996 92025
100000 80084
99996 71974
99999 580
100000 01744
99998 2312
100000 526
99998 774
100000 0510
99997 7392
99999 54097
99998 612
99996 19395
99995 336
99998 373
100000 1545
99999 4987
99999 97828
99997 57173
99999 38488
99997 18421
99998 482
100000 681
100000 447
99997 37853
100000 93234
100000 050
99999 216
99999 8186
99999 581
99998 513
99995 999
99996 5748
99998 1967
100000 657
99996 1695
100000 40953
99999 109
99999 8368
99997 799
100000 002
99995 21521
99998 5606
99999 977
99998 902
99998 58778
99999 9397
100000 7863
99999 85459
99995 35836
99995 85955
99995 24315
99997 73496
99997 334
99995 9125
99999 12496
99995 5971
100000 7534
99999 1112
100000 05480
99999 9165
99995 4565
99998 51022
99997 4872
99995 43776
99998 3888
100000 4610
99996 62655
99995 3365
99998 45099
99996 6456
100000 9284
99998 4864
99999 60727
99995 190
99998 48255
99998 038
99996 4803
99996 2246
99999 7219
99996 28269
99997 45020
100000 06419
99996 979
99999 60449
99995 507
99995 58157
100000 33465
99997 980
99997 06989
99997 21158
99999 7404
99995 226
100000 7007
100000 161
99995 93347
99996 766
99997 23260
99995 107
100000 6831
99997 4604
99997 496
99998 059
99996 880
99996 9165
100000 4502
99997 557
99996 2885
99998 267
99996 7543
99999 878
100000 15556
99999 12434
99996 936
99995 406
99999 76025
100000 0555
99999 791
99995 91576
99998 9427
99995 89977
99996 037
99999 79437
99995 51138
99998 446
99995 2550
99995 819
99996 054
99999 132
99998 76901
99999 764
99998 649
99998 3539
100000 57577
99999 47609
99996 218
99997 397
99996 658
100000 6953
99997 01611
99997 3458
99995 836
99999 5550
100000 80141
99998 414
99997 99011
99996 873
100000 6562
99999 4788
99998 45779
99998 58331
99999 830
99998 1341
99999 903
99996 409
99999 0063
99999 294
99998 573
99996 36307
99996 651
99997 97465
99995 4865
99999 773
99999 845
99999 12245
99999 6714
99997 055
99998 9580
99997 11729
99997 106
99996 54078
99997 093
99997 7890
99997 75091
99996 811
99998 58414
99998 942
99996 48620
99997 376
99996 6259
99998 608
99996 84184
99996 9037
99997 961
99997 67494
99997 85482
99996 0632
99999 271
99999 819
99997 103
100000 0711
99999 71844
99996 0088
99997 309
99998 6326
99997 799
99996 75275
99996 295
99996 7572
99996 138
99998 231
99995 567
99996 2836
99996 03676
99999 538
99998 6062
99996 33215
99995 041
99997 64524
100000 203
100000 98757
99997 544
100000 08337
99995 5691
99999 037
99995 92179
99995 350
99996 47253
100000 86086
99995 75920
100000 8328
99995 0489
99999 010
99996 16259
99996 840
99996 87385
99997 10145
99999 7344
99995 02024
100000 2532
99998 746
99998 0798
99995 2278
100000 2748
99999 5147
99996 2363
99997 9775
99998 172
100000 981
99999 416
99997 0032
99996 1127
99995 376
99998 5063
99997 5514
99997 878
99998 309
99995 62316
99995 498
99997 084
100000 8320
99996 291
99996 4974
100000 9962
99996 04044
99997 29843
99998 524
100000 49405
99999 629
99998 029
99995 0889
99998 914
99997 3056
99996 85198
99999 7808
99998 51010
99998 6707
99996 79432
99996 21206
100000 089
99995 28955
99998 60343
99998 3658
99999 580
99999 083
99998 479
100000 1490
99998 969
99999 33493
100000 78401
99999 497
100000 632
99996 391
99997 838
100000 83948
99999 71077
99997 5927
99995 681
100000 22238
99998 69197
99996 18192
99997 311
99999 78372
99997 0429
100000 7837
99996 7701
100000 65278
99998 5668
99997 059
99999 345
99999 684
99999 394
99995 024
99998 014
99995 903
99995 183
99998 30425
100000 30627
99998 968
99995 4598
99995 90062
99995 430
99999 01443
99995 7401
99998 49716
99996 89048
99997 0836
99995 33103
100000 27029
99997 513
99998 423
100000 265
99995 462
99998 71469
100000 703
99997 845
99998 234
100000 20976
99999 8269
99999 47409
99996 6288
100000 0589
99996 64145
99997 06049
99999 7434
99996 19248
99995 432
99999 474
99995 041
99995 840
99997 2332
99996 029
99995 28497
99998 90685
99997 6115
99999 3748
99996 0723
99998 826
99999 46693
99995 8947
99997 0112
99995 327
99996 006
99998 7770
99996 22696
99997 94221
99997 860
99998 066
99999 010
99998 655
99999 04126
100000 54593
99997 1502
100000 5727
99997 2506
100000 205
99997 706
99995 00623
100000 0613
99998 431
99997 188
99999 1187
99998 304
100000 8643
100000 791
99998 9928
99995 87069
99995 39208
100000 263
99997 63876
99996 36168
99995 64814
100000 199
99998 9342
99996 925
99997 5069
100000 4256
99996 29454
99997 4839
100000 43231
99996 146
100000 2480
99995 27975
99997 811
99996 34013
99998 161
99998 8443
99996 8370
99998 51973
99998 19326
99999 43868
100000 26357
99999 2342
99996 2203
100000 84859
99995 151
99996 73195
99999 5093
99999 84442
99999 6768
99995 9690
100000 2798
100000 054
99999 0236
99996 0971
100000 5417
99999 7970
99996 290
100000 85708
99995 55570
99995 5193
99995 67454
99999 335
99999 217
99996 93234
99998 8576
100000 588
99997 466
99996 390
99997 40200
100000 869
99998 0133
99998 0953
99997 661
99998 0874
99998 0295
99998 17957
100000 92681
99998 209
99999 9637
100000 86232
99998 6610
99996 064
99997 679
99999 350
99998 26080
99997 958
99998 493
99996 232
99995 833
99999 8830
99996 668
99998 89381
99995 303
99999 035
99998 243
99999 78787
100000 98309
99999 65152
99999 43173
99997 550
99998 20542
99999 69828
99998 9933
99995 009
100000 369
99996 261
100000 028
99997 244
99999 8027
99999 6695
99998 630
99997 251
99998 4776
99996 9722
99996 405
99997 62711
99997 8667
99998 32399
99999 7366
99996 752
99999 3918
99996 442
99998 0883
99997 7362
99997 023
99998 263
99997 3339
99999 53737
99997 569
99995 1819
99998 2086
99998 060
100000 3901
99998 00228
100000 4111
100000 26712
99998 3209
99996 29785
99999 504
99996 21578
99999 37873
99995 77616
99999 30497
99996 064
99998 290
99999 36317
100000 7270
99995 1268
99997 409
99997 384
99998 233
99999 9110
99995 3387
100000 86704
99996 56615
99996 85789
99997 93780
99997 8524
99997 2775
99996 2818
99998 85305
100000 34564
99998 23215
99995 8842
99998 37754
99997 8757
100000 7889
99999 5257
99999 16178
99999 19861
99996 8886
99996 804
99995 3893
100000 13418
100000 92481
99996 1906
99997 71200
99997 70923
99996 79308
99999 765
99998 84310
99999 556
99999 00246
99998 6056
100000 070
99997 177
99995 53050
100000 818
99999 43848
99998 72834
99998 5349
99998 334
