999
90618 394917408190865415842787824366761068
49130 8474855997937949
87548 15308063997019335654914404689923343400743335571777188545865417294820967778845556146457147667
92641 37611716086209234533231567618859808930542792
6319 17805078220302407321058678
81857 29196013380303735963239292045142553195469245058744257857224875154
14717 11
5401 365609133201482877358370171226316430836069743939788595069
5311 2919
99918 880665405611965455370622641636554851788036405263053921363057498660933311394363573
45882 22782903965463579679391897475836827113183069563812768180
6859 30305994223076984836989838137867808682022222
47142 1162474123287319997868551286811726557304196988320020389
19073 236667578755277285768992870217795743804808757583343027035948886272711
44680 3136713541879104484453349903358270249
85533 83213574220883025
33082 4779173731476582546808770776113614548174068003263137761231803153606855147465403505109
25842 337285415
83178 34418365
66351 435166676854171810416852031
38837 63167141084497213893782
81757 847580874086836165444019890426938535714686244988069019659332160938513988491446926
45873 391177807
17128 536184751655972637417842367070658704
95723 3452777504500060620403575454349436561494170908259028243022654042078906526
23512 2775143350830745530401206660270348745678105720531821245111957496031049260696731885842
86312 22459257232158099495926335225635289807087101510504640468287643521866841414015638551230745
41700 929753832705016819497072930696125299914030103420771420522254377008760599
24616 82723389397628095956323
52961 5704579026179637701605
94898 544737946536214773455
19835 2052301015812706978707945716181087820514
76262 02818678873979982
97092 810712
5899 094225005488726605597836
35966 48078404565739551
27047 3110305301326942939271002537169756156358747665179145105384810987090247313603169402185918273553617
29020 450586167855281
8636 839799323477442107871671300581693270744082093172488874480928821044193705304041721743292668
7288 295496610
60042 269593663063427993929108811522060735602
47186 6732414266838121137556979641643312671033689082717271318877390709
53990 3332679173050639663008513385894543682
11696 0735889617664027621062956205644024448937882233527753571798036573729976
21265 04766661856761702196717379639223635981103433886122448455743259679381109
98914 44649648084925790226772758698845198772714578039957626530
95687 0365794990414144107
8977 196
47406 721301498029016247166922156516943300145947623778660650549283617699480975399585949668107451666655362
96185 0913997583494999643371879327198702154376547419567000426606402588100
90195 6290717817438937434331672230128109035999863052794934792114480059105792244190144890772021566
1496 6270677381809364440195527074681028481653381114370989256990161917258595924143113588
91148 325248868386012150446530260212142142703594418961013833626352672118776303047
83150 1082401319663947216092791786
86299 810441199138588054555091791296713756424727635871388845306745889267348063501774704460
59400 9400208069109505397
25188 49047362028136993277047491007215994619856136069
82598 20531996491685375547823513594535054921879827
6907 54192602664174496148188615809449167601602017196
84587 646653458244760304107740253668068083184316055634469411371253759778296375040312370128906144949
89924 7838984933648162526798533145762482251272062201939861743472409537159132624524221162567
79146 21224181485
55737 55102089939895280026820897057960
78518 71967716022949868610893
26251 64262960573509386952473539485056154018017612161739216623381325898292265607799898312838
38404 807376657445438169852572277789099399851553217434568463377291952
8752 04691096631580778846503445468062824639348549
40426 2501878134307
59202 8783713509
41919 526778460332038226254264
52025 81731723896318470015522517297989642
268 6041264420659798976516118901756530826371467139
90020 95921694253423699090870
55152 35249181645473145
99973 10572833411411010386450405917437394493576705037888968853248
71829 25338477209753035217749571897982
17276 759510722235581773213087515806495502240125746261759194740089586160156524743
11148 771615841482937753613069086056046137113298436276978364082296051604335751996533
78926 51311906045916897827136688236773598612
85582 0837599471375008280655229766954202874587582063055304295889249043528988400298820507
61391 612839457104707623554101053340135973314726045745530418968
84986 91773
96307 7920928950541636234966438241748574231969737573803308834569561474919211
23764 285975725071132991093452352780731896877265105928856921996803442454721822537930391
2291 6377478977315624833109473245201
63309 370666619458998351202872063360204
60010 173777667450333921970163117166597174
2975 624907039797256067307261157982024681373271926136553283403481964405159
8755 1293418390535940295275311714422047161657113219805088203559074108709406017005766380369786
37053 16127459316115402262411610026950557919733237156855262708007129406616711142
75607 89018191563016571471818963798949314425836
35109 05035508701404125593776887374
89474 108575983910501102455086380185435805559788368704414125
59765 20045831854042176746837574935108379708641985990498515568519958142318367162
83413 861969718419059360114821996415849750230356835789968201994869976499269800
32187 1915067256351972697060396497063013812642508069982027795711519
21930 6470880606168934835295573445091
3416 7060035220681066345495006676
80951 320514170827292143627287393699368408
90140 64858331063778718906407498296945693166953595
15612 8074995254826150388989650567006022891565262996275958890277477644055717808263396483449385
21550 110587468819676630917644555751450536382
22194 4791099507421823889892806203206096034774
14295 763288035540119772581985341215302739
26108 214863232491746342228769997522580042593810519130579406407518894505679
8957 798189919575371940917169997729701980895095795927268490752901003109818577481815575573726095245
88515 151371396247778207163999812109477229599250681760583213106
47869 8612463954023250552774309
43348 3671989809226055017908976032858628386972279336872024713162380788002956392748797474846384738014981
727 3546809445037511645789970948443597324391196228419692550948446008669339694115388781998932
98266 69099419917491381
36758 676924764920800886435537776026213688735995715313362955059705474911229878990894814711
15786 2922621383505963633548301120261341954393740170076664048524663629514447677988644552384865328509
14755 55161217481329120004865017471068288565321143651923195635631
82174 258551364448756997371511899296035566081256083245137301270804836
25367 02712637078738
32900 7536966646162167544994251791677543209205249204002432331850207737
13650 05615855578600304130560783395161538647595715284925224399088
98253 452232914051645987
32658 665213229565061213008450767486746050948203544555
40458 25049986
99655 323725310807145256
28286 06528195368266323649040584389657358781506718401998206907310843501151557295081670
51565 23558098425142845486672688353576233642986909998613306463528965374027495066806250094750991
85294 78201318770262462986556850986145241250206204001707329566388307382048317725373292895506208774
28561 645890743346747060411493240
20293 33102668822315290999813
45329 1183878615533696501875915532
47683 2802265463432940681594260558045336688554579
71151 751484025527537934848286666
60867 51178351661115941537178562500869805
56414 74898176390348983750874684703185541885
59205 505094833926672708483697550834669982378159884623274730837347530914068432684042170715159
58762 616602937794244823599265229344653655
14549 257515558913032761941065601869903983826494671110141631568
66711 1721296523237700346821506027056578236451463422159229157709553
542 553607068
76420 2531788870806252361600095256328854155310878017756097206811779023490884141556023157640376229567565711
33571 2908133139104
73258 488581817126478768777759693461414
79905 7339783539872855452892958581173726736562946842841064233681025813379864860125
2860 6498507173357294790262
48437 27276294512449392970455379720818078360390874679
26073 78054339792677520708580523451544817249511908920
82338 9447022180348455564973133206428997091067
78011 398
48169 08969015496656436817688871821582667410588204914472124421021834
9774 78348035914
74017 64615295773661538441378017287714558058803
24193 921263019396374585798854252001128488207586807089582432744695946
25475 0610751011576862991376702100809715360469431408504156602620039259369041284367305446
83927 45108636067893020510223492
13113 725194068456041728841429295974403070705443601975435057510883
17059 4
944 16893054979724318458041896403972948251127599917534703940389159406530565377062513399854
26531 37395459903158239984686621311536192749663062484093630459319761837
68272 4433267717233985899241696922207849295549655575892825106579537779894
91552 448393526027827529975244261116017948200341310146220837701769022899053313095522178443066458
67303 229236772589268685124984270019000036533150140192322643255660385456183721123514676222458446817
91760 572865297086261349245666387634291674151963512823257585844365958436448342035
42321 159981909346482461606723616260383443884930973178595678
79323 4821272564752
96661 2403341459187708899992138719494982
89414 59462206171608614106590907947551869089233240726659
38763 426192903699291533314821071
3740 86555760750754989229269293949
38569 1350
95662 1087523363283230254054257422304233361331150012687897134840962908481668762052800561942792
40402 6219074476383714276733192140144383769891231855928909408980118655484170562559641247626706816
74127 43402039513548045585521516357817509046994000539891207277216945244135217197007227088172074095
15638 38348767398281046341057264249449448503998771554544483617
92237 18421107608451834969258393148311303385756598334250605586121
28609 5944391313490192686954254530177386771092357626889764583865686
51994 005972240383659692260076925561958133018572006319892884343120359513842928636707
40993 276158618864673583670609781810885354743700755580706738218749948711965295644283
49699 48553424756164119511422436820025685303
20129 246537155083843895
2764 350881795150754517298308728147130480135261679955827798377350743945
95681 1459631246382436174177749303
20882 04292809271673424415182373872373422613420216797522094100750697293307
91473 0334279597035430821927431171529529038122157783697530375552
67986 757503001611747093520858377651188851647983989465371585518674329098
20612 2770078003512902630297787752933238151641591
78203 2728540509701380
77093 68418269109229213905968956336719579978803944283687503935247288
53343 105171082040426471101857295287552271
93311 45836902494759
95689 79694484623049184690118716
46177 7589807038595974280509284449542937750720027838
5557 5695242367607997000524341080206946671591075700198881136536557906433780936846626202784768141557931
79938 5155292907544985349959327855820044166540681
76543 7634218217940086
58334 10886717812390204107240508549447607868
34826 707398608192157754853028924460708679176091543403920808466669279382957651454646175092
77129 383011179378673621213339777423251888914792144113947473134798676962185358
71181 3136738505622496527550669363868215887003943915187352462409095885656689128957330
99420 97277981575422592516380675427260413049525471420901790022164672263583683538461297150873103340755795
69245 979613466632604045185294618289993501353492836449351382124
64757 871643800534445067630075035
16629 47910078015665471743562613790198533430446463833123991093012493465607188637640924391095674
43566 02857845233008771930993476200393494612418652949163
99552 9227771316660467943824046556784320196548170081946133958717596838285489098065336006873
4464 027591485030026685170298491528553601511351542770188143946227606343279655876
88538 14661309896278874275890939858507039123134853658657206646
93768 3611660101983545325848348930786259301948102406428166952052570689838181176908020
17971 41394315473633381522863059554937299449072417309800954502437444547671909882
192 6265237922074554837947535721378137033738360686
52485 1681039004303270400637719378806642691414774188284
83931 79
53476 300706470281070367613533863956566308469552087583105345
71208 8170289599116093158022201986303744618833141832883055284261448206903606712698232401811326
1476 58128766150
45927 0008435246513362914570197708820215061999094083469075591078653867429788698068801164605224551562280006
81699 074762123376401277545888787571243186304253293595376310753972864993639609721340564515612205532
54050 3973059924666
34783 9693426659716446720911301031953575889
55011 0281661813345575912336110031376897428160355469222081168812
40847 1533285936
78780 546185536032472789333975698268365625135327331825789163471581252117406329
85451 042486660352767498969084730508485539119536839507950548665012839517534
77738 2571469335032704325042241876976636817971826006819388758339913824409332500452872119
53712 82502153167606555175115886565805809885845089649339438896226506823652
86072 207601947073604546759832510520814990719257832655898
39517 275672862641067432872815369
23203 65809982754
37656 490488760550
21318 2269336612
75240 31262554008544151790815229506773284017512305
51288 90851573769266087097
30202 62510570515832824434495961878922284496671643194769141172693354
98403 0884713161804574755556856827253642845244119220419023820273376457205737410437404425752280
11416 97977475434883631976147701293018303871422855847229317252597358469671159741122275288330643456
25744 661
69619 43448241057564056021961272557202018643049642511558332
9900 99442976097460
13664 0
13637 0403443890016365982623
98483 5406064218084244160204316913617010876350205818804244788329052288097
47866 1
70180 00729783042020326867963778246
50471 051799174761163748529184911352556740068566455555
72225 37937902867627762212962903625199301239533679156358688398033117387832720
25373 220451372
16677 016119087186329778919093592486388676370147620096328828406463964
33008 8335346954180453135436462255870404337918652457413420810100084072266588976
64864 19875384439069604398814574209994778488538030633565
90309 2019740656980893264996413
84201 6767461327084165418393921844193903356724460815314539407
8166 908
43270 24737468770083919940401233426005464543394516289393728853255676656617936094928937
28101 8277682242223392018088258458706250366486883065403730402662787230827470471628078363193041623
89428 984425729618137345332382805322690408265604390871
50251 1760235234526241420777364431678800565339655372368677069674289451294960903833553701230241660434517
62971 568691457701498703175534681056713
83976 20779266805765012179283241020857101038694018408953880245845
49800 27782443852395677791396577693522596442355484
99049 62717543248018934689138170974687646178949939615696833710
96540 2757492332103677301084245165420487408517145368084412231027885306483
8940 665620368986575020252642678317814152885105023743678005307929584436468006483539
47057 1827674767499943481197806519481031542882482896010291050706624931313991306534510072983686531122230467
60533 71689589
74534 60258424151901360754023329109728899480891362613092722
54208 5137768999042032340804457010098860830562113968526670487362015175405979359
15141 156731719161147323598333522581908696914553104236976958509731531496081043861248127541164849529822121
90874 314556286499715597008282
75818 602863470977501888514075461060091000
24216 303403997314557338514864384
17997 027014680409041728360277943749724799122439448516739266023939
42518 77820239392984725285515065460468882980983778315123151857865
15409 58624433399484837794438465094637714074840249750578054273179718985607485276839882
97127 34959457452684323483134002469893082897788263560825562
88977 592096748139173295856936592776927426782380828474623146510265116144115019779890155072415078924
23991 5107503449068293821718874106842668400803152318849932
9478 9358463
59205 1857314165896798458588306536999010853144562098852523472915059550215620665
92767 7300973199532269476051521042001864235575974081889455389876646709
20990 57006736001969426713238998250
32756 25225
8640 549351088796396231531647718513102444576484188994849
13196 085917180955904219783761893311674678256864
29145 791610246399053191928343541185475078791335331633809649901537509328761264664
52205 277238327294443516487662911361258290016427
74525 16081777582264016722657596280152048798999301332970366933151917617685944934409549343283
93084 38737604866412087176464722204843937551956
41617 604003753030439764187122403027478568679116410338092704666137030644207725333408470530493914101
11852 7316650338519709205366830299514108988889840789153114511115328363605988277392886423333358328356656037
24212 07507089272485587413741621651895092263424813102
10408 0589366634623952205276203651669587783162721456927308596252
90073 9000039258487806400444932631395088058542953406290
79406 118212982117382488994722724898097752108655082465509128989
16353 2290198405546621062611142270447027739951433622375964831100201159991329962468296442579168
66544 3707492051436437203257647175992756720274596386836
93542 85176906271011775080401512347327958458
66756 5090996821847317635889983525221277388334385512186349798635269329925860205974811544046825218
48926 6434909393572447822716
44398 284292245025881089784
69306 3787321131869125301925851363019944862236194313070359109485495607683346
89494 9155908
15751 234125899219544271021140886851089563123271078261984381566973212959
85079 5951151639953131453742504950043075
16574 8970850245212942465316963754
46279 6836035445845
21181 1706639765393258861264411117624
7533 71027111410812802373182550037798064245436968940176392112926689230541472358434
44794 71865287586
72268 33188414847670148920025277662
6510 6904216797681307865
14153 10525089933283233414982843695668882011398284729090928553410314993085606701092987765057
5456 28472732482929053629192453507494469654291076619796318035483441096628
27018 104576044098463532525309040154275603608889926402976002683
12124 14065645333069456238745
26998 2962064562
68139 34
26699 3569995046342876604905151792444
4227 569363498831977444852932452775584597190797222030628520380
28489 88364659764447485958444279571612599571095357787515166074267315348016371399025328959889848882300528
99662 2371779369310439303717381903171058218118875678017982833655271817183822724541552860216140989492
74488 64466010939253371236774476302588811547549267914337622918967561656534620478591666
57761 4571660512416334768297500848793454636203308818546345849539949233102391212122180698499729856
30863 52179648537158124935599767646928161156050378388983170328053749383160102672416206287985
34533 21245823542925733115495966248031
64305 030746945502768417517666665484492281961947918390176433055757883091581
57120 2481825368721145374235670688840147710222378538
86441 494033751292039413200386449303135274895670715586351947092883112470010846324778276072833469908920
45071 93229988702304964976384
13638 0587547035896034118887791087525120992078312048739650522970326325650237
74393 56481476604733645020734726138
25684 78176744336787650979509049495900116613968174827744641384725310992737922144242623545116642
48614 5911
48930 542467034053950523681175813390186587301
93931 2766240545633634286620790006404669744363254831926627643048048356823118464869401844458
88960 450217636182268919322713825509175
83233 355
67660 86481114779216605075007776063697232444592662477544284722916400793445237845407310145022454
39430 440529809420277556607009072
22833 8474513
55812 9684185644589092903203147686589302329746600594725206454213
72832 222321388086667985900610467809015647338472323695055871477460769751591542819430840601372942865
17187 9
69777 4719679739451283584659559262477002277761289126274359
86163 095145606378609256493153041
61637 810713581
34247 922079538298098581523437622608421520059169642176489488
31078 182925173699749672538988971
90037 987230969379776104492043948325486334984241116649356779417935580243127296
78659 8127446636923484326925020423258493539
65370 1127959811642018516865715116255
18538 946933647577054333417314380599259585603276
64360 381210565552147781381975451674954202939561379174832928
81847 3603958576763080231544347609904487297747640260691361100799010436556226780226
65109 4931188566127739724396058968140078364457502110715733088
81924 60684949064197103
81939 6019030939417770425196043634588623484230452369
80578 75001303341222774494571505895781910553297516557554938012718805581706776095048946159946158940839784
64434 7530295098685757143379124
10965 522009542764511681708796933913960773020
80273 3696099750487827794352498282
69805 8531373623765808674818499849052379
32713 08517255076250747527957410056471976361500030953860232693858494025282866630820722775731788
26155 17309636092
1729 3823995676173607702008180979045278375459
3801 842461
27908 82419546183967811923624017031608978653182404860
54758 220469814490112957701304490742166032543855
33368 59371322761884822078101016
65125 758207098597115387478631669481041269271925582182312043502076161331265589614454533099543490
96965 5919750906278773469893480117526042771483689785159
88527 8943584478357991674418828572373979729494176270889722989822008136694681624
17268 61791775810374203878749134298650142335671292945509795316803141987018155031969210048113646192069771
15139 440740308062548875415986042601683831532708158700352491286780015925
47376 37009834649056281
71771 9790578849890825523075771118966759571447372323794638670839187493018950668075349303348
43795 54432093633240390816491801175074954405077977107703771486121737326997957
34539 4065110338027708045951884245836225
73867 06913245321336756130269937226558784206298271751
11066 7094799328850546950425917244205449503
49757 2323347274808603015910
98281 30467773
61391 793786405152675576192198892859952532483341786210647900
83580 23348963453650300526297428796092542466633763885995253092011043560896407638504972454153982
52575 0088064482869410458100177892672278614045308205279590651589136
55875 86131929608039552336827350596088189639182086176750800228370058265775239422249611054595167250915785
77836 76408596518669389495330133833178483302253971184649303616545542980178755994095903721
69429 954332992979101674190195535947528336569471697621869120144972620673556271200380646130740007146046
30490 565612066205200412176598244096176506707620834878540396441414125703918572563048171875420950446717
76762 49285872179847660023925848742083352424062909772278502284089040014439
42523 789236756882919394986903540411969242076380325629236797727937236520568419894008395411229452521
20536 93309126305
30379 42409925996189520737413785198906367826222108692557597049803244826693528
54569 00719276791994910369249278671450732678779991739954495159818621009200584640742045591719460636019967
56651 9242811436123712159907
97778 90470029707706434708078488149833555596499426538377114
17268 16282036177422740561871691898727587705626069
64197 86205978560913440879458989040325887973337864175450038426506944363788885470780515268018902076539
28504 789199576839277604295869941934892777
50782 87803938714369867277842099395695553354342829
83242 86967495206597397129388297478896316064097713208231083767685824790699699681536285609794861726560
24229 37394344529075834465586630077094300425831523441080914004370177
69759 070493789265886179777945334419562647331097295347711178291
58846 403690151944979357758877
94073 25518818471719780975995757529180012986895725598643706480457870765181132783469661365
56579 3908245396587576731530190741977333750667283592672923359730742765862002535915947512628943760735216
573 863241098794317692309351959785751670096
39402 9199431621442106928002350432750889932339159425385800661565275
60562 748762104593584985253616643654641489119238772745263358960381
15315 79535157044755031367906035310990521902132181275489804963862624232330
119 43699626942649458700679957325490
70110 118679587207225929
63120 798778760904183040213297759847100695073539158267612157450634431315
98553 63612876551732
86210 07797533184221823707475319
18411 4
47088 704600638228798910456271267395465396769792156624840806671427067714074361612899289340122
30189 524397436427283172880837009212504214417578021148253866932065254169931
42760 25173096335190433
17384 905173658654041892559173552211324902310280880224512640486528308240357486562360022334876604
49050 947801611436444006784934154512271279951237356876860253
73761 26368491334214
69599 20717331864502304030086021312326248
42416 9134013583612111404469544476528
69607 41399383643831669341688449581614025950722241173408750430941703143407786013360008057836
61240 774656499659439363789483184067520298153070179651432475295732699072769010202362312315
22312 023465391750282989852573546770486741274342818470752229397061313553630225384260739
16480 9327425150449083673785126389382685419201138893727613131
376 54326038337320964152802940252612697907209207752668708192161499841986288210359781965302588
79691 087995469059285030378094283362185413423046230965656969964441293527783219169864
68189 498356
43691 73842785237622034621075564386578389783909168630087593191588
5713 0365333437692234901757619453860215100374885382
84716 414253328
32188 0619937606667984484327919572533152918079508
51498 34442477
89386 66791354874729266044673172607149511680717268190812489069
94159 0627474096781936644476491
70649 25428827422019844825876759391423927546728510921212678048899771691931
89831 115102209551970507908682833182
47469 532834540504024692583404340487502387896991164908665728963093891907501775987512451329
46942 252089302593120328864343528841
47847 04113457583534
66809 962077554602325970533269793344122822486111479
9 146846176440744750332301583059021387192549165521237705805810048564083386541622401690452185677
41625 2727948280515124201092549306814208228840047452367348257
61178 24374661547345499188853065313007132278692
16827 074750055194076
8004 017219919639714232342372751119955689352062748
72457 90255995970226986338623172298238736423744494776244005784625337055060623690828996479365374091378
49372 231056423344467892907536097934822514924022648338222
36612 77625906678537269492997408161265
41587 9291104368303385496083997130703770068190668109425355
58285 26583927022354164222389292011248412023141653951212249148285858
92945 38
75605 2205709962812188958735225692831655918528605445556426405332118081611179
43157 79912
82533 605182796806472802083504704286987252549041951199
51367 697859328228314562630752916821076446973574090327041327855063331193986026167026187044061942
28540 6814998367318477236966905827422610887599210232069664
54403 281763954523021890
81905 71502857396871548103797624707680780
90515 240900939
53154 22637613904196400155345717244
17459 6845132421737950775871874889
23555 7323033091934072623889969866
83933 867964712420295983136010658859992747115899
41749 11080224328101989660807438209776
2896 0183231798160518245722191153033362555068380187091906791290804437
38523 15808015320287193662312615569603638703605345251909369
20542 128194867653496095583623468673609892487656432
71606 722590809529021059175402043173395152802510423
11124 27832775094
74830 2191149058203329348144174
35102 1999985770333070375149823576710060429320909116
12436 22881843432803935584766776
35801 784976797839502066356913915290608058849864
44774 909282803617568378626615110830828410895020534
68170 15290910399484860683370923646504302772658540
7393 78361788447978003530699450558824851502723672702378567867098780739797218629
14005 42033
46796 17432497290062988247702361609197769070385
51915 5479277148180171419900957429585667095149791253646363723962876783207666991006031084439622965
95 38539953166645214823186755069479879846380854999601190960536241419884940774102012992
80398 727906762719263264072570116995330734046601645113913585933747399715745260476270799817916101
12753 189702790053276669489087647567726051410228992783144513365771135830108309175250033356774168082574214
6850 87429176708500767762315062877442427195738073922722135279227842504826
11972 6690777913299035564149949261
33714 17329382414824567920860274106734172819689740460171732814093821099834364076712159252963571477
27591 515856576
53256 4424417951723692803021860712545215446502737
4967 519971190867527242006561145367725855642288757927800673974911333888961012390032960669053020467733
11604 3591494369731195
59465 704116906920203136456397525625637877675782211480567126204745110022748768645241197122024288
56288 0090766771444055737503060979127024974
82503 35881623681921355519080756798122814978683462409161322287304488630017
19652 24536
92616 5394347878192527320004624427940099815630252690354118573834573462996930061658518987620512057384753559
61454 332146925898406760756609709806308704848788075279648
66960 488162216321946
32664 0531193437478702478316240684443834684857511635910049259628560876415836632
15574 9279908723386636182228771400349080712284718737708018794491362615753058865333
10783 439485110711
29856 2061052851456115503241120703065278761789490235874577716074868397376419422625280928048847300
6353 2127858256543685504853475434528217605776944393600048270734710400495041365635
43585 69522876948406166997980763780458485297083583059183624921750255316470728967661857
32367 647542580372
94827 01184170827103292755322527814300227394
21897 8
67911 360343006075007997496638652099810323819960069063369865
98535 346327
14089 097339225212565877685156267711918333203221480345582930690862406938197096117958399784875158
30873 50037442219787883452380951172685674321
87989 1431078906168448328104
83949 775078664334259125610318027
56410 475312618013684152
79591 014263218205877409181835114691457906533673579044462256644736326
42488 7441619186167804628581197742538
93573 2094894354118563138635707204314802652592776809287965826961374544907225143186014618
51494 861069057083177239273936080381286597968050563167
12792 75762369296927382
28612 3754264859395290567057722991205730387150799951654385151669800696470470
33556 88699300513151
58700 69712090108142741481096937974357784185448359526073995819204647187658385334608683346789355
19231 044100702768559
56971 442308508363754969893836369215594162250635870219214792248972684878652835350885153240872767
49472 6205073174029231248822314234173112780003379864701535299143153811179
63752 04727770339303058469070104711594707001010
36785 41031636526961340731661621792443150367828204802669953488995847538186700138
36057 697335950952332779397951148598621971061097595502
56460 748994435567465113
96951 5547670369104574199325068060749760624424954460441822
51079 414613582663664970300409001135821882290054892992186826479562254938
96158 71390919
1357 947698664025141405005207499494740402376309842387357629359842031159660354897114209870340034378377908
70519 7470499
53558 73734194281837274344300
9365 4947677884064037877439364905530081268111
68052 8671667734650720829976273
94817 142433546265276058013607056997544142779835706
953 063841725911254023787138043924270603
14807 9118880973043168892791093549479011538823522339912366
22605 917121793865726687294932068270890477
22617 74512473287864798849220711110424324756242134496884892413892103
45950 67072126932413712912
21146 23414484346054174200321581831149
48746 18781585126469504972036335875642704
48837 8798753909631201133634843789203879867968085566456658586154491152801139490494
6805 28046273204489174209459371321969126357778946876093583581493145591011611581248
70288 137330673932504918939054280368785039898230903518797221241227910392047207704024819941076698444910
86714 46802276258079883299927
13624 35421995887874081192477126860913711380158905296951515232632512176077444763025809491609289858
22397 036401707291537184829
28041 44667838287669965360850576738675795480814709709478428603918709912470
43458 9564579381687567295355
37896 35440019160882620924976382126051691794510561353980
92051 680087411582827439785943451671750739885348952352657658929446954027078926838881270509493764610777
26526 42877295936109602420096025514592304394404940769060511173591304589639992991456977150297537260328
74246 6655732896667283103891066
34467 48857698191983181298231890433220471714380538967357535204148336131159246
41743 905826333677467421484959893008184849491648524190366002661218129715423
30610 08834435150242983549997036039726879768906631108256853719077684114031691487653
25178 992103703944979964665069878324382587834585954130613
86108 411189693473592531104285886940122019505373066908
62016 2482929611312202702968234422883907097150278264144018506483253916019125844633256244401485889599
96789 78113267548433588199231029985504978
83771 5186617524377544755558294592378422272138520954800870
26814 6506534756706004893578733951552663662304226550987906401257712851
92144 23006647722868082064173862681861808506592455795641031659201761140736
89864 080923296843803907
10389 38362024214970598060772963843897529208295384826
81221 681
96611 6468485735494360180707419926756004823514330984429985932821294235
90595 630329398966082195628512756149346281791526
29783 44562698682559
43799 5001733425604601867675606279152540962808969535298722864063786733664793243064606169737363246
82187 1992300523727338823550328
19651 58961323319547139399971767171365194203959443098213351737137
38798 61627522056412786944451073747172968158038054737359882953
75562 62582551899945563623735099166508423733541822632033076625182
81098 0994067721202923781674989487824438418896269085356393596470916955615996
80788 926651837682233724618673362640012
68196 416599756425328156173735358024276776538715378248134571206667612931495096791
29123 164958138931062705785529989356975636366623588441454741530742062283546719794381
35514 79801036
43562 908858555286403778290438345322525945121544703713529772324455703610
7828 20
66573 82287126890164556828549490183680201
74859 1892217205078302299992538633
75663 1754096818272194408
64441 20490833561555074987909978089249792464794520206925293453613106221894873089
26112 975461624065829405
48838 961232566077434943408366301
6089 731487777187128534901126
66186 82628270912194463979734905500906012670495001470
99842 5098559011567358103616706079238415679424936427
10861 99095526103
14522 23173899731402054211982456496320438542787514868154299545964156053539617310
59199 649265512291862896641923757491159451918123066958061055500231589759180761142382877435486044956786
74787 3770010617728850066523145931
86657 19562462287256368210909265694104627147
42379 7554895564714306542108091032570494778409288137214970
67282 6585187349187289957161011416231386148776890672909855447196462833694
95731 747936819140829368907591585452129843377785612977919191081889037
43855 01014326286291203374867396664324039
24603 839685885753975752342
15106 2246669375819301513695398503844838249528597647360741521251423620358028077257174178262103830957071057
46163 438421426294872266176816047272961262969856755580292161086479753599195321145813798681694913
6466 3868450909567558039743338531597175543269047422397303489291869530
43808 71987960492894729260961101692655466697039926922
47701 4414444156303912409720021288160233365997071206461415186318
67288 969409741545301168633320341664936370230128306013904
81540 9538885502875001005901819847435951067243416143474262011990138153561135277312384579043149304
70971 19012645118505994229006558843428959425264410255008818795058
91021 05495931698324346403978258319718781272071577373906268012109095656471
19411 7299417521039072817657035685574073940987708072095138910
88933 759927878929333710666897112153618095802965
88935 8996773985503510126676047263208942048829944535761869618163
96235 372383415514508042778383035188058239836286045336902035159162999785216454341203801044570704041
81543 965790413740781470871106306917
53394 061476144755930528887489695366879471606377818082218593433515623925180925056870
45470 1224602483943453404583364785312820090389734248431311378865226978
99809 906975931360239440990437
43120 216070734748434678487896431495144794990347599173321628525519004117263032552039514650
92889 8953524916957133312403004
48684 7955091237840760390706
40788 167
5519 919977871824989225133319341029249102544969781
88934 90890127558598215601968318524701949481034006574352331103628805597742648016833270
14015 680113433828214338548289279531801604269786246765279268948694132049
58525 9246924685913381635022486610967
87362 50791064361
46834 31433702166846621244971518462081526462790402363
86242 216949998521967854041711406899817291898741754084978901971092554333
63841 2587812591242871769943295571941259513
6095 283202595
89285 19325005152509796596981354491273440088482186420071910802526680727825753170290
86685 495107628844222023765859836618775985806137008703790025695878823082
22357 5573187838867846929219061336654172011028198301993639598874521543511406350405125806
48141 545441097940512262027703361870975409463135826497886954787
25404 4021567731842696018269750017419895928344886934087743234404777315679074047470464771599056166776481
61976 415789563242346707687439772080228438906288479239076656350684902682544126
98520 1118868690970832129
63083 30139607430421912587
71483 7745632349842578915735115393290459527896118200846715464555584477264815005635413131432391899780438661
54905 39449340916990066225839979126485263275618867735950508423086548241098829793554845063644974
10578 3813349288219119183102574446228461092778551194612298621092730095191545500200905609
39712 4285397884523369384144104320655836406653492
87690 71106659787341444967567149346115689205073594874216845571330811309753505012139566567737083
16959 688975557
94226 73714704544889433225208053164731231912022245988066525906098088132612897169432336929379036
48840 8423363115735397282
91677 252963654761238090771207551307355099159258536378174280766237856340079347
20030 31578545527870921281300899697088602296378839215572104813475103957463
40033 5016899001800372281383401983501706122614917997599763326549557123473261678
2415 989210666166249296127419201029412637292565666817612147334861332973630641750994682971410258624
84838 13062636901264
20316 28077360
52221 684969586523102649980930360258418556965654676581
71718 892964746630587103772
75317 09511673293642840396474968350105354598951273398020
34850 7633392957363242260097280783221829961384272295962801000
28934 692818945560802760124139458785239704441
38068 814399290421520842346059092772965469164252242645456453587652250869361630450
32734 757515446811117033512115705134406904133164320145699
2582 659863413074319440217477095488047067510805177784011902748794119732501228640148653671002398056031
64383 598883264499226074784542613820625059005145
70206 684210
3972 9674771203800310382579358
99688 217762353651997593962017
87384 42434842042281167264698605531143157212967883380346
57617 0892673298645441038693743319510621854234261627028959967
47616 79505000375520920710
41966 56209207065263724268551621397818047827129097016354
32267 45458256903594921176
23771 70
53164 6670030368374782101768697155438741565869069518228444722927938565845191244937176040020707090407
69254 42074485200727528320963274603857955753313745981779374984810652524094566498116741727
90061 688065
50980 909487405443469779586658825711647295785863552839283969322256958495737224010945154
5766 79747228182010216345016678562085276606154766442138701075199189136308
90142 57409135329295259098849729872366
62126 017982136702928
63964 9
71117 5888295917200615825074
20884 270486571276773422088189770588638080612702208391765836210467153469165837677245
85248 708368416519790309371719968124122200334530891195663226722330
47082 2958502469762163023390845702282332893404041659282408546410181274671215678411199170697
38983 8912391465161782167167
67422 504865113913285479996116316966751049715931988952859489619745286667846240
38985 5654221712014214914350
48972 092218321619482311079235603688494873971762747395558222374070923158044060
68693 517183573249545281541912541987288
68209 99520805229533533331449680194724214283571014397567
59254 0565573565366221085360510422893234928790992494505420432315061405470916393279000238540110527114865
42890 8176769690927285386436328886140288108143877
89776 680476466968333007459064356653932925349715733575208752548196347278214362432920808905245322935384
76572 853311693973930024458989203907108011
39491 2100472759265778371151748641283223483492461489997208976
74705 8852009478978017456834374187429560325763086343149443106966168347015
66656 99784483862619480076509001118797409993012669900956262708526252440540631832684674933684742
34807 788314408357968073939214293
14176 282268545997265343304165345884646784176159604400948972533503737000840787123583
23353 381579134512695500048262500286042824717346295849380697599296280855698031886265666683137577427148792
6637 979123298835318760
32703 53845187925360950391159077714121998392
68777 6081145071646367096607306624824763953865822196
93524 33018466474445765360725458518705398379627148750885220
46239 44110457123298670545646568293522664949224456241627076816738627633449522
70410 2793836348475105731038581534022830221770829478808843111480909641541
8430 93845999160361681
64537 6199527992617
13220 9608420261181272684966012304286778644039517929
80489 8240234373045293462865719179886256623146728679837437249533262058030290
35788 6182263938690
93425 26861
22136 9130076522240726956533958684127695218331
73360 8
17874 22774536562131867852180689648195999502505517201220
53795 86685648639449714
67926 15485859710980283595301252
94005 49412766612476501846947208177
50023 0337745282518985352722446893104650885362841246587067
38722 267158152721041168006972734393674123075390906383537621893160825844699486419334234487927488017480
64761 9079285274879983746168259441428194639126035805948033256835828524555
56274 001356889960390913130688316507240021724559445706758944703533215532617754668206660295709913155
6707 540530658060817454868451516235511633341498
2531 99967960998830299989496785527584807848337358617941280772805289891978309723
72117 696445562282446136748030759346121109034389495139318885433120952440530912432639774648
95779 7937226759
34837 58016038816725351645615678423738048843656892798678629800107323167361251179181595
43339 701865504341
9944 3244
28386 00828525443285658621986627343914781540655475973658666697
14439 7751606529826449422919754069767618340190438982000828246310842384
99729 096236633768968202418377123427450752652729804170384068000237140312576
19891 68028
24730 7086395069002614321674057846250559885107214029773532199842715838
53376 8322725421676603679239934414061706372158737785120194826538317144045321385139704
35648 4507122058155101568
15176 816721620397727329
74645 8069328300270931924848978600835771827838690
66016 531331176028329882695630449883813274470268612207
68209 832569123383153
88130 39144266489311386171024884846844813282720276969480594383649743505084825057392256254834904633
98241 047911007486300201768532515335383931871280951698
96547 31975689879190639450956089252811863047573191074832691373989
98965 1283276263662678272667109844611331881846488442388
36514 5382235372709794338
52397 2892567531903301986710676384940048385393567509629742912406870
57883 92556718334577753183062749730062877236072
2399 65571273627679894862056249734262664735650395482379501831218455607
26294 630867107887124945127689573492987178193494177528130068694
15628 0497564162144699300507894213411286277777272572793453
14381 212800143063300955084939563424337809660082
8125 4211230957584255435722999965111857930446037429734710
43068 281128837172215438089116960171111565343661624468351004500339375
27746 93623741877656912305519739538632870299837450677175040216226703748693999601357789490744972
42830 35972050257377620175159
9224 02414182254094681094376240690961870806026557
56342 79112154521651170469173645796203539009086150
35903 375730838480641579971175958
64217 674803184684528288012370993325704423145801285879278487181997452856652
89602 4796985017
78973 45394745159298040372513461744728433139078948192221620562753576519153788
83890 80622
91879 5033914086233519146489563764711825265394624840182012181487051
26947 5057467629239316550628925470601753823212765858241701539649739832780132
89408 2495231940679062847608221026590199607662415767793161838759926547457525
2987 820996138
58337 23522191982246134185777492083934884191609536852634426
6696 7211428608875895158581622937450116422823225583073268246768623035869837814216344264578272970157
49730 17811916655657870862497113323664758949
94885 6688016188771595101437634291162216673662224599037
76445 4730679633863985581244487924891677693218900895564550028693415822574939657297160231262806
31274 5555062364594576
93465 329309434270138394972093934877225993696727715942
49076 832799585321418521
54275 35020817795700384684794447530467788756227841983594514787
45134 10606984761040578194157647391131421733631
12693 15547875384439589581442724847953828225253651714042839112988157619643113957900902030
28246 01314122927511876271143394
34816 2953027754329702380
57185 51738159425735299894642993274729299055240658410288795839504493889856266316
81097 1675
25848 7451162232975020384402066276708518942841114676926289310062827877722480382
39897 46639200713317322266076434547343979771447295288600121686
53052 56417268096245412633094543959819850007036620490775669348484882230328513866033552194292240971
95428 0681180693955834469251917948696676115764742802384659209136731127799989072812189171160970579697
73033 1
25610 96906226761708785913636091961276901687241488572177
76678 4339376641447910
52442 471971263037051783052374454388669408939
35943 8243411947400970711385112494264296854033393190
93246 323618
82000 71238170937209226287
99831 436915513412147926150999403014409407196222380322218969326209999194841599292
44752 083854
60365 0066118736302711699784137198436501401628402691389088975820217221
56707 129471077636003418042700075
60275 962785105635639833047778319264584842659831343286833734518997743
17850 8351
17451 3538382574672755403691030906839676642858556196104583429823828114589736770879623318094358047369547512
54060 9477
24557 8513940486073714810092465866160212337429357684326796326143416355860584428198
97290 431364198176206076112124075501
80318 852568193112738519670609262827499992166358771629457578258341074366623300469443
66449 418656891035364358987524792684685612815370019274896068934285636829159344590561987
52512 86554689335812748721559121034832683222527863737066325357094031268646999273569236385036
51869 34953376401032593649074719666307223706209565380910945623780865896697355610192885590612118266421797
96023 551174354272783158062423
78516 33672482641936622465461448383255231214227535824738984422134089886267090690526900588517211
14088 300122249227200151695325469489519820512409036027751865579630484551230334079047868
46880 783203720862926165136650520624690834749473028696964801000047282660107325404905640331452205622957807
51008 87605291246025260356787410965
53902 697495782458195851004388090029094247380803038918754
82554 69421918931273526
77150 79434681423946928
83854 088680057302715163904506669701579609608497551397576
81725 743629249920077843296727257129644322632391193691201554102124916029699
23461 23242663779014777596279208445493754545590946993490330268197011
35689 8533535093142648726457021550663243844099566097827357711335291213070666806656
44419 614347209745441
15379 0447890639333185389999050090158914201351120035914225674613954189552
84176 6325141121776087486953980380066138275703117381358242952249297061177713773434
37795 3124490212753326090150496
11244 0806209582918982828648794566951623689
43137 7206296162809489707417810401718283041678953983858401
654 8432915746954174472402094485735932148514169794235808285208894003666055502740705130671213330051
62563 10148
94242 561460353583116995807451682199
25267 88045306276435
22895 002615486768137
27948 115933627052118959820
73777 382263071475740808510
47444 197463983192215701167457207865950663527526978944694493340265621866985393138746
3511 220638694918055419649956495343548854
82817 8528377003769869356684216865437390247451655475234908502561302864495395348163173352832798950036314677
55782 677264467866861349596792103
27498 2087915524
31005 31442057290137359266570174421920233000242607586749927265
62726 92995430
27178 47865432009950038505921907566701820947030722612645348125982
21632 59592701
70687 1754388942528145334710494779200920370135771518338273078497525212706218913797850685648708986
79883 46999181848270649649125835600165310278
23426 1889332921060567150433549846977038017404364840906490605484492913139161543609
19092 81278757198080460113753158
70625 05243277391768826073217327134189698342620390221257697738
77595 77748560944188096695560048051608073319382710546199895002305895725465599101119
40860 610517665383167356728857216389545584752597132259902029746384300645975374693080894177693616
16237 885297463127362757271395366759349736244953357911990947707046399452429277943426653421389318878
89813 6628142748664935108472259881809307944
63731 69138427012688780093353774942559168607539251604058
76780 6680626774149554196784470820205609405706489728531037028130137358833721962040576003286
97502 650029125705030282860109999412952888694440932850030906050729028737
99405 49515979577120781452507291788543
43972 10
80379 824482736601288
85120 17154981568640241843068590822329815652913392381807747560826995159122651683606
38893 05391142436195499472204239435
59171 605619300868020275587891653
90089 9811833237488094536991123515
44063 032953815263434095523166032720589132948166078892314852737962789995596352945103508452
86624 90376211807425613330976678071760819618224313425115875226065742994853008955948481
92055 84429144044498535314904883360160524250513996192889
99893 694179979011467366872900764215660613459530262743578030208037279943
26879 97775051908
28511 7752255475954084
87110 827300607857283991928411978020486366385512308627496690382165432166131504950954824503686623396386
7959 6432439540135889394163095909574711976364673
96946 177265812582837356715431037166642742368049956691081934933457321521811
29407 6524
18456 19853659711574
63888 1175765113348960878430
39602 2322175252513555701543498195758009621174160561553754999708966691559238440268783823007741
9927 3784488742967155909756022639226246175703120375070
71854 45297448663294202292826160975542994664229810723757915548449373438449146758380832
71883 366621195031769463892197983075337575136673079
78697 68918476911446861815351209479176846439675283223773214311177055396574692
77263 212441738433855560974946773824328755924332572803875
81960 88297547277524577643768311292936210133
17905 4369446616777660036601431739180667468572892312271066755029138264635116
76148 017735291763888366191880049570038614992112066
52604 21875284757124913973796445
72822 35917291470551292973173709725184695117796529651361617803175670382287389
4950 86215158052387062072243437172073929335714555805944354231768589233370953
92257 8417700303357670428500847235728110781996528105279858722
88263 64701019321199476801785
1836 0694081254103480404315614926447752467773182369894445369181353264101237453479552863351381742490
83691 991450164690204264142850261128395340037798592084329593618891582430674451509570458124605601213800
53145 0914645098670125066783571968503737527796024968113555093227309164777528817897969743
21728 4059358951356982054980559043831447838971847681607770197751315208650011238325814843613
94309 283
77208 46431838661559913330314790298547977528224426683782148150945471300261
44128 813169688190290493552359708221065360135201887087374257572089556858363941
29933 862
27980 8423573634595171621637653513832734426992
28494 961950439122008976806880150818622844186924182050262332560975250456682135470892
36277 21264286852315411413231341887085199249011985088667643393304844602757
97910 9223393987250886347192477601185193865796543697048042340622542731943972956501771938
97382 885565
82268 40256094059226819700773881060915758286014077314228187321893486
26023 1437911713365727464180681648
77945 069567425131526864739568427505130707506485725959716883
54095 370954688642909873675656772673751
62075 660142569595
96681 49784275371587241795824339744771924737
62382 217838730288829263018434496672905976736919973037926334099704834374063800281
26545 8629057023458751488566325945519227362419
60063 2517935371791162678857348450
5244 4813989303228252541434231632758156874609699828190333231456303612207244097027591503284
47238 266884449754907180858599152151788684
4069 9378798108636785511658072833326357429671342032748516383307140541048833706324774266671824586
87409 7191920597741942911846736466293280471948012210344406769707587557776089059998625664622358342728565
47091 3858600222025245121524386646562956967317977
35735 047870587813
98972 22559013504045474590558971476
53883 958828833917189613160661395829115465000852641661257242468466344572293065
61966 6472210530418588451379390795222537921197139846008608551771930404
79928 3988455076217756916723659182869969289109611713220141379154032406351767865142867070000
10275 396520120241411043392978422
36320 31879170931090662407026246837070590
88569 716008793937266462
79782 1
26264 051011224338414130727332816964214318786
51248 61435701177888574810502731413340033583693
63732 1267124384104510325490920596219217149717441215905135357938239862805379630352003
2758 107090291058972602539938816556
70714 98598426905776871119665267147416112528333625719073736885918159051044440092855940061576
3173 17196842284454095715369
83026 52420198926709259883657627509249146002
90259 829813783863895341425028383114410266235517060361245606770901672506559819
26819 22540734836696170700479209256867011
11925 0025926974678210393932607380091711192321661587638244603190917229499795275145109921722916466906526807
65286 038018834364230188477399367469844
82722 564665617692897871689987646045530749072782562213544770099933940712270
53141 49081473324972320990829614085622244685280228045860372936077369482834699053961090
47022 91688305680397332998233491457443996263668090375273376260891157443348667657215370246792
69585 9204871939507632156950872470
57071 81719672327812542330141283
20792 39205981264931659101014378375569683554754533032685164
75770 570722789637866095810476945713054695359596264757105652543102898126144231873709672307823470426
64918 967649551832508954663184216189570563520103924869041984374134
21044 595327495409317709972249692098393287562518117790693955869339990452359297884211676
68638 270946692573376737807578056646775875969979678484267157578124745079442405
62710 549225109242037866405666333901739499495943141318201191297066357138462456
73862 4460410848467608887352571662021396504008431023564057817557327
1290 39687428860652489564296226810290622763141007784345106613928
26396 2126344212117499416
78155 117970123763216948577753610087024009438097872574113648968987368876843138034942325438455511038245579
61816 8001736697478076
63916 1286935114241837615946113078552569340646
67318 724619642949815295903188472363360
40002 84579464405451080088216139417472461947627857032687693926852896873039145
87226 57333788343836976192859630886062504497193164153636952940772
90120 5822449397721753031366324508270054297209
68269 86431070883228357631203387627202976418931311921442357166346
94366 492374004612936430217905999843064256138836106223388669872999688538190315945988
89388 29743180158613
99617 711267126916376356752052734898528729
95011 367327601192822978210057069581823531802583271285239016527540152339694791768615859564521748581494414
53512 601454189888616116
90872 465308112443366973469931463
89250 3288722508009369531197023220355322464221459598343104847270794446766287099
95519 8276931233157052302501315139089757517338699014929762439750
15130 47957536011300037911165381573494376358230125711988041580
23683 38256644130620519172603246701518706778287374384349339289711380671335235027193646790908
8966 23342438923795812333543015233710484759075610555978344224
42259 1565473983038541055847297389087503863757500181039734754225
64324 7496417933516430871545116598362710289345618344586160342735054282
39827 885330698
37806 399700618373367749050883866665089584331886663931685131284967368999
50901 60675128856931223118
96610 3546642532757
94109 8808729603518408198994321207634077557591601318821071382155653325493678246144452325605691
95623 434638741810480483633121934417496
91954 920987517484353428328614422029935825652571901499912541
58431 9505541839159054590444421621822830279518168355266264396828295028152084949604
74960 02098190427606967147612441458
88006 90469858610836466726501667935868272686801325839760176827441256517104039696770
65869 7536766436759115722032491404567143063315295113511448091219218828
18607 722138781189172309318403
41844 416662201934393957816797624630765104789228928287514467174525211
94290 275776590107882027586142
94346 3518833650662
75228 3622942638625684450426414035272839982320716015861778774208576872931222190746039201473540866540264
51786 556559324352972229944576696240222356067515205899
40411 6459527542652057239399472400801106765
84620 96370552877672708093514805445433294560928649651857004494782959898063335211427817811145715517653952
35200 26408605111424527477415261126243296227564995570556649789678645
30651 7831153041515266950922561622383779205261174457440517953716471
48182 345415672852042368939856932193032503860224862639218955
19234 952521458990463198
96702 1
74639 20626765015689541183701729848782918972879
46794 81790187282651649476772926658827492959480848307772982495614819746007959126851671625022475747443
11290 856628689097417350456284220589012033297388
81866 47
45877 133378255435387956656022026563209338
19282 183020390958187320090
99409 632722386284639726722949658829404987895712881716879784067235149707735345958676885599393611278880
92478 9122963
