1000
8760 22955221637634561195214859985027765725251983279293402072353964575429532453320242419629292839673634
34247 2449424611797457845382548439393113336
27472 264426
30581 2393193348032926455914208355529959195644783378955584027047124217280314711714418867
30631 656033946048288105144873048880175506659460058538917553660764425944413
1554 562
34007 817689792460656059059004477985416124277304779724779577972
85205 69453581592037285075108899552893508464686
79250 33
88336 237048343059818008391633406626761060334015991500860101626205716954835348366
56832 33221477389877170103
52088 80686547637040887700169271907063286877865723838449965581
70086 95120032100835479674007925
18382 9815540752391
33115 9250162557180499572683242170723720
11571 090846217864828165860460476229887428713106353846404
1464 257346072384209510630141677977359981951579028173940910
4650 537266653414793194732911967202523094167358203902690117363814
16828 2603509850018219730330208960498771315357
69037 892916210038182407354850470139
4569 8206651736814711326651134092178543407
84167 662843370932934016149473744700
8708 2747
22058 468660881398193721372658432479074824204015380106207817950665042178620869
27878 95338759157999000713886498496416620105192606369395642165554344126399892
48187 2829871294456924238876436983920465867443223939163283793763329249285327
67313 0052836523927426290124930738326854
62795 6051565353568010505375090
58971 4578786535693490686502305604349
43759 2571079112153547155890451875607380053238868129053576171
10055 55542238875800
61001 49154681814959167753876819139175742988902431980423899344324614928902756002815510153088737
99261 13705195402278490799128293096442917677331454969639453499
68182 73147498689634332009740059220183593561398474142544660799259077854712594453385653
90398 159770321275355639401779738250
22484 0752521360
17680 3269335209608599
51445 268256797467
10002 6832575151347258650
74669 009339952611673233801838389875336964895118849151137614321486209391692054754183
77930 006621102655243224109313163984580
76648 0539620160398089560749093466744454468213723034611952577372769930274817256495019234131738692950051
47506 717508176597830929088844828836543404178015941381955495184128417328196717571508633749420466766137
68613 977228097351149462864017919563096716613302340913
26183 391822235159
25437 204147
93984 92755010067395405290074300404737421145436
3105 44
83861 226115176511039422351151728224302215074873411519359899321166577938947295005076417525
47304 3538632606181901293995572014966511193915822436874395947508
74768 777827274225046160264920584418358524351
32702 26334188838834099328026083121051965437775174950084607938935948368873996364508516075268
87351 1529112283
46985 6384430190118785514377272744936171327260636370412726852355370617545848688
23195 84204428510829299113369885151849097979
48961 61338182627096282177528009510131482715381620936970283644252384768214
83239 8076460988604318
40039 33170
48079 56077600894363844947527856579459945959539221589479702463552480837173534713168
60863 691038114062833924461335607497833155529
65652 785028949756765480980794714490711776553018635899196348
77164 83367633616970372404455236695811341362594084343970853813556953582351341554231064820962843921
5411 8438946386394618337207477445846999364560382230062435131122411470411082052341111
36760 4900777525103682258148669233125445314825292727053746521605
44376 8822204270057499218347421772813387448064499
2552 2646333501268164259
72710 1939203421308451907744215049
33497 4977854455460418232197987665995722549422555083992461761482182828
14006 072213569284937637264174853835192
28881 625186909064936684092758880597240962383063117961431688247613800866059561717065813
27510 276495658276292580396976267686627421911870185801039337864402695257894754869965037046934266134624
11637 5607431811538475060223596628011665983577908892714407613223165
61007 07023862068026985894420835390130284746573773438014737141216204412239300726925249690748194
82687 9325595119243417608325030093590455352554998924904273849396844975338763449
43842 194285665538854857269387910471574768747
98969 984273279674138404
75410 6248251887965609000087405320990959272235571302015753520367839
12771 734964345113604443616278998416
72189 0239183797929319047257741849080640377361
94822 633498633135133034635876571622725170855637137791492127789
14121 548034753645394995249786689619938522
91825 2597627409026527347385920369456
23392 29181719668162313093629583215173067615077977715984188461126281684634859282951
12991 5174695701259476479736661340593687982113860300353346025885221501560124
4432 5053848432039748731288866464485138014531309089975782188711548143
89347 472488871880177583094143819656995601720130033032962230683321074551347632286353394310048
43684 7737226129692810880066
60791 472498689189904957539039252045568112719083445078704753225829983672612957
56014 9474719708816463565670998372
23722 4157179493015785183225768251763450833135575014635643890725416327945424836403321360915385149665
82729 570532907443218848792878866681765534058747507636972432499809819554581131849190899
91128 259277246540126325709925749
42253 88892711550200629610998219753764795264749158950
31639 88614213120236701381075547869457318737143597103582230034144066035814030076796931671
9799 802910081798525988509691067452169355714623342029364598125855802182192842367
51020 156082442456987272823212760384121332949850120
31228 827343495517233321179019533314619534396050420905319973495433675172402
60380 948617072
83083 94488761216504606026563119999976876437732883465
60079 438410759240686199784404156809205255518377633112644364424460746555
95771 733530594301874696247633363562607302591249858964142775232629906345598106054941562016992849517
39963 117303528268599222925933437452042321309577534632028551039906128
11265 57774406428677111980809747400157486747383135887898403903312
43290 0624237337446023991414664411072815769212
28920 94684555515093194425292
93585 41124443383974664980
29464 004224686309427872
90580 55247040367705057696873620089903076280446097323190564903653441886290950319579896643
38683 79740795875128339228902909101999653126946040197141905992292867841809864801710141789570
17997 076156175260795575138963577417550043312969057113147757555698493251427845216902366435337
80033 857153046429521648357181125127313210939
20994 37990989570437750380993248059595477513128708522234816440681269
98350 324336819305656353955218195244456930891534831704652440698346
14766 3767629669890946666402547
3157 3859514008775976898
54147 124414011264536045018247964225392808980639500
48789 4960240211413727938
21592 536993795367653324238953633202574454130609176725553867406883830603568
23287 6465111135034724890520441962058094444770960036673948
70489 19022564347497663696754963822994555218874811561
88779 285856983585279775790
27671 36572663521937410305422437778379506220646647
94605 4937403067761163893517081357592543046844569400520217253278521483015
70972 597
97561 6712047894797990175804987891919095855919661202883
50831 9294341491012569634787597596890493459093333888438757049979451042403825986634388693
3740 77316680070963742911549586609159393272669
75775 2857406
55007 877398573496802524272836
73015 7861853976691160112236598377879433785772172184587573817171195750018342382430837987697
78716 09035274198110898946616169112115358364061036569780503544
89631 547574369406612557989352527762445497900320969747574224114735
39821 7682238769456675377928078922
95200 247470210523758
81436 91376970582968692849284785656728437520842700315353527059432749344564969221797680761249728098276
94751 777842189473922706276660562024278467062079460078684818282456289299356671024802188592
16289 5581637442039304786015281185048
99753 427886096371957871078809681324747619101889
46876 185040040538433052415875332073847985605918031488901985855750
52447 6689998658935668948560843290061893545426067631732457406348320248649843684185
56592 0532597852193321792246447
27759 365520745843668128928961629153116979461498
91282 1009473217272281136564190
37631 06330822578436933427610311506329963795905922668348981597147516985700447
93934 937901827452477435223658150143054386246
29766 9515539511203915099439660087358927782128314422415
52671 8367701812248177161424869682436748418100885901012109594650531957
54442 246252984787034095343420950396808837251046885443660935268217
18618 3469558863225801416431405196509827
88484 740784899160333329598247150501448844490542627932472537821694821368863651
32021 95814355415681
97854 08482393964922396124803695722727180908884205787725559621917869855914460116657231905240086358751733
19224 6018437644174719327748881914105461316490601534191183730125287968
21834 736913074203940355
26397 768403245
43595 021027876310448025556177144409497414693
65826 42
79725 53964130661620583348185569045880675962542290151845042682140430386009143
35561 27205224614219020729250119594346446514913641305111456691363
40835 35
30102 942485830232291314850066931800034961772371724
82848 87
71190 553867044377893695090786448333095935413442789
82704 83897195682274653696445055287602623335843955443621381
1188 23922965394
16699 008869441342857418786847367554202535427269768783876943478051266494501669425027310476955262
90777 042567063361905768444820809135
7220 178451821907955991089087346646315419195523801672605542407
67331 27164532533442179612391
21374 96058193566758717640577729110727441901374606464196774401926466039308143496865289611185508084
72205 91507633765098401476117294211421
45245 3042096174409964620416693133973555953086873531071846946012777
73593 86776443530081847561588065340654785790697697153525820809522398445333052486694756838455217
1982 59948552035968809802261535454158189
71303 5878942636481601602736
72925 45660501684334987602934534751951882055844613950785390137221093
20016 502419907036446
22753 1780263358427406856683566546985466318446
26599 91462
67975 66454523123588827
20392 803484088753675822906142227317992186878993135163353496546157323735547591260785955170503494525
9717 145345453235
93535 34177007266911676833914041312706567711929246469812927153515753105498
22003 2985678705911461011041104462003237833468388388502277287520371521806164636572722990365
10699 7180705376
36046 151800
60939 6601898913104170658772459777040662
49242 1758500589201148600006468480
15491 119713564842789948199970815752980126009839505059056790245256354221091473949724458974968
6736 049097932326341729047581601060231389883977583
33778 0078085343671287124367845
56215 961012499996276880800244129106618283391219751328499654197
87881 1789948336251103678019485393516863198116320880731348132941580
27421 8070329439450727553846022336801631578449272
64694 772617
74766 55421613585702940560693392685015181376
85593 294071977680140532553302911389497679523102224301599564049582135418537190
26790 455459850810759980745816307826200918487104633197750425589676020836720720240
71806 10776304411108098455718509658539
88436 03444701689029684119614515974580
68370 70863216723290922875636735047221335399616964612403506969265125429303709934
55782 933174906155686017113278887094898731576508341768533886580634608704580584315
54058 7116834518970348294894697384466561949268685844045990327037999057493575879143637960
23869 19235
54639 9773206893
39267 5939132699805
25713 83243658562924696306498774810665132122175381192495430944064
68231 3759366655399331408694871707945494512983303460080061331723213417451087186975056682896210776702358
84726 492327034804881649752095214562389493766624804047038317616957213800
52494 5435132867766290638214233330586259545529359798323390622652095061471516380025801377
77716 7273525232502167223316261815814357188966383932838324715227225429139641941745817399926996
62958 50378510781979204
3954 42529980101974610883726895311477744634461533058057435
32828 59582797305536027060364097976625703918105074997555906647277373937152186
56700 47966106473846661686888108094
10974 4843892727731623897881223738395951673452913759752814638787363743237306209069615008142757416
46549 6020243169434076500603529379141968578
45081 2896517684875343756733498777995107749935671
72876 538567620329151355048710606437610820329631891604733619035051133507306002481
76239 59
62277 05822766614092392371815671759572931937444970655949130697077400
55357 1789825485512154417944676993486999590470143073972479789
66532 84644910209581662977709504158
41259 49325994254655273937403201504940221557969067338
95650 87521823385424935296282876880520443838608705306850711668981613466572921621596049
43788 862907510978596265627
95954 0190308
1672 9484921848869324138447065999967322842717268210
49675 080292131493853456017889066613579321707599220583484198543572480697122126068378900773786048073574
35681 7126095117665480865696746427870969615267013504619890532503712271
76280 495412360080344795718899514977577038145288247820023237786822609788329775498968429573101662189539
59948 14379021141485004520525370921447023057236598438097229770028275883507557590439754883082083706
47877 21269247448848123099629650730856840268379
95654 233240459990864
94023 6
86161 284651425949236874196929304
22419 9840940138422778609290992559225307528201508427071
20467 861708539439118345263150467662059584714792025031106989285577970232657781385516544814263701122312
89950 449602297669295421710960052743426335517807682
31113 43374706305733486271664648790971499611073894463913760476701607819976531959940078
3995 9798971934328349783010409
64865 032995813391498816793705657988908518009659731620268208751347490843
82950 25561528618107580984402232229031443932997803398958313785739863
85429 851233309453720076607000403490271349463599690566620593877036059837419880391269018295341312
49901 898227344902477955038039743101609929116771068286418082471051
59679 59013172617943976537149127022326486916835750052835872778967116034498948632585483712279410716513854
57072 6403572729006103936130611488323600592828726213407
56959 792260370992733560494388462187631772049623500834392010282706735553101718468166
93609 78823265251555
15699 151336743989031766631444159260800362856272305736664105078541817712678548
81218 30557645506870946170544752739183792436768870689501829763
89341 618319381297583350686137108898651586955235132176833603340804389750343561004018954333248940742
88139 2541780114237713051987254808262523427654101274216259612498571394359835086870524544542222870586
13068 878568152973282409277890055513975622819396833107803471546235214295853983818057825501516808951
84799 81090275400164252266633159338347716325915120920401232133217959977166095409
29135 087183030897103560915643676291855
18630 6600911614092140
36863 2088343220971446248
14856 93011511774938119962516914745748875
23408 8146293782090892209560303715891325765428031808296272341510775654479970484060640051889
33142 8420788866025472774747176663203808043296521244961465070970701551026
47278 74998850353130612597129757900282523
64171 5797649417895121558667888514382496086929153704839794495790009859119770858122011897129140820514
80893 987288233242764415637413488690111440629851
55375 1167466323573821262708227082674287543
93222 4284655047947641018454863555626124786192084876410702618664731377303287456316012620981789173
97890 43813977026075997911661587069861237871
41502 7113859064065069536817120795606109865328678629396832744603456492754391245935618931348
41256 356601317634671545533454674546372930556252125469467159119941159744856344302111976554120169
31629 481194917772557977813951025633259257995
25579 231550810410844730628222046353574596
60651 70682187567396335443587333304795586419210792228
39643 0486
31373 543774003894467966206315964613310222454884098279004885756009
87200 2258387912250892966809564745509069210680783705273983221573111557524534077806603807389865
59477 7822577294758160712478761343592045444330599860932622892068772447813
52913 82275190540619000420
59234 36160787821284088
53010 7707041326336426820219711624632501695152855918641722299849985351055571622613342029548
84947 22083814323190
41999 823782298939112543101454107666682588502942290015
8710 1783623803319032060330233150187183
40432 7027
78873 85798366186213984370482751699663067737852973093903509034225123735360216605412420519323720482
86210 413866771827053409138762898989762937139784216713076610267075
72559 1284830295761126124905494186382176077559104986815981160367
58046 643655762558072014320175255817539061224278508265
34225 874388
30396 546093325799716370788875
25262 931897319692202406296670
76331 637688792055234703693131218521021518220
80323 93916041348145178869800617429074250
72069 248921337509686566974245204267982
3856 634913162107669225304613620094502088765498815220952173477210
14830 361581544901745357855266885538032864621756811018567489012140521686
60927 098269464955969674469398565
80865 338757685282749714430899
25609 6790761480847
12382 84
43908 049140744940878809025414295951999077779697362121673443077
18466 98175568413601803248772552889542018142711287
59148 8288350703705425852385222057288230
86417 02245618661054371804741233734464609786524189453273086088916932172277256969
8031 246350159063720959108320502022
66518 860996697477364868988398141527983668979658820780059456821528136804432920356469871254
64388 7957808804087850234413985474262539236672569983881121389329415582561066620682717785715146
37220 31651837040401931303588513094465865278025987
39041 7065475786294524296438902295948
93039 322123914419322816533553656676662865284436365548960752226501053588941
66481 0862551304291397021772817029855418279681150122426742605926963609903015426173129
39307 040206173454246922676363487491467873885255074091012787722654636845595
2041 44835
1405 22030629364
75132 9170166526417321160931463879403159974224316411655
83648 902840423679859145048287524
69297 785159735902
35143 578189287160270405812935307517596103300130909397324310334538908
76539 2745028027445616176649137304332
39970 110687318549305892439181550899534228109107281566432965138580076569445009340
14352 487618088119746680003852642678255818
59431 2595147652443261722001112390467365698767
64510 3646903922728897394146686033484325419923
32572 0689783398918814055390760474974682203190835954190935271965281371743848491654410105018972801535
15215 17988057261233842603541
59702 25786807602962809073632090914356282214841160808050967224003424932621280841906920
6443 66890313487044043084837665231867
39502 296656953700180853581899113354010839436069174183366452230008285848255425506938
9082 99935906509752974979598590765719046125677553767853
10488 550360908072
9020 856605315876588
71335 707470003
82673 520134310114821177778115654942462758881
84928 830771445827276783473923026870780963
92684 1916913
59091 06397790256520241862802146138220950887253387144906181558631570
27143 753871485701038142232230308986123675411769000304278273665768943654
44413 6254097231764867310158395264508069937
87439 394404960556862429851140460133151349394249921
67050 691553235305534638851504727318205428845414072635880
12743 3105682819714754923865
63493 4618
40046 8558
90425 773356952354824756243497287512883042768745914233325184556139889
8034 9405082527372507755621095109461759544754210961659471867716902313335867030990068817391829148913341
21749 53332640010911495381459451860748465516969079024255950845370628316976576881063449481735853
22745 195644347946853710788190988309237467944959388701167840586879085
58818 21892209814976220495571651571066416500448748373230255473958042565901196399451771745794085941731
85155 3072
7094 7537834374804971
40437 9513145501456660980414675221810886035877454184026581474845529469006701257616350
99061 186408211401
39897 41383
47931 646998186423845412084116229554107541625575491876585821719967210258380555457366
96377 28597697852
50009 222957
36703 654127954087576640853244599933106000234881157026641
57513 199359814398742105852384693536801433277
53160 021478132421028116170696291450253515681608770
67975 47900682771377908429516934272993156704174342388381675059207709171002
87885 312149754811517178461177730
6346 26767825002663154634368331952644278
33279 64524900430343
9999 6782609915262159016955178224955492703302597876147425676616723410717906590
17859 96837604365129765865667132703563064965964136514398364910456160377
27973 9367325834607429469140509205062869817773958150465975346653468847336004485881152248350265596323884
94168 0528494625212111643337087149569475939042621861313512065689028709817
3149 9473407453667279381068661512518346227485
62798 14107608665319903996767919904893
24577 0
88996 8304870198523721008040621830469463277781435716395470281259850159298942134
16989 127220050645752518875053911323399208088880065350670206559859306761219196617227384635112542822424
66513 41494211853943795888706138150158592819823796078399374951437
47768 8234218
44523 3325579679
42362 715972124509834315300335065243601
82286 344798499391990782637726347365910879950671623835162721530082807520095599
71148 854828
60136 125831902735257061984179572104917247021337682265769914028
52745 66317070448011373731897637037828406749433180009047
87855 99678318455472583859984308906437254069799751359791167975566728973257450179269282693812263613281393
35004 407456910105833196751320705716989365322040316356604831362332370882379758341572
15482 36677891986589455394009066275640433588722913989141783894467823900345993116860022833167147244
64614 5894834311529639839349356
29606 56996483
15905 667
7129 999213119122111610304585233579323936601264962405235
56069 76781
50589 56030255036085806632056936081527209790583726380179845081723187128
5460 86121569803635422647807679738114754780
60769 1790402846668027104908452854094
16962 504993621339892527963696095
81104 40113051133771034716241267067538946539829581845583708794086075040249188062553609656200241709590
40409 80825424884598144738522576073106606729251211341784
96083 731625344008548367123000022570361996084175354358628090131050253779210335818
5461 722033390570361352817819570759001447
22586 67334447177874275313491348445386926172911524500910132775923
89206 600855184752133415381308783269
17700 66462643869936245372506344145505796426978675576702932277832758967136422130886481222741787
68246 182643080007309155034825661
78719 287371241137497175083851100236494431788275488590187964521122702994800242462796393373037907640
24837 5162123653056031831356373943338117306957268841307759104632507693220097317024418393586513163
91477 6347253765469364860709640126613
12701 0427244704852162019379395526163803180338712154575760644009707398393874576524480931469683739314379
68168 9097571836390299607275522621473832167793249257768559126659263547983959245
63719 8634069184104600666236797595968482455694466363653033000088322850456437587795770250651571
78591 252047830798
63546 0636930304760610266598143775272437306806048420136999662302310992653218892108857179710787
95072 4357016182139762284112854140058011254365003005576921401507532925566777475791755293403328602723023948
77564 3192391822665647241726140882703512293322603601783935922728138543854225235223208
78664 82635305659019371029772761932262872958523691852908882305557
60872 428340226173
72905 221454002920739713947162654320
855 144488517076830619184521366944346444908993284404
47053 4286008967813129281518612614750830176503964576232523598415930
13527 70537745582815922
29075 77213530675296243944353535376213608529290678402136975005446579687
50692 8938328660527608870205011293291770098090805615866632423639906718149881278255324305468039821687
19110 8291030353819184304234297460864492019678629467726363168922065693
86515 2608119596600885874627161721213268539238777591
19980 0571651991307930406906162577805544524019606097185359641941
71289 209758073358678866110237189777248578014022338589101775508090260703419926116329621727
88797 36662441233558802697763448139501857551109671452416152213558806834578821560607907081
35438 4570498822718358553943330683555952815641509385969626430039840327
64774 170649456824707665943897581017476680222978057212352295627025
17029 0910261624427212
48168 955831283604529378048944365
60520 9948529341126005334171358096427880
70524 0241797836594619719718749851376436846039561975632224697269783534482782947787
25850 98134282429938920610140836
25169 88724793726321352494207479054
41584 35155422993091
16624 7365424639749739622508223722060406896816474
91152 0792160
85070 70375303094
76908 01635472630404872391918263193131767471617354848965856431795367522102491702337621913485691655
88100 10021339007074018271644833819184976329071750008616067573970806500959290
47165 5747153411359958081165651694121522705321456747964596131472902223
88513 013928403529597899115985665636097247435458054184566685889506166866006772338606200
25295 060190839995146910153102779033243
29100 99913296614660994321102845
17229 09176278311057629780
43599 2247622911681264027399832759749574916403225476030691650578590969882548792764854710775340491
82578 3800345
29063 068850239212217220333986563787297720745083695840218020841030287
66500 4987916741078091722936255537364825632062801690198474210068494328520350391266748788913493
75223 483890151970115
10531 8676002
17483 33578555581197484049286048496119264115317218013965
32122 880781479747689676449075898875925406268324313234882293287568304767179214909418
19008 3897499195308424526800226537429450453841662037239611705329787152
74737 9001196762659509650480490518394719431342649954474110830
20695 14388080613872213930475067127
54463 174053156157086564141917265689238564283475571355059083842952099669942208938314023981665332297706263
71477 61081262814147523226359684307801690737597433234246571295771821
82688 6806068858033104052619978776782694985834641478473360394091995057226105320029068618667490790
81431 86857358138394
3637 8530260040094337201412499508163085623922119110092652284940378474262724
23200 7137250472627035203815531444574161217763808430443702145765690238592855809122
6957 3834003794916126888959251924158771661626807355654087339711816864
81746 083579695329270044561846749515363095577656111683859299414
42591 211186838811910852852019842358096805944421528
19098 445555286997525056360853350486292122649295771078
14682 52168049108856405330464
41557 99005
61572 89291793951260689551789321934805806464171155207893895970458815382807440374229692798272388254785
30582 20224486077371865025934344072927366685728405509523710580845402205280
26470 036858845883048465
19914 146027376550260639674950368178638584091060635030165164
11330 736282013456503573461528159010271586998219
47397 300322740335265254863279493141774491345860563619186290338698
10525 60190710767423
3368 48710668691847672695156874692276448
33421 15860997635416275601334196131654503760674940
59186 1568145491905777850333945420345673150766609022595054356114052999892210624306560497704302908134370
41781 0133224239880996494021618736027206979483570541701371973287411160727150100770082439029609478
43533 39094136113657057230178197115268499716080799947289994151622344043117123576594695
46270 861382780448464989216379157352697641572873470524065393405101750156336462913889209
12416 85
32660 94289052402548580620176639662054836711580686685133820
1471 425726643043120917448183528208179291489188503850735151816150783723411432
78395 304173401832791499548239653
30390 00348117061002242267268870198205355184495105312784057157508
63266 052954945810349980704
72617 4707047439085341448847021254186262560452258463307863696413426
80143 3624546306686537
57294 83076620012
79533 5646867580332848171253745550276154840534031539337053050713668554
13305 398179690839665499253588930650566207140887644062707502667807415093915
80801 016486118
37268 31229541495970080860996797816977385415873919234615362933357568637
89600 67277140506262806714119166579462935598300736261396361752812836781436965056262665688677
77181 7682537189256708482934899800629196012762864665117768680304947569
55259 6732139926170057219747201324996628447738581315537802140160936701748662341868305056897302697163811934
13743 7662617238085820018375860282375747730896752430415702773156618313853927944430805924561236407146661486
3632 4057150419926244437978388993109551731254
4456 82
39998 7311843221206863314983590719274581018547153286
81054 2740813004408336602928838150815192
14854 85647961687
62165 02445520748445150310050745227155409596706309050573739407487751916695932241
74539 459774324289629268344478756354989680264791
25936 441
9604 594594969535821419523407979203038938247413686151412869211527678392872677370
7633 1371736027124324642890530018856397333693169343
38472 122483638983358095933043
46888 2851620264398175424959115316521429452
60270 15079898867915204472948130043677893941871
22673 830049889347989
1839 426357030997468060498995022223413007817096809500114941427657184685508
3594 40852187285020290644818005890407543875715435486784965131779692716830351027386
66871 76354797030050807473088
29218 55
5095 888991044207956805373239783206809151226211958102387890
73134 213454985682549592348349379195885472539843170774152212
68893 565422711602562081201073272929766095114251185968735919603649836684
19335 26065523424755131724165012717654947284688266557565160737
78220 0624042630603392513921216447485
42083 329210278591812960267395948998962983506087836856457546717518707067570412185896400
16015 0752769867500010770470087645961416377784892596084615362826267688333179582088492680864922905735641
10526 8620042543658959601808393514291328444575245108724635
49721 027678259069163469068454882632588234277552859229860
13703 68948888144572306828718223864505119925313791921375737149546476018684
69092 0665933524052682208182811564675995804356020727207373685264391788541822748493056311492
3988 432602678407871286711856941847638617
61927 69648497678786327313930019883610116837693247686776141773256242501659926334065571636402642256
74349 10491523017010740676325878075608669902711090475324466685196
19965 7820426188733141923917598181717684511053529942837
33159 9997813850791374062045861085273401366353948192454387818898748
28539 10512049583851696966969214059036356311821823162349845970292093218038099415898
54453 9036357296686149171231293651559678882149062167723471635767039247966692948
96269 477402065814840437784337753981891535464867784192209130
43397 810195251609818963
38944 33
66474 095309907744173447935
17419 77965291598710404513977060605270678889078005768238979603390
13429 135522649759774829266836871938328300979191209157810041299082869731902
59731 851
45447 730258213684710636403999244
46158 6407459449754558620652258994
1974 76834
18858 159501487108301436933061970882229586581069680073
93109 2832855756407559676074014673505653132081966508912321108729063178072052118974324422828
55028 234514145537185
56699 807696506402162
7078 7124966415192852127768410333792125276
30388 8904768190737271879305811834503348083708704177
37840 1083355325240388232595282669268803524
90702 18403665090233524186257100690754144110745
32863 54061261
69099 095125279361984881715533006123
77307 56290382162061690110616495852493308401207571222
72668 9115323163
8137 9072901999711766973855655514050837053932011268597281647307383933485502636077271918191
89590 729963571485938227906615979750298490672134816842837010291126199779839031
22675 003970062937081875532824
38712 60643425393386661758646896461265175
16542 833034824067453964382216678661230162519961112266183198365000
27179 547068094435383122023677425609540274816625969792312774246644895
5326 51707764405883951638194631658154673348842576017598605166815206895736183005697218014
33330 69072
25727 787330610051610858981254203544702302190848282154
34172 3931181018124396471454081535138926541142199193920879834614858528700037932799311286299569081689
63196 418
62650 82864745959096372362721826649894225120104387723368781269842300815823935077694743936760
93779 94976404002456056270684708054865
90651 13973499660100171054989888907306829883238054438515648334672329
28282 0877396462608162619324509544429971439226315498800599113018733310332818873518682671541751027620019
33583 677818839359264357860689479087868123909788341
53491 50413116461116688767699103009778587922918069609658223819686728272811183494850220
71479 56967337223497923685932993187750364
71744 3
3504 2877823865667872503580410002818733370141056264738110836521047209
19325 3
68954 783287030127455444349500582720541454071661669082643206894072442442688848678315630095826
73828 8041397911767615847540803481645411683281756
20070 37810715699073731380609855441944759053959411009545492
20831 43804407252278829774604173807411420690226452591736736571710512250066592666100082177787303688
37317 797723502057105653077447472813968557285588386258053484144495035384461365504205742106
34414 9936676
53337 4374742
18890 072766484338056587406437229877053891213781
90972 789551911703481403159379029634930676759237494430854000931869195622
86429 7457667170902486804084644254416271495198080482844385328022030140986744110982054393581296111
14570 1504119008431175294982
54648 57277266171025265573850232240
1172 60007751332816
89307 29
87945 90625956619731359415605590434870876327413459526832320775848398868343092118932
90943 18375104287
95907 858055098750511238863216330241465003253548199525020686456116003401020076422239665062697325333106455
43670 068998409555570230757468531381015488714501751688157682139431
68383 5135558822348731940713462054402770252
60695 30902568460416511365894397845228919323684575176215934730513
3777 0241277043368023846771
78557 52338002007115778246492237275851106335167809453612044931535912405317030529995471
15136 2964347660674575743319788091282
13812 980399101509701330568418772282483756506546359393267184452661982408987068507546228821818584392719
35686 69377357121699549727222914034738559838591355289325602000100615902626601753417174941849890615
72393 6202334616819818455147729727278420554514238220963098340131596
83147 116585540127453702311135123109226
29169 5874336738303433137943
48853 4716788625703818003965034411495288
88508 33317817293848102943767541391055635483938992494696284395667668248958506414982040182
87020 7256015443310960092786855726778527030887884920848040087072161777367451421547958865413329220050
24345 2437000743814018250892566791926302412912320345675336009837896380960646
67912 666295934784896354166342186256206713338633781781065
41204 71668663672554677642864132811749981895960642074236901681290083685185061776745692009284776091
85728 4882647584808828311214744511858408716196127
21943 30292231010184033090223359394629800275847937141736
3040 80193992261228075752694309994081335057948560
54566 159045119117118261678373704910915990250601567337469833704736057286130205415054768176280935687
4898 100638482405742
63161 2933781260259604929080478127110713708846395877737687920198232946029345603139234136914096585064
64891 5274238848518537873855874246586659220402401194782
94633 60619564834792
74727 895629083671671584708987418642
68552 489
44929 5973375943108764023629789161963247471070222769404583503819438443525875
61977 74720585286201416762940589373833196751539051124753025298296659455132075407606097468993124422
77865 179234768985500575115736918234559307380979038485073661
50885 7966362108
84762 5444521588887875751082934415422936202238006649119942439
60624 70695734349289061157082225852600567175398090111882816366186520302266459295813915797118
78708 0648719647416129488982
30851 071779792898794031958163097219090034302670824304587292317225526724940017731
52035 327379051612615334661790038624916355240228744604132015814428702073424001746
97785 04913856827147782310265271855572461989211245296900359562866506076761233054488877014
743 31625632540554618378028140351225127628175918
9519 33943268567450752674258884816773033294181104251719207069611926575758164334149868911
77159 441063227205613157098216275468925683660818510396011524891043892101666074315597697206002667842771573
87627 82935881476442508262470
14412 60479413964662877096201390723155428875501560298823136496363023497905934658547089277493611
10964 06275522922829499524724057748148950982521553912
54219 8355502866152312078345548157000119816717363306773860
2784 469078188313
92124 280713557938
95602 420335389105610420677916414126451211420071380805
29938 72996344690505529448194259570972783431976955691893031190328051749898980866427359724176229079
41500 731453469109880418153369855677224114161474427170071711909344171477012625367116035
68863 4681076601510243290987242951761749700993573805745371754160954350314086396964185934854655046
10894 3709610816870988815820714
52696 0725094224345980458774270270348874984188771909420255444350085108839
50008 39047949615869467057333707171424623825900536535646620266010413377590740222861932
87502 57768887713442056660264537834243820295330778079308353663628089901378911617200177351350322
18570 38
53089 313370884519625313258016200245918995300995682783715788338247559981182502331726652107673384
42263 16848774840424877776506276
69933 192611276809936226756061553517966202350439367818874331542634217131725
17077 3544758208403511567493355006706176427749380047783206301464296948255537892706353514457034340870
50734 697930451463858355065645864264797650179283421275748984389626772498
30957 38818969982221592204353279148765045795969953304935757410971733521914118111828853042771717
69129 500259383253530807321254722480420494826848377266213001226443535469076666872
58539 446218133474927676401158633569088098947201758052947187124029245959417927024800244923
83815 447369387891518883983361866513131924
84603 5107664637188249107887830196587139944096830277854749284314914618726211175733864
29864 0807246958596916056139555
61656 04097833318922601514137221
43242 39
75202 21262876462880641196461973035817013310922855132702623136726018972556047617417347441693074379237
97515 505630275154598116516046238310842490430152596658363129161278
19351 6937501211043829097525359186034486659369612202
84526 5599485831242360745953499210751638393846586089444054800781524724718699164905113638766449822148447
20376 4134613331564293501454468386083451204424264796758797
21877 0
42842 71656601165912543705568197176866344433768036244180847511655678
79733 2371641479770465408661856145047603484604814923576901047312677
35812 23938302080388891614332395730621449029256430875464745
28121 408200650743842489461900600895236830234522770461348021925778409
861 153892047144777078400028543471633019860824
81316 263623461909878527806038551220419708060281612581553106467095416614502373
10576 528379263509714384828306598938730061514558259588392707081950753015357462907679
73059 4274862638188657011809851001067230680493496091282266685
47108 25064549050577919155901676531825304892018428168079213520675
6239 562888067158661075557523508436868973348002634719959944842072963
18525 1580697453680
28784 6607937482441273165205236649213946887
92262 50572963511382079
66141 943217079927974486094649021930640262715992717
30631 907384362826424740814655022269234
8246 45583813428504442493093536300387400004411838532004246685737097094228162598102
85797 96905310959291933897053327427813224027986965
8278 4198178841315937405892401054
47829 804250433191182256026152319
58277 289
28287 7435029348739726216827992931697585625209672609042787251229644250339563443509437581444285
3720 6492357753143595999764393698840249679826839894846832566434579505631318806591382
5005 6281
86008 860412175489681538191907253817305761769397879591209972286531
17549 962719741456315272418707082922694844400936696780237916
44451 3333586
32485 60838008937550210300717158465
37736 3240893878030200845888
16181 6739698625058397833845481745246201640149366704483257687889496230100142539910012592496861
31201 1908739129486936050204720469500803662974871731345559001835914705783120714926839010091639366065905
2878 37149333508800833706745100397527652682285899888
57813 061217598365991876
19327 14174663596
41072 98365442590309186
19800 35117712336616052503091802550685831357176069
12492 71446672771075946842426394790857960018213760112903840503962731505323024854312626655696731428152287
97530 2612931097
16 1697857046525750201421796619483264053959047969015948959198522511106671
36922 934581768204709081991329045393353802960463963802696974614972532163762520737611591413080212585
87759 9052048297999910896430126113087472291528171328997959837638838664
26230 0215
11148 528057571263966964844179670499165841706161
26482 031491333355565030135538622904315567906822292998324269030133358998663123727231056789180373
84049 3028460291892677547878534280316248546384523545170253084117524
27615 0549219881209758110429721148138070829386645835030146113227083898271154713931447
33414 8169325355963968130210685211242640557802444554147649660969563802295557872176568
67760 29309942412400476240356904612378537791260834615605695460448021297029652047514544
55379 32038882026218125269078839907446132461642730835318528205235173624318990977418892070079
88689 498501566142463372730649
43005 316216768204156988760042608091251358619530119325740317204540007786694548347120465132211642756
69331 3426999691244671910958
6656 221649947920830457990170041928079931575179286374
22108 80412558666011639082257812317
52495 99958453524647058709218854
97608 86914451469
73420 0527457563994638527808250309773060681463993020060355098
19822 190595179350143589718212491
60433 66005823635346396418429
39920 932961679480158974454323145
24525 648436302867514179663476120584528340402854038687821477045
53248 22878943746624268167
72566 019
44069 410323438722185937833746508976
86207 0984707701104366943257858799560514919313865262714167263672324190518079672
57625 090902625366299064956890619
29916 5905707
19619 302102745719703644607933370943009708442
871 34269538584418
77887 77731237206953890922389264127529286614266140006148359893658119975081691691218030
22631 384
70224 799047312003454675250344574181430086087558453794273625276960171815223179438098695931
61626 727018505138507071439834481832709859655766723608285288
44094 20856220442558068946334971967404288250878292004599323
76517 15443219903955072167219113139816466604865745744867974552983699230801137376426573170657729927
58605 8034041206659972571973516110481568644148527836596199296461089
17552 1645380699850347103720456133601327
22353 85417505052617523629532868176846748
16242 9798849190766441485291990322584642255013750643600192979582645337
90494 99802248975504943758869550542362809965453942986478491353802245955988045455959887435466961438
90896 13530886061820277167899636499132036821355479429999753972503127410760538919296830566983546
81798 31124309411911
652 5028744032918707647785719696812848823039101204097246504615246319035414476242
15434 0019291599288094892241969952376154579318623
29611 867240953343067624153220402205854824528625934807674902260818868462
88264 116692277277052989389938024035986288971930632197884278494030660385880242824945604338848107780
58345 799688065842864396914317
66437 7273913581542223944358203270764866210162419172326354602372861312951794105509285299
44013 56161013539919890576328027397488223707358539257685998019107613540113
14102 2419196779248173718351993885242360098562908
29865 086927242517214083869992853832453328472304087143115721813542959235964428885296175654557900737071693
72170 025839983962073598851523363258053892342505471902340854716958641035756705014272
53360 886
77299 41520588719869084812507477356466742847759991117
40669 112889127546346769600245362626018589779936929358753689887854307905
45753 0360631580117238524064104637969278822
66811 4898086837435373892498325898270303278789826688354738436818422491178166639264072857579635409592383338
25541 76202959736183427564023267717084060032511251774071736
69640 6447888507379631305523918756980845708631441705603244166784238605061893250222706626040
22145 936961143
20248 25
15596 8698904
17821 12144
21692 162528930549358327086160046161173492903409307
75945 51344582078929351630040768074104779967048572774344726073752874449409137030781297446004719098372
25976 543699418100834562885821455691741156
4410 987858749396661393369580884865852618989407545965071400
10899 572141584199231411002637321090463385534553341977110155097532475550
60194 3754791174755276620192499773747140153645252855734823145396657685475970594939723880480742767116916657
32685 6380438532860741731532057843879025
75451 849924176872556687308373096838386001567356407585206135671019536181556560250
39884 5970506605162179697097913316196115636059641440
53874 980281886575775058018897410512315273679278354002845424512523818530362542583536461239285
31912 7720919342990100479676922801947667686485009599909741264843262989
73245 137386760443291434998696273412924129830
81498 9791925
57201 20006280530248704140973710869614097295441557360147014
77797 2309791602652731370917347655965433130492789238045543
73053 2220043957474
60794 090507906074919469069719320700915796
46460 4355222793162662156089398358574769108138
5151 141899822459871524097244876229712089874955333907831736467727224534505994635578782
27510 8430540
93255 4071264997116248772752694959347426532504398577137908102788469508427147066459394635
16579 1648981391778
10601 0480488219055081974634820180155162074785146835475942238446506814
28418 59247528087608581352637242550171349761717051498
42160 6917573080924267555058038732608
8448 1922017849118939892211278434718917720815817985620918137719093561213374434515071851774534439981
63101 23028223679775645066774656064345760632184005077978769129546607
32580 59770847939
52523 434887440457061669060350199800126582347213197242704808146991
32325 22138564220519981522785792944156
29862 9798000916866590
13474 2474099625961484370155592554697106543055398494487371204752732879472367610307922335303450338118530803
6464 746057930397218916696234451739595
38946 0246850097641740548222461927548773954889624066965947
73773 1928913503750455221220115484307400826370706087344520033104809224
21864 9875483806713
29022 95849007918475395322233494163350910182038837553720223818603412553498906410194851691851
81112 63287950217197303580608600824060139342288962715293583026711500359280397277447247953843
78976 0383826974078404243699715081302175404458
1430 913470639413685826904811467128013912197356004309625478
51632 836181790937215097720514323934301596052107132258298882845793805315288430104812465329220921590201230
84230 353600959906613383313213162592118723598017999362555195150327
8395 18895570495529911752201287958556135568684
10945 83178928408469226216567984801682283848291387080280745858323610036230342360324320
22575 16977804745166825978487411
76575 488043693553456545820406626409832739587858345444499216819627919975052878651587705349350415
76341 358406969110959812298372034187424996566490620
8785 1172991016722283368592564792602659
57386 914406096770907368713775537119917186440621533383803524604372
23169 03611
46405 531098623612
86353 4766539018928191098032207285396502369785756924449653056472532030390533320490798260038039
44894 11582303225
6314 2392105947927810916208312319735799341643932
47408 30888964866413722387848750056817021920054187320130822003572267207459373204231083690215997969476506
79382 783842691973322951816460513852940263160842651294269
48671 550136733444877509824182419058134682433
14544 15221204279280672522586272857933658206093374457608787280667673809403639
26211 028299210129436757973225
2412 4817962824265914272363751741071831333042166941770227954554808189218142202947138101569569110469
34567 6406
83309 8936443350343674749491904389400994954040006501415745594435656752410714092610849854020458
59534 08437570202250151474190120860707921429504435121594753583767107700486
65847 0952548328781136134914029917923805871519839
54880 76429816926004384120220386230186059354836678484459
47872 623106822893881587116558
57562 34912935652993670437897186014558462100239461078399331324088
47244 968000882179349306478478903825296858597515758024
65931 83061665021120518643635399291294010958
28921 267076587095771749764871687632392587266591111119505456881818805287936661024059
94460 413567183503926445273584212438606243416
33073 7
41862 51055025581446870335963902082283082325212310561146013921465090808578358122675610
46492 2805303547140845308564743606882356034961867021036224379057349067965242930753689394448254
50963 5718933888238712216689084938864928295765992919420255786144650785476080888513105206666
84845 285031079649903574837519833537105192701593072909884435450251675460700866094252384680286936532507609
50023 123048179563341423116514069019173197760587819670113568766
48009 6788130693151252081555024362874087812060202968342285426920903019721280060471522395954270535
73544 30380522399046788582546486016457397336108050109552113693690412809425222200674484809778055
41177 41222554630
379 3551641855819204922556605132362699140204732581630286
84502 24832055371988557229459760209021560913760926659273483428087561706776137962828903
83574 063465089671889059720490515512515
26386 9313678753161825376786815
64834 161
84923 75508187077688177025953812689205849552958
5923 5883235066799470
96004 9574295407334714220078297571686197545905173810
69319 76230678194433637314848829685268457967457364309286315998209129517724707980247111374260794
34607 53368642936793316363053536367270746
47206 816007154430724569662534068162185291551817884469366225806888987210575158195378744279
9914 57122536968489238175788202925592548022441024776478598911053290489038532790
65578 07810675499849308879391049108588262239800859143313986151914756592
79494 771703476471056102592793939762443580557384245777
29056 39
44836 5138859225416154386185825975075547360573700175614528782679627483337021179010
59623 053605126896284965451440517839710229980120175836663107019268
97077 413811208348580010711
30951 51845883720169752595540572126598067699701636979268062530739523662301141026233932
82645 79739249426586382382761170848251387230154102005006402615363732847608
16499 92396906963099147650104232688812712
50264 88676364895435403910102808597313175468458103176063461
54449 99985810439671319
55384 31363869128416081300852850420304681905610816283
45223 02677565530751596167322618110462721251539022522305568146184537066530545528
54421 028174929134871693948462163724418210354298043004177793767955
67956 2964108876620556261040504063403033787715586178622754932478760749224374976701556925457644396432122
57864 2498365
234 9688341811769840128354237549295962331707916251216803791881647268415105857971410944229556
28386 0611729025943755015004024052449539091728975093452080016886665654098560231740
34904 38825171390353453450720657178147814901068291250732047288790437901419009819005228636021587615525778
47377 051221279547028858146472245917882095
260 150023742614008724392855007393389084145883479996160346079
79530 3
63826 5
12498 834566190679608449888361291777118349367894767239251045693056020816065425955874792974
68964 7535254734132101746588291191838856
27848 002266221995640857606963187288931463231207868781613227
94752 8340455558063856523
34356 479127598393752644664985840905022825361397492
72972 629646628462751067303131207018556485407908271
82021 05764906623715006129389877531775090571264157517454094668888942566401
84774 05061070451160037871966
57685 91655211388756526207404324505919001751499638560410
5719 769
54210 24459135913
43728 7483500373172397315789678216722299789385593903
45977 2925596107563636898124
45563 13167816251638066051874280364448973138921826441547829246988253329994430193677
66828 652460033560065940009914104082665127657984568252635113685962705953067550951827001227717034
14353 3191383889120983314346647909738995923995893906906353575265744563903859475362429
42902 6970530213799235094953233774288640723985856299659774722968428612962248153346624000334432
448 03761621684188025081575921922239
21593 831622595
62367 23328759635344
87939 10727711
37307 215038294229386069
79359 802853826233166605
17497 108436860129703255885641061125650976312882640852862817709635
10153 3060661603451474371144876462
22519 08662610884675078856474204298782069123189195041131559777446003245572
38690 1765489062348031887484203346007774
10797 29465537945513964346095943095966557372088939646051795875
68732 10776299731402511002930305448312
66706 2183755641785603859890957505607292045679
53777 8008448865362
40764 66115596750414776538311622507847455685789836038025950193807406
55982 3425559543119843198346381592464761914013939525492196989703739914744985362758
44523 739331100086517149038986665704467754091708316872446300040575568431190819943335834947426578
3606 8279701402885870830567690755393499
2973 12735437424808145389102049455378277448250386908247
15666 54142610114997264114835372403425347364027674045060562969493188908224715617309497594886502
54744 393627041558801127
94257 174241697983854097824628255525460345707932502984537189744892291
84435 7492585819055225102264699491704872651058641303664130495457
10439 499880364542
71141 0738995329499594747076998227512821882
71265 63885615128402645424401
82861 115319921143999223578059443018161882845296509120
18181 773336
38517 4197243
98280 588813963999483725055431113989008609679569982
41558 549913320998090104625165279497627150219570387173945016754291520582030212166432296859294452404164
61690 913682394577597426114476323277216167347251377967532771680256503790
83265 789234607
82603 83967994148855835889136
45053 8707951164659275920530198717
59249 33299858732402488410208496069161212219076286470422993609965701358876073946393872
44400 4221542859594690102789347056105799425571897651118121114123026197218780443531
29848 001767569412298817593966184304574830169098339023
79433 2798273048475873211953003394419801622737956316612784960781550481219718593
10411 72975041566119776161180397030634788448017997799638316152403272993
55962 48709129870212534490414038500435872
90458 959793
47610 82614460035408036830497399486601827
6036 6
44361 259549947497988527583383228533490751671236
88526 166853770574902899024553814022689817413151761399210302514798873352525224550341957358860391
96683 0621126013049705869033023184432335374193560718701742503061312
41405 050333957938863273370
57696 727216150560976564154564367128529090699785943972646931514277717079528594
77754 801075235120414675404152186336004647557603560368650911315
98986 9
86887 124032573996895960328824404911528743439883118933050128427
38875 68009656033207650864819681445663659997034
78602 799475
81873 41201130062639029690617188872928367453864960013248619918
60820 692710633323212081815
46388 521255477887188116745977486493353
27430 434399916992834170524247232997851847119428924595847030383666677503283901734066943951790233
95052 3496001468171421242186714954020561796320179351808532862968328098821879688661431516214
21220 6303452344195662653282391803921001957722948494033970
15376 72579701063639894658
55185 75772733005391
73596 03672993930197849514537154279473961910308491471153479112835614
54193 70241219610408790731824349886084899077845657548676742919035295551727359045588952634048442231
95739 0229203882825649230426519096522240036968080452952135270198191820
99217 616957945074375095837883225027514060227068349831393041578281450867965545698547
39681 078315343279218272825684547524622
5968 21895552537313817207171087
68446 01446322730938928877608477406830233625658385554592503929963230816265257343330734653283147212535332
24488 2058621755420742380659509753428859067731855883511796162697951686866296009918
62499 029160440986676647985368213434
6561 59325313503655235065357860321519248834270923703897030618613160820164384317742979636471480
19448 3417967141244110221429984302679449855233383286325642651410
46973 94770800693085763410168982134827851080262734105463117982640158079004496592420797952140016005878
49671 0457
45048 199588094389229395486
46399 91468515588548522137213257815460
27997 84
54514 4425978702599062
48123 6332094554967081728558028170322129958355463386936329794785
18305 199590262490840477110527535
97644 794083877809668277932300744674647842224906837760306441421896026443054653798
1657 35040045065652979783752
84416 081307455551869261270517314945011328743149978529047214035443915394693291320749859966
18502 973105983431756879146034728589100887041052361728248961839
8975 019480588477953362
13915 803897695966851967692825738881751920537226266413773781372064931570
14226 2820
82787 563441617072143217100681190
59758 41808519250
88072 87112591889841187528505726406756133263947029975526206687113200582538380848369584365567701
40919 0214417067
14881 2617135647874609160
84855 248733684860787776107785197782093658336064413795217495839011983676353899378226973466301060089
1812 78043074780372
90519 30721499490192901670508487762939837249536928768929945702638128983
42788 0928990438832650538091
9731 09926659
9679 98618547394774598855072138915330582068265447936046613188995958463919712912005317443794083298513
93417 149514793076182853406073641881438268471313291882
52017 839929349358907643043629727667125082787397306870056375141760827452355398642
91113 0047836404073166137235433167443674094533357116167154172584214728047480783130780707208525253081380941
