1000
74856 5626
52044 8474
86972 6887
90092 31206
55467 86450360
54620 92415584
51051 19692
45430 014296
89349 381
87704 003
47421 280
50448 65608
44619 8324218987
55769 282585
76887 3716604483
46340 290678565
91831 152
56979 20899
92805 383968
90993 4963
62496 2508
34630 5097
94964 495
19215 73318
12488 083620
45415 738
26446 556097631
65291 088
76835 6215
19302 25907165
96156 677
60820 7880698
96596 376504093
32062 7928228
21727 7443782
88563 2934923711
90571 0044628052
55758 8700913
46240 096042
83908 9454
47359 8501
36225 968
70576 6534770505
74359 08387628
39308 4208191
10532 997738891
84279 49705524
48998 499
31342 3211
89054 9932166
65766 465894
45066 5183645
66211 5859100
67031 0582
41234 8070744891
74173 842
13311 438
10332 5823134465
11330 3955505865
24991 6086906
67082 301
51979 3449641364
17852 903855708
85467 10824
52780 551300457
28363 78093560
45491 20165385
45933 132297723
48390 00254
64630 875
63916 581043523
29135 50829793
51217 882662
26510 57523
84908 8856009
61700 0924
13671 71429
74139 9403
77366 9214
13501 767616
12165 80834652
73155 377
69310 60409
61239 604216261
10113 612995072
51347 22679569
83627 411
81179 492172875
89664 598084
53054 2273093709
33999 640269691
29164 3329
43484 246
60936 44613033
26308 9557202275
28391 6300
19637 2269600923
62662 7972
31005 3175
37938 457261
91098 185
17731 9380974978
52329 49488467
65923 4808054634
79164 990849917
73762 03963
79150 76407314
57228 998
79059 346
68262 949990
39864 17340249
44626 3692
48092 7662985077
99964 7606949
45429 86948398
72050 9243
60861 02065331
61015 0862894
35926 488
98120 4695
37674 48149391
62065 85042540
59683 6862
51025 9055
25415 2914783
75250 4517
43058 44907
22050 436
54407 1953070
89224 8441188
92406 03239543
13029 0227967590
70058 22128539
90879 78085
23994 9228686973
66063 7753251
37257 17231761
52167 951778560
12789 912368585
22979 4941
97392 203379625
30743 022716
95312 835464
47624 17433
62591 93808
47008 8003
55678 64325
58033 7463673
40123 306222
37176 66914
32994 026
58157 125060221
59106 09324
73502 8820
86582 72670627
64319 032911245
78234 882762249
52824 4945368
27374 3238014531
25205 256
76306 55123
98571 9973
30555 22942114
69037 063552961
39039 401
17935 740844856
15683 61380
32874 40992591
76990 5358036115
32250 723535
92031 39054
75291 358847
17291 0355
83552 1474
21178 95754788
12043 02709
57520 92485
14247 30527242
97681 2187842564
90030 27145
34300 716403711
39137 4599
25258 410268
25614 5220
51705 7094
20732 7407
60177 369
10913 654715
17361 448274
15785 2589963
25738 6555
85336 6017111823
15231 6082
93427 8208436
93439 9444
52114 3860
19126 3738534
48538 4496
92214 54035534
51488 335077
77990 116
15285 541
37936 474454948
10102 47092
98896 0719018081
97231 418
67708 7663
90098 07276
63180 8264500
62476 477966
97852 75509
84326 791420700
36836 991
72410 899
88474 401
71982 772862461
86727 538648
65253 157953
80102 1768213853
20147 19193
34643 3325998012
29173 5922185370
66384 1426241
93836 6016491800
89718 374704
16682 7531231
70063 4560543845
53651 1011624171
22217 83921700
21161 970229257
65350 31942
25887 4827
25024 587198275
57681 798
19532 1099526970
16623 45666
47029 71567
37663 7730672339
99738 4211
24409 788936
63286 25052994
90444 8653187821
62122 557229
23697 491206
21211 39553
99069 110
59159 7774
38464 015196846
29067 4335
61683 138589
72241 752
88988 706
42100 939
13154 89215422
85428 5732861512
43677 2150590
78599 2625
68706 76032
11771 5592378437
10037 085413408
26768 9981821345
71669 3290734
76662 98091330
10336 0130
10477 0096827
86783 439
13390 107286725
54358 1424
52976 5111901
50850 9144
42559 3492604
12722 2215365427
96908 919
10557 444705909
74073 0939457755
30800 955
65132 219
98672 53549329
41904 7913703011
38513 04191
33133 5993343
21758 94320
42217 7446500
73127 22329660
42693 190
32754 2545244021
11443 6988
32450 94148164
53447 6989387077
71632 358648489
11675 27208
16626 034568
40472 3010040582
45859 76484
97745 0801556729
11588 126759529
52379 383612075
22225 3294302929
79010 735
83061 530642
58923 1998736
45303 25268
60310 388076
48427 1518449
91732 2424
20713 98087517
89166 3248
32308 8140273
27061 668865
71208 751
61615 305277
53728 0656
12004 1672089
84790 1240389303
32086 0209
53747 6112
54533 30463
68238 316036677
89095 8891
63766 1609
17683 099
35948 121
93539 404899171
24417 886451
65412 5766969
84814 33838819
13318 44322761
82147 589124
24014 69997262
36194 930
22250 393
51358 793
27045 574467
34955 59907420
89056 5823088
43752 373
53546 129
22822 1333700
71660 8104100
40656 816649650
88227 661
52223 421
18342 5862
31225 7258573794
75557 853743676
30662 6855945052
12539 892
13028 090
58133 567293598
71815 922414
24891 306856
89908 6978
83158 8102713
24728 213030
76508 36974
19665 5297895216
29857 5487658277
95586 495897434
75810 003
13103 122
33775 681298
28516 222885
60315 7353532398
63011 397510447
26434 2002759
54210 84425
89568 555424015
95662 439925652
56306 90892
57383 1208129
34519 758695
38496 28754532
15252 119350486
44810 64353171
77828 012032605
15927 03161729
53135 458
17024 801035
29695 16024
86477 310550
86454 46656
89618 17581056
11915 809
34018 3529
58385 01679535
71803 491
62708 610078607
19982 76985963
81444 2406065
44792 4443265075
48318 961975815
61622 9046521
84006 785
48950 816784
97896 28576780
62545 386
18013 318516
57943 9899
93299 13697352
87285 862820649
71854 2838084571
52685 7320
51578 50531
31986 05700
34614 8841
19999 72384684
26843 662
53608 436213
28462 5343397022
29370 255057277
24449 502596
19523 170634
16995 35521974
42653 7624562380
54691 545713
59958 33291173
41289 88787858
38477 1708
52684 30030074
10081 995645
77391 87515
75195 7814
71910 19922
11395 578
57600 9601
62782 5681
97892 07699
23082 818313884
69174 4332605
69860 7955456080
78030 74105
82971 0235149962
33256 263713
67749 9809352
87244 465597
76945 804352395
63483 424
12283 89314
79690 2044953
54248 7174
88508 4950992808
37387 9858979
63275 80566
53358 795
57039 61506536
86169 165
34708 75805641
52673 239
98083 0405
31662 3191977791
75811 717910432
21190 9187789813
53137 4308889
36406 548
50221 2776071153
52785 2763011
59335 6323
65866 9237
70077 8018
18414 3652150510
28593 005187184
74849 417724136
76567 8626
80081 517418
73453 543110
40161 5415
67506 6189831
31506 86694442
11132 6280
86393 98436291
58271 035459
51703 038025
47156 736
53717 4177
51596 3004428041
19225 85387464
35871 381689013
55575 2505387398
58898 38995895
54429 074
35088 236697743
30122 9934017769
53663 4612
57520 355
30377 72313426
31868 8892044
93679 938816367
62239 14656
84379 9234
32210 98000
19176 87657
28900 891
61193 82375232
34793 68322951
29044 928
36836 0358516099
97789 543
12991 30818
83985 604203
11838 545
28579 70358772
11484 466
64896 100442
54076 80202
70766 8232
91495 784102149
92025 8891306911
74290 16105
17987 723
88430 333266993
28887 1931937052
37176 248302
12828 833
80020 508731485
97647 12673
10017 304534
62591 0453028
70275 99884
15005 373
28907 50768
72241 025
12967 391203024
66112 4060029327
23977 7301449
75723 455362044
84234 72750
20305 9479000611
71521 899624027
26052 58138
55020 8660611
13820 69178004
81590 393039
38998 820361952
41624 01715
75946 745796166
75557 826315
31065 39494
84585 3405363191
24168 35229683
65470 2191024
98992 1147685115
25000 7772220
26744 609601
38656 531
41476 696279875
54880 3574
40340 5622851128
34152 8175655967
91117 2761409
56103 262684878
77393 536063
47839 4766742109
25994 7598486
98560 66917181
85524 512
10088 1638
96563 81011708
10016 95422
76185 018207615
21484 109042
32656 8800457453
22930 0722
92625 6896246917
16495 23171
21542 9513061695
73159 649441683
28283 880374
32681 794
90248 77621
35556 54458211
49561 884
94935 048178959
39791 1459
87341 588220534
93116 6745507821
22293 95570
25866 910913
79322 5576
39926 7726046138
81288 791208
58561 5438774
96928 097355426
76603 43515801
16668 32362430
57953 571
42424 0239060861
75071 2205426134
28460 4212603
25932 270580215
59468 1519700781
36511 5902998
45941 0370151940
37693 044
99272 8359051503
74347 527468
43344 151229265
38776 993437
68143 6189
59877 3943
55255 9261
19088 696399486
36370 6598
56894 307915641
75941 158617
76583 6467
91939 435073457
43026 20389289
53235 237467486
53824 6244923
32243 355764
63246 801
87893 306
10480 30721
80188 398844283
58041 43627
57043 711815193
97173 87641
86918 732543
72984 492
46584 154914416
87008 870634
28697 9602053
81589 6577903023
61948 02046880
41688 0138591
21523 696
29940 78932477
78906 4298344431
15468 19527079
68717 73967
80346 4475
42826 4008839661
66903 6629
71842 5529832
32784 038
58675 3189638879
56865 53834372
94233 5125
47812 91395851
74453 57464
31440 1450013
73873 105396513
48655 84450
93097 443520
60430 684
60591 0951243198
65134 0780514
31845 5110
22858 4891
93790 256508
74005 83128766
48907 2680
80295 9018
35085 677717
81039 31327
53485 996424
34090 05745676
31347 01216462
64076 811733
78091 64942
67280 475183087
32341 4206140159
64093 950118
91244 783402932
64203 061
24988 078654
49051 9548709102
26847 8704242
81755 2559600
23952 660
33433 6888452
60362 511
77797 203356
29292 227475
76028 30798
31927 73665
23146 27090
43469 5469
12798 3426347773
46852 7600355662
73728 12935700
41476 89622754
22612 7531993629
72724 445
82923 4580364441
24974 7990072
56222 51340
14393 94554942
80001 4983646
30687 24470194
55062 81137409
33018 56847
26311 726885
20237 690119601
84952 365669016
13726 7100949640
75782 14638677
32844 65781
96856 95297566
27437 829
47903 394
66296 246292499
23483 6467823146
32297 71021
79321 463
15247 1838
52463 499179808
21844 814
73914 225
39876 990327380
13785 756709
96938 555370
81528 72317173
78964 994682
41995 83667
91780 0871
22795 76063
47603 6209932
69225 39007181
84043 22595043
32605 168160
74743 59269
23489 251134
95335 370
60701 2462156745
31771 9955508
98127 2404
68561 98957
50826 392
91009 52699
60250 60588680
41160 615598
96489 885772560
22428 593254
26608 11332701
44192 5469237
46596 799
36239 220
99478 23528479
78330 441181609
78496 6336
29584 2420
99002 895859
36215 87554485
32891 1338013427
12655 330318320
76442 7805542
26628 45357540
94791 09240474
84866 0594903
97975 236518
43857 48804
28951 768716
45237 57423
79616 656
48986 4123162832
61875 0876163
54211 33259409
20276 670711082
87684 6254355112
68231 47747120
28424 35541
36281 594618
99708 126253824
65803 17652952
73864 393993
25746 6161
20682 1049
86956 00893
88550 53178
27809 04803
72273 2792395
69736 223221477
47899 315253
20027 804
93497 15438689
41041 0009
58046 48894
11175 31700343
33245 0256
51578 523
70897 9611795
11496 2689738735
93436 149246
58145 196793
88486 48124
50180 376
23142 848266104
71239 6107825
59293 3869098
68929 7123
75916 25583671
41419 2492
49033 24387
63658 9722651335
60623 90567765
96756 7642
75650 23232035
77791 91639805
54880 89378
36114 974295
16175 2814
12931 0931656825
24374 9865290216
52490 3666
45873 90131001
67455 1216937
71042 882
30611 4209179550
87645 89845
25095 05689598
49196 9527331913
25925 097
83901 2152701037
65114 925103690
63362 990075693
67707 149
37159 865
73324 671168641
68867 7119277
42868 5349423030
35937 9047633896
92967 41629880
44855 0693845604
13501 8205325
41940 86822
37384 600
37621 96637139
91824 8950579
35160 01396
88329 003795
66404 9129641426
49528 9218912028
69176 345578218
25233 5439045786
98557 224
66171 6433700
93748 802
28919 395830
88572 35611341
28452 483243090
99561 8813410152
49261 25614887
48865 9589804
94095 198
65901 3500837305
13150 898
15213 208
81323 7885387
52013 916
34732 173548745
39821 927
74182 6270
43361 6527764
75556 906
43835 281
96929 4843
60801 43297341
69616 4546
46805 12035845
13506 3356
89982 256
48693 246247872
60045 0450018442
83120 4382728134
61838 7882764104
86021 76796066
71138 585
22076 37695926
67567 3222685
16996 1369
97683 343993
64167 288348284
36048 50957
23341 497195549
90393 113
13057 5320296725
44275 092470
42495 4056312
51153 099
45186 1846404
58902 651765460
51730 598
43636 7425
32560 56973
39981 94383
10209 01118576
76475 11158640
50708 08824622
82253 14410168
15075 861622
86137 9299217389
98053 710733044
78708 459521002
94804 9470
19379 042650138
25105 65710319
25301 087
68776 209857
44073 100
68517 6564
30924 287
25909 78879
22374 4257049105
10622 9948115
88256 31904
50169 4412
47418 9742360105
91225 660214
60282 3579370792
44196 0801
32120 473003720
63066 07123
97777 0477212
76494 51021936
59653 218
93933 784168429
68403 8136984817
30389 4676986
75545 7631979
50819 594
46221 2245336
33090 513427
34401 262
34680 4067249
31931 420962
95162 3121
14738 526696785
90604 4443
43043 6277188514
30347 3795215640
82222 592
90197 6360429
70636 410765148
93960 4855350
96168 671423
96290 3864
97452 688147110
41348 216435
14648 69896
79032 4459
30094 591792214
70513 0446728152
61879 28229407
76309 5130182180
78179 497223
29570 1155248930
18097 725772962
56368 344659089
48970 32103841
16899 96615221
57995 80758
15751 627174972
26902 444635167
46890 6617
38685 376890
30348 063337492
36986 3751131
15395 2622700439
18773 45596903
41740 865858065
29055 93590929
88535 95478575
53618 38334
29494 038604
56819 9606
82312 83555
71522 1283063
94027 049
97719 238
91246 9762249
21126 07904
40257 5564013172
70294 34342
91926 775606
51782 92708
75973 343333729
76619 410360
67624 7904458
33559 5512604
41073 592879403
11755 9155
89202 9048
10043 3593725
47596 71146
76948 4680481999
15814 2658
58984 0319
31974 496671520
93515 34429
32910 24747
94521 98214380
82710 6365
20243 6666
91846 28251
83816 104586
63049 525084
60489 527388621
23456 42877
85990 3291
