1000
99995 254
99998 563
99997 88177
99999 92753
99997 55191
99998 0595
99998 1372
100000 653
99999 02363
100000 170
99997 4776
99996 355
99996 23541
100000 982
99995 283
100000 76165
99998 04635
99999 072
100000 47634
99996 8246
99997 707
99996 062
99997 93688
99995 1129
99995 2620
99996 13936
99998 8911
99999 138
99998 272
99995 2727
99996 1378
99999 01330
99995 0290
99995 212
99995 29525
99997 816
100000 648
99999 3814
99998 0991
99995 821
99998 22652
99998 5854
99995 9870
99998 2156
99996 006
99995 98020
99995 45958
99997 7279
100000 9363
99995 350
100000 61042
99995 636
99997 9209
99997 401
99996 381
99997 03046
99998 8444
99997 920
99998 5441
100000 933
99999 184
99995 5520
99999 8640
100000 5613
99995 416
100000 0726
99996 515
99999 02553
99998 78552
99995 91476
99997 2069
99997 00993
99999 5163
99996 67689
99997 5935
99995 0769
99995 89151
99996 1038
99999 9717
100000 9269
99998 70052
100000 9641
99998 8321
99999 9054
99999 337
100000 075
99995 39589
99995 49541
99998 12191
100000 07934
100000 579
99997 905
99999 88634
99995 138
100000 696
99995 208
99997 27061
99996 306
99997 92857
99998 09461
99999 816
100000 6939
99995 22591
99995 6258
100000 580
99999 15152
99997 7336
99995 2926
99995 6715
100000 066
99997 735
99997 68505
99998 7434
100000 6904
99998 769
99995 910
99998 68521
100000 702
99997 820
100000 432
99996 44974
99999 1625
99999 91611
99997 9477
99996 20997
99995 77781
99996 3223
99999 874
99999 19268
99997 1828
99998 2192
99995 6847
99998 55816
99996 95727
99998 74230
100000 186
99997 46675
99997 85434
99997 365
99997 0573
99998 9319
99999 0074
99995 1644
99997 99515
100000 38337
99999 416
99997 0523
99999 710
100000 239
99997 456
99998 076
99995 54509
99996 160
99995 89788
99996 79678
99999 3758
99996 574
99998 66297
99999 40694
99996 37886
100000 23074
99996 971
99998 31285
99995 8592
99995 9905
99995 572
100000 90910
99997 490
100000 482
99998 56768
100000 757
99999 05991
100000 347
100000 64000
99995 17517
100000 99715
99996 499
99999 28465
100000 825
100000 79754
99998 3038
99997 7383
99998 404
99999 5580
99997 7913
99997 099
99995 1747
99998 06739
99998 107
99998 8154
99997 019
99997 99541
99996 19658
100000 5051
99997 68998
99997 38759
99996 710
100000 177
99997 948
99996 9175
100000 091
99998 999
99995 26804
99996 0460
99995 254
99997 826
99997 7209
99996 215
99995 393
99995 97946
99997 41550
99996 9373
99998 75920
99995 396
99997 40333
99997 95750
99998 9384
99995 75851
99996 402
100000 0343
99996 459
99996 674
100000 8854
99996 2385
99996 77091
99996 38075
100000 665
99997 2709
100000 1671
99995 38127
99998 9247
99999 67127
99999 880
99997 746
99998 6305
99995 11647
99995 9781
99998 065
99997 288
99995 611
100000 474
100000 0819
99995 9116
99999 454
99996 9791
100000 0775
99995 1046
100000 584
99998 9095
99998 36185
99999 5665
99996 9700
100000 6845
99995 344
99999 73355
99996 6475
99996 5991
100000 279
99997 88384
99998 24840
99998 72284
100000 168
99997 64470
99999 53223
99998 6247
99995 5694
99995 643
100000 535
99995 1479
99995 86972
99999 9624
99999 7023
100000 787
99995 8378
100000 9717
99999 66757
99997 347
99995 921
99995 3490
99996 7108
99998 58434
99997 130
99996 44774
99998 3546
99999 98312
99999 09385
99998 638
99997 4715
99999 41260
100000 999
99998 902
99997 5603
99999 94246
99997 697
100000 0969
100000 836
99999 8300
99998 00923
99999 91445
100000 2165
99998 896
99999 99356
100000 7375
100000 0491
99999 28024
99996 7486
99995 71977
99995 1560
100000 90625
100000 1292
99997 7089
99998 54585
99997 86823
99996 02300
99996 657
99995 43588
99997 3500
99995 6904
99997 984
99998 590
99999 4207
99996 112
99998 19217
99996 14395
99999 5516
99996 2031
99995 253
99996 62873
99996 288
99999 2993
99995 377
99997 3088
99997 231
99999 9662
99997 891
99997 285
99997 79090
99997 17392
99995 40115
99998 64114
99995 7497
99999 99700
100000 057
99996 26299
100000 075
99996 162
99996 40834
99999 973
99998 552
99998 410
100000 558
100000 64626
99996 994
99995 1212
99996 128
99999 748
99995 7395
100000 6550
100000 33033
99996 28971
99996 558
99999 83372
99995 236
100000 6790
99996 286
99996 72426
100000 1623
100000 13063
99997 065
100000 743
99996 805
99996 11650
99997 667
99995 3371
99996 947
99996 58250
100000 66225
99999 39769
99999 27951
99996 37458
99999 16375
99995 6019
99995 65085
99996 41802
99995 9092
100000 90876
99996 47526
99996 28780
99998 803
99997 8814
99996 942
100000 918
99999 9095
99999 207
99999 7882
99999 929
99998 811
99996 92667
99996 7101
100000 734
99999 105
99995 5501
99996 169
100000 289
100000 79106
99995 5129
99999 961
99998 058
99996 12853
99996 754
100000 70063
99995 202
99998 27119
99999 60062
99996 9450
99998 4530
99996 130
99998 59038
99996 43127
99998 832
100000 822
99998 332
100000 080
99997 138
99997 6484
99996 6327
99998 1870
99996 02244
99997 5346
99997 28580
99999 712
100000 2290
99997 817
99995 9774
99995 7561
99998 6940
99998 424
99998 4635
100000 5148
99996 4065
99995 6424
99998 210
99995 07908
99999 3720
99998 36240
99995 457
99995 7259
99997 48392
100000 953
99995 367
99998 4691
99997 68483
99995 108
100000 798
99999 5179
99999 095
99995 688
99995 959
99999 911
99996 938
99999 84919
99998 8617
100000 1219
100000 19466
99995 03489
99997 9997
100000 1444
99998 49398
100000 853
99998 727
99995 564
99999 70201
99998 1830
99997 3014
100000 39589
99995 113
99995 960
99999 809
99998 76944
100000 693
99999 5714
99998 05396
99995 888
99996 2708
100000 19999
100000 6474
99997 964
99996 33019
99997 82341
99995 1702
100000 18433
99999 4317
100000 807
99998 68699
99996 49776
99995 959
99997 06123
99997 729
99997 1295
99999 293
99995 05700
99996 447
99998 534
99997 033
99999 4761
99995 9904
99998 4112
99996 6279
99998 33360
100000 64024
99995 89494
99998 4295
99997 1411
100000 266
99997 727
99998 7863
99996 0828
99999 591
99995 585
100000 33858
100000 815
100000 06490
99997 826
99996 3700
99995 093
99995 704
99998 636
99997 31572
99998 6423
99997 28561
99996 769
99996 37278
99996 1405
99998 17412
99999 247
99996 165
99996 771
99997 53063
99998 46050
99995 21434
99997 961
99998 28564
100000 9757
99996 213
99997 14799
99996 3516
99998 98704
99995 6650
99997 998
100000 26234
100000 36555
99999 06573
99998 99298
99996 0972
100000 4455
99998 2178
99998 1843
100000 882
99997 5519
99996 437
99996 86350
99998 6175
99996 4685
99999 9134
99995 787
100000 32400
99995 5412
99997 02108
99998 0312
99997 2957
100000 02478
99995 6578
99996 5340
99998 124
100000 9102
99999 6175
99997 0773
100000 654
99997 52313
99997 447
99997 558
99998 30873
99995 4293
99998 46559
99998 90106
99999 6998
99997 38702
99996 2273
100000 390
100000 31123
99995 739
99997 51817
99997 010
99998 5341
100000 573
99999 6546
99999 750
99998 82323
99998 207
99995 621
99995 25699
99999 200
99996 88910
99996 2394
99996 985
99995 177
99997 179
100000 168
99997 81252
100000 773
99996 476
99997 927
99997 69129
100000 716
99995 6789
99996 12381
99997 4051
99996 9267
100000 79677
99999 254
100000 68312
99996 617
99998 3499
100000 873
99999 79573
100000 7519
100000 832
99999 54710
99997 1345
99998 52246
99997 609
99999 847
99998 49133
99999 165
99998 142
99996 05562
99999 47865
99999 868
100000 0380
99999 28393
99998 92815
99997 1762
99997 646
99997 94053
99995 7890
100000 292
99998 1596
99996 118
100000 96867
100000 5420
99996 69287
99996 3655
99998 7838
99997 609
99997 54482
99997 2411
99999 5916
99995 737
99997 97332
99997 0302
100000 171
100000 62401
99999 135
99997 23878
99995 4095
99997 013
99997 219
99999 83186
99998 671
99996 174
99995 3145
100000 86948
99995 9772
99995 4219
99996 209
100000 19812
99997 73855
100000 685
99997 9421
99999 4177
99996 22970
100000 185
99996 764
99996 49225
99995 72674
99999 14086
99996 484
99997 621
99997 3071
99995 444
99995 13678
100000 07923
99999 2308
99996 31411
99999 19162
99999 7668
99999 151
100000 902
99998 2665
99995 35377
100000 93571
100000 8138
100000 407
99999 60733
99998 1779
99996 90077
100000 3189
99999 5251
99999 1641
99997 1929
99995 023
99999 09280
99997 62134
99997 1131
99995 282
100000 309
99996 1647
99997 9736
99999 11255
99999 087
99999 78795
99998 473
99996 8420
99995 99219
99997 6558
100000 146
99997 12686
99999 2272
99999 120
99999 525
99998 7529
99995 038
99997 02813
99998 9473
99999 09790
99997 133
99999 6789
99997 9205
100000 432
99999 41935
99999 1509
100000 234
99996 678
99997 58791
99997 83001
99996 45323
100000 7440
100000 0000
99998 7195
99996 9474
99995 9923
99996 795
99996 71199
99999 732
99996 79808
99996 4468
100000 7600
99999 5162
99998 786
99997 6039
99999 84811
99996 680
100000 164
99998 14496
99998 4607
99998 4801
99998 08814
99995 500
99995 205
99996 32776
99995 8736
99999 93136
100000 3344
99996 697
99998 981
99998 51995
99996 508
99999 347
99995 00831
99997 75604
99999 4399
99999 08859
99999 2674
99999 0483
99999 912
99996 413
99999 371
99998 11540
99999 885
99997 59999
99996 820
99999 95979
99995 14054
99999 40691
99997 8610
99996 67043
99999 991
99999 0626
99997 3590
99997 2309
99997 828
99997 6641
99996 9703
99997 153
99997 40847
99997 0629
99996 441
99998 6887
99996 4229
99997 748
99998 689
99995 35858
99995 59313
99995 430
99998 63528
99999 68596
99995 738
99996 70077
100000 5692
100000 14348
99998 5133
99996 9032
100000 02346
99995 4302
99999 40483
99997 84698
99999 893
99998 63305
99999 5864
99998 90408
99999 95405
99995 93979
99997 7744
99997 795
99998 92446
99996 60090
100000 35496
100000 0613
99996 752
99997 5611
99999 5239
99999 85461
99999 12967
99996 9869
99995 7387
99996 7454
99998 903
99996 826
99999 710
99997 610
99995 763
99995 2625
100000 6402
99995 1669
99999 15348
100000 5409
99999 5856
100000 26000
100000 1650
99995 477
99998 0870
100000 1334
99997 0587
99996 474
99997 792
99998 60229
99995 9481
99996 239
99999 20124
100000 28816
99999 8279
99999 0760
99998 2350
100000 97648
100000 67357
100000 8858
99996 387
99995 175
99998 1344
99995 65940
100000 880
100000 59543
99995 15486
100000 6454
99998 9839
100000 173
99995 775
99998 91918
99996 987
99999 00872
99996 671
99995 36467
100000 43220
100000 31978
100000 239
99997 57301
99997 4350
99998 89363
99997 7840
99997 525
99996 29409
99995 309
99999 626
99995 7101
99999 509
99997 52397
99998 23373
99996 840
99996 533
99997 625
99999 96790
99998 387
99996 506
99995 63348
99999 66161
99998 8200
99996 179
99999 2588
99998 4611
99998 998
99997 94847
99995 94302
99999 175
99996 835
99995 690
100000 8767
99996 07148
99998 3720
99999 654
99996 17707
100000 287
99998 669
100000 377
99998 239
99996 1319
99997 4583
99997 92809
99995 91328
100000 07838
99998 257
99999 58890
99998 133
99997 52531
99997 44247
99996 459
99998 8659
99997 480
99996 825
99997 712
99995 6055
100000 9177
99997 0279
99995 814
99999 175
99997 807
99997 2370
100000 676
99999 9144
99995 4688
99995 7587
99997 0240
100000 083
99997 006
99998 475
99998 0360
99999 9369
99997 675
99999 19885
99996 6219
99998 7007
99997 01906
99998 156
99997 994
99997 297
100000 9757
99996 6831
99996 1248
99995 47179
99999 317
99995 65991
99999 67480
99998 86297
100000 946
99999 64286
100000 2699
99999 5765
99995 533
99999 36592
99999 0527
99997 7425
99996 54945
99996 194
100000 770
99996 31885
99995 05241
99995 3617
100000 273
99998 43357
100000 37406
99996 1536
