1000
100000 3007175
99995 30706
99998 98470578
100000 497629
99999 350
99999 0794
99995 5226754
100000 3075198
99995 496365
99997 26151860
99997 378058
100000 086534637
100000 2904
99998 476
99999 18307
99997 29118
99999 0982174
99998 65273
99995 1430985
99996 7506
99998 549
99999 0534817
99998 86595
99998 381558010
99999 622589
100000 47720922
99999 422
99996 077985015
99996 72735
99998 2491718
99997 7447566
99995 37767
99999 9436
99998 013731
99997 834
99998 309859
99999 789
99997 649
99995 82072
99995 8862
99996 72908
99999 158697
100000 785635
99997 253161
100000 346340152
99997 35484
99997 400561
99999 296952477
99999 4377
99996 497053502
99996 385115146
99999 060902841
100000 948727
99997 1819560
99998 94662049
99999 93138879
99997 3229
99997 503701543
99995 1700
99998 76380
99995 582864
99998 576356667
99997 73452609
99999 932782
100000 924194
100000 084964547
99998 83623855
99999 55510370
99996 59286
99997 6360479
100000 88256729
100000 33095346
99998 9694
99998 178491513
99999 24277357
99997 8149233
100000 65738211
99998 307952
99998 517
100000 96387
99998 5487842
99995 867201293
99995 217
100000 47959
99998 16839342
99996 148
99998 818702741
99999 79772755
100000 252
99998 6453176
99999 75539875
99999 02497
99999 014383
99996 8468285
99998 8523319
99995 60252270
99997 047592
99996 24782322
99996 553
99999 07231814
99998 7275936
99998 641449
99998 5827
99998 5433
99995 829500248
100000 6564
100000 3900
99999 951684
99999 832
100000 440618
99998 5360
99999 8550
99995 424554652
99998 1938
99998 862717526
99999 255150315
99995 7714
99998 955
99996 60143
100000 637796
100000 126
99995 232
99998 813
99996 903492
99999 47241212
99998 414
100000 89435
99999 3978
99995 2657326
99995 7745834
99997 2020480
99997 51184
99999 33627
100000 81801
99999 970270153
99998 7945781
100000 1733333
99998 54473
99999 659
100000 645697
100000 934093
100000 637
99995 173
99999 4613
100000 47536
99996 983
99999 506
99998 679
99996 4346082
99997 839248048
99997 31022
99995 498440
99996 904959466
99997 00277
99999 648
99997 66117784
99998 282528
99996 296576
100000 022
99997 9398
99997 5417451
99996 1729136
99997 652124
99999 08716184
99996 4142785
99996 9890
99995 66558523
99997 6381
100000 1021973
99999 0237
99996 3684
99998 4093
99996 0423
99997 69068
100000 5947
99996 5666
99995 4724
100000 90913743
99996 821471
99997 492012
99997 5832345
99998 800640914
100000 65736050
99998 18629
99999 015758849
99996 4157025
99995 202459
99996 8718
99995 2887510
99997 0363
99995 38435
99997 9492
99996 970
99995 8679365
99998 442580144
99996 85177458
99999 33415
99998 265184872
99995 5277
99998 668231
99996 85968852
99996 7079301
99999 109
100000 786299
99997 9957301
99997 035
99996 54355900
99998 442416925
100000 248670070
99999 92196776
99997 54896
99999 15262160
99997 551
100000 862760
100000 684695
99999 3242
99995 72671814
99998 757
99999 216
99998 0938659
99996 497
99999 9634308
99999 76247
99999 7042278
100000 872
99998 1637
99997 25851615
99997 66372291
99997 9271
100000 350685
99995 2363747
99996 9610
100000 623579074
99995 9107
99997 74536217
99997 04574409
99995 329
99995 77461
99996 1486311
99996 38432442
99995 282716002
99997 538063413
99998 7987965
99996 8393754
99996 645687
99996 651216117
99997 95963
100000 9558726
99995 319393663
99998 58728
99998 8339
99995 02827
99997 9632152
99996 492
99998 35763
99998 607
99995 788719037
99995 254411
99999 62867
99998 0963869
99995 841129266
99995 68728126
99998 4254179
99999 131568
99998 3922
100000 76407558
99997 1746226
100000 191
100000 0295214
99998 301971
100000 254098
99998 059607326
99999 6926988
99998 7562584
99996 92466386
99997 1052533
99996 12248
99996 7868256
100000 6074
99997 969
100000 625415
99997 9241
99998 17026
99995 238
99998 414
100000 440683990
99996 11908161
100000 3069955
99999 005
99998 7093955
100000 9368
99995 137
99999 04622614
99997 10720
99998 261
99998 1915015
99995 275
100000 946
99999 8286634
99998 104287
99995 538572789
99998 351
100000 51548150
99999 521
100000 6914
100000 5612403
100000 66365212
99999 704290349
99997 2917
99999 098935100
99997 39459332
99996 524606023
99997 091309925
99995 796406540
100000 166019375
100000 971
99995 521837
99998 61196123
99998 794059
100000 5004144
100000 82333508
100000 223
99997 370
100000 9524462
99995 813
99999 459118
99996 030
100000 2516706
100000 448233
99996 8904954
100000 771
99998 930049261
99996 73757388
99999 256324
99999 956956416
99999 642339217
99995 4568
99997 127720630
99997 10542
99999 444145
99999 43373
99995 134884
100000 05753
99997 46583149
99998 961
99997 119
99999 81156
99999 264335844
99996 47557549
99996 44970877
99995 3885051
99998 5729
99997 72914
99995 119844
99999 849416
99996 01463456
99998 147
99998 431603
99996 1857987
99997 381593
99999 97384001
99997 83467824
99998 163
99998 188810497
99999 4872
99996 133
100000 86618438
99997 904
99999 265101
99999 519
99997 5428856
99995 92524
99995 127577
99995 97329
99995 24938728
99995 8810
99995 867
99996 3483635
100000 89962
99995 3762
99998 3073
99995 7725
100000 299047536
99995 379847
99998 72435
100000 964367
99998 73808605
99995 7438
99997 1602
99999 56950522
99998 87361
99995 48483
99998 1295137
100000 94201
99997 21484427
99996 1237
99997 487495738
99997 59301866
99999 354080408
99997 467310
99999 4650456
99999 122594
99999 7595
99995 169389
99998 8790
99998 409
100000 93480
99998 36166
99997 00592984
100000 78842889
99997 7017044
99995 5878566
99998 9956924
99995 513
99995 402268
99999 25620
99997 8775121
99999 401483
99997 67376097
99997 660677785
99996 704627181
99996 0201496
99999 78785812
99996 3418
99999 603376607
99998 974
99998 19024
99995 195766450
99999 8067060
99995 112416
99999 331665066
99997 1663095
99999 841911634
99997 20246947
99998 701496262
99999 013605754
99995 75704502
99997 201493571
99995 6644
99999 1527683
99995 121938
99995 1378340
99997 789
99995 163511143
99996 531
100000 71181
100000 130193842
99998 374
99995 074
99997 115739
100000 115943
99997 13060
100000 01618
99999 46255293
100000 7576
100000 815
99995 7403
99999 351554
99995 919
99998 261401372
100000 5291670
99999 97941738
99997 084013797
99995 40685
99997 576920
99997 92655013
99997 453010
99999 5271
99997 212929221
99999 829
99997 96894269
99995 71585
99996 99009879
99997 59451
100000 256
99996 665
100000 770
99997 297908670
99995 31602
99995 8729
99995 96539336
99997 954811
99997 73533
100000 66402
99996 71671677
99998 92260198
99998 902882343
99997 130
99998 4541
99996 691
99995 13011033
100000 44149
99998 93819
99997 5525734
100000 524405962
99999 5256
99998 751038
99997 48685
99998 4373730
99996 7371
99996 832169970
99999 76391644
99999 93506
100000 6961213
99995 349101981
99996 61091573
99999 97454
99997 1792
100000 3019440
99997 620172
99997 529845
100000 60852985
99995 4908
99995 41455892
99999 300961
99995 26053738
99996 4059869
100000 22766100
99998 710042074
99997 9221330
100000 79054
99996 974717040
100000 4591622
99999 32762466
99996 5891
99995 589396066
99998 1609
99998 851
99996 35283428
99997 54234071
99995 21476946
99999 9454
100000 92821
99999 1836517
100000 619577
99995 96291658
100000 403080
99999 823235
99995 166059
99996 390
99996 5144
100000 04548
99996 8116
99995 87273783
99997 7161130
99998 5856987
99997 248310380
99996 07148
99995 50463847
99996 3952
99997 075361773
99999 71358824
100000 277720072
99995 010625616
99999 05752644
99998 029330376
99997 586793
100000 6135588
99996 2326
100000 58897
99995 4432685
99996 797967
100000 792
99998 718587664
99998 088
100000 91160475
100000 179138252
100000 06926895
99999 32644687
100000 3082
100000 99809227
100000 288342
99999 509505399
99997 319024008
99995 436942
99997 07036
99997 6747
99999 8277658
100000 15669
99998 463
99998 90232230
99999 91696974
99995 87104
99999 42637
100000 52350124
99996 17493
99997 52568
100000 51503677
99995 4897
100000 034037207
99995 5416725
99998 215324240
99998 03064
99996 937007
100000 666
99997 500781
100000 576967072
99998 63917
99996 989411331
100000 556
99999 205477880
99996 10508666
99997 504737606
99998 762065
99995 87744019
99999 56693119
100000 1783829
99998 66806
99996 55411509
99998 90397307
99997 26289
99997 433087
99996 2833085
99997 32709
99996 0344453
99997 26217273
99998 09584607
99995 894
99998 18534170
99996 32847008
99997 663422
99995 1889
99997 034785
99999 0081
99999 05857
99998 08496
100000 186665
100000 9599571
99996 299
99995 2979740
99995 8509753
100000 204678381
100000 579
99995 153059
100000 575153
100000 718
99996 496212641
99996 9670
99999 27786915
99997 6797
99995 9620380
99996 565642
100000 79236
99998 457
99999 04370
99996 52816
99995 966
100000 08437
99997 21516
99997 19820432
99999 30883
99998 61955211
99997 6601
99997 312637670
100000 7821
99998 95235611
99999 695
100000 05252405
100000 9980985
99997 3264353
99995 367734
99999 93648
99998 043
99997 732
99996 1500129
99998 530890
99999 612307
99999 4082055
100000 2352373
99998 355343
100000 34522771
99999 934774826
99998 0704455
100000 7617980
99997 046152623
99995 215582322
99997 180998
99997 63611749
99997 325819
99996 90909087
99999 669772
99999 4375
99998 69096544
100000 53555136
99995 480361
99999 09949
99997 39843691
99999 7747
99999 561825347
100000 31605536
99995 572650
100000 0241
99999 99596
99996 625559
99996 5054
99998 9577930
99999 405319655
100000 3645
100000 4034385
99997 525177
99999 7817765
99997 2704
99999 069804322
99995 6449540
99996 172386
99998 98903
99995 512941
99997 7358500
99997 0370787
99997 710
99999 3009
100000 506426
99997 576906
99997 1771160
100000 9727258
99995 250182508
100000 601761008
99997 6194
100000 7849
100000 04727
99995 249
99998 005
99995 713
100000 00549
99997 421713
99996 30268
99996 6789
99996 88853
99995 56643
99996 61264
99999 3835
99996 137134831
99997 3463052
100000 496371
99997 680880114
99996 9146
99997 295223891
100000 482236565
99998 40806
99998 17119
99999 8742
99995 320556
99995 7511358
99995 7344435
99997 71738
100000 0545
100000 546
99997 8632
99999 569
99997 7301576
99999 583
99996 16757
99996 7112
99998 4290339
100000 645
99998 08789499
99999 7991
99997 502425
99996 382974
99998 59119720
99999 68875379
100000 5163980
99995 80394362
99996 703
99997 3535918
99998 4461
99995 003171393
99998 5609
99995 55405
99995 76536557
99998 6169233
99996 572291
99997 176
99995 1432
99995 299832
99995 832
99997 619095451
99996 27662607
99996 7560
99999 26928578
100000 810847
99998 6154628
100000 736
99996 0069
99995 7751
99995 5640483
99996 84803
99999 899
99997 45248
99998 776247
99999 5862522
99999 397116
99996 1362666
99995 965059034
100000 58801459
99995 18917
99999 764060287
99995 055
99998 96028643
99996 40401
100000 6265
99999 9343
99997 475127613
99997 05688757
100000 808
99996 87983349
99995 25736448
99996 070111
99998 96716355
99995 07254
99998 519400
99995 91457
99999 251159361
99997 395164665
99995 49956
99997 9907
99999 557470
100000 72174123
99996 0831479
99999 224
99997 867
99999 6284539
99996 42292662
99997 0360735
100000 5485863
99997 37874
99995 02884842
100000 876
100000 896078719
99998 122273588
99997 677128
99997 219492
99995 7840
99995 37335
99995 850449
99999 430529942
99996 1407873
99999 178645
99998 9071
99998 83771
99995 325657
99995 5918
99995 97426
100000 874066
99995 018
99995 2375443
99998 0626
99997 1851
99999 654191
99997 98095
100000 48067
99996 48378383
100000 022752391
99998 888922
100000 265152833
99995 5095368
99996 0440990
99995 536
100000 38024377
99998 7619
99997 8401
99997 6048
99998 775
100000 5492
99999 92663
99996 619105787
99999 672498744
99998 93354026
99995 883636
99995 848112590
100000 470776208
99996 864410454
99999 215908408
99998 934438329
99997 1659504
99998 108471
99998 1658591
99999 4101
99997 22253875
99996 771139
99998 83481358
99996 9813
99997 6082291
100000 083
100000 948491
99999 6833
99995 785569919
100000 5251765
100000 202360
99997 483128
100000 60114310
99995 660143715
100000 842872852
99998 0588
99997 53317
99997 2020
99996 0090224
99998 54201
99996 1550
99999 344104695
99995 3105154
99998 424119
99998 94932213
99999 68284081
99995 873
99995 9775669
99997 5002
99998 7897
99995 97553
99998 716
99997 2414
99998 0338
99995 2197
99996 847297
99999 3289627
99999 30887503
99997 264530923
99999 356861
99998 619216845
99997 14530116
99997 79465227
99999 9392834
99995 686
99996 51174433
99996 9759
100000 101237552
99995 457354
99997 46646
99998 1139
99998 7979274
99997 426458
99998 207
99999 6413566
100000 74559
99996 42486
99996 6820
99995 6390467
99999 0477047
99999 973052
99998 59658171
99996 1892286
99996 231
100000 1591
99998 6882545
99995 89212
100000 98340
99996 197061737
99998 3571
99995 15396
100000 1163
99996 97226650
99997 336149
99999 457327
100000 19358701
99996 98729276
99995 9840574
100000 6886644
99996 7362518
99996 994928251
99995 578793908
99998 21474639
99995 724
99999 104215
99995 62994110
99996 245224581
99996 15995334
100000 085
99997 71790
99998 976616
99998 0252
99998 70222364
99999 3878129
99997 182948
99998 36879
99995 67894
99999 031414909
100000 068511
99995 312
100000 48735
99999 54062575
99999 863660237
100000 8264
99996 1672249
99998 605
99998 62430
99997 3873047
99997 300661
99996 6316
100000 025
99997 58172501
99995 8452
100000 130892160
100000 80549631
99995 516652
99998 736316
99996 684868
100000 2856128
99996 07019767
100000 355479
100000 4080
