70 70
26 63 3 61 57 55 12 0 65 2 10 60 23 38 41 69 16 35 64 67 58 43 28 18 15 48 27 19 11 32 46 36 5 37 21 45 42 13 29 66 33 52 20 17 22 8 24 68 47 54 30 51 49 7 6 53 44 4 62 25 56 59 9 50 31 40 39 1 14 34
0 0 0 0 0 0 0 0 0 0 0 0 0 0 0 46 0 0 0 49 28 0 0 0 0 0 0 0 0 0 0 0 0 0 0 0 36 0 0 0 0 0 0 11 0 0 0 0 31 37 0 0 0 0 0 0 0 0 0 20 0 0 0 0 0 0 0 0 25 0
0 0 0 0 0 0 0 0 0 18 0 0 0 0 0 0 0 0 0 0 0 0 0 0 0 0 16 0 0 0 0 0 0 0 0 0 0 0 0 0 0 0 0 3 0 29 0 0 0 9 0 0 0 0 0 0 1 0 1 49 3 0 38 0 0 0 0 0 0 0
0 11 0 0 0 0 0 37 0 0 0 0 0 0 0 0 0 0 28 0 17 0 0 0 0 37 0 0 0 0 0 0 0 0 0 0 0 0 0 0 0 44 0 0 0 0 0 0 0 0 0 0 0 0 0 0 0 0 0 0 0 0 0 0 24 0 0 0 0 0
0 0 0 28 17 0 0 0 0 0 0 0 0 0 0 0 0 0 0 0 0 0 0 0 0 0 0 0 0 0 0 0 0 0 0 0 10 0 0 21 0 0 0 0 0 0 0 0 0 0 0 0 24 0 0 20 0 13 0 0 0 0 4 0 0 0 0 0 1 0
0 0 0 0 0 0 0 0 0 0 30 0 0 0 0 0 0 0 10 0 0 2 0 0 0 0 0 31 0 0 0 0 0 0 0 0 41 0 40 0 0 0 0 0 0 0 0 31 0 0 0 0 3 0 0 0 0 0 0 0 0 0 0 0 0 5 0 0 0 21
0 0 0 0 0 0 24 0 47 0 0 0 7 0 0 0 0 19 0 0 0 0 0 0 0 0 0 0 0 0 0 0 0 0 0 0 0 1 40 0 0 0 27 33 45 0 47 0 10 0 0 0 0 0 0 0 0 0 0 8 0 0 0 0 0 0 0 0 22 0
5 0 0 0 0 13 0 3 29 0 5 0 0 0 0 0 0 0 0 0 0 0 0 0 0 0 0 0 0 0 0 19 0 0 0 0 0 0 48 0 13 20 0 0 0 0 0 0 0 0 0 24 0 0 0 30 0 0 0 45 0 0 18 0 0 0 0 0 0 22
0 28 0 0 15 0 30 50 0 0 0 0 0 0 0 0 0 0 0 0 0 50 0 0 0 0 0 0 0 0 0 0 0 0 0 0 0 0 0 0 0 0 0 0 0 0 0 0 0 0 1 12 0 0 11 0 0 47 0 0 0 0 0 0 0 0 0 15 0 0
0 0 0 4 0 0 22 0 0 0 0 0 0 0 0 0 10 0 0 0 0 0 0 0 0 12 0 0 0 33 0 0 0 0 0 0 26 0 0 0 0 0 0 0 0 5 0 0 0 0 0 0 0 0 0 0 0 0 0 0 0 0 0 0 0 0 0 0 0 0
0 0 16 26 0 0 0 0 0 14 0 0 0 0 0 0 0 0 0 0 0 0 0 0 0 0 0 0 6 0 0 36 0 0 30 0 0 0 0 0 0 0 4 0 0 0 0 0 0 0 0 0 0 0 0 0 0 0 0 0 0 0 0 0 0 0 0 0 0 0
0 0 0 0 0 0 0 0 0 0 0 0 0 0 33 0 0 0 0 1 0 0 0 0 0 8 0 0 0 0 0 0 42 0 0 0 0 7 0 0 0 0 0 0 0 0 0 0 0 0 0 17 0 0 1 0 0 0 22 0 0 0 34 0 0 0 0 0 0 0
0 22 0 45 0 0 0 0 0 0 0 0 0 35 0 0 0 0 0 0 0 0 0 0 0 0 0 48 0 0 18 0 0 0 0 0 0 0 28 0 0 0 0 0 0 0 0 0 0 0 0 0 0 0 0 0 0 0 0 0 0 0 0 0 0 1 0 0 0 0
0 0 0 21 36 0 0 0 19 0 0 0 23 0 0 0 10 28 0 0 0 0 0 37 0 0 0 4 0 0 0 0 0 0 0 0 0 0 0 0 32 0 0 35 49 0 0 0 0 0 0 0 0 0 0 0 0 0 0 0 48 0 24 0 37 0 0 0 0 0
0 0 0 0 0 0 22 0 0 0 0 0 0 0 0 0 0 0 0 0 0 0 0 0 0 0 0 7 0 0 0 0 0 0 0 0 0 0 0 0 0 0 6 0 0 30 0 0 0 0 0 0 0 0 0 0 0 0 0 0 0 0 0 24 0 0 0 0 0 0
0 3 0 0 0 0 0 0 0 0 0 0 0 0 3 0 0 0 24 0 0 0 0 0 0 0 0 0 21 0 0 0 0 0 0 0 0 0 0 0 0 33 0 0 0 48 0 0 0 0 33 0 0 0 0 0 0 0 0 0 0 0 0 0 25 0 0 0 0 0
0 0 0 0 0 5 44 0 0 0 0 0 0 0 0 0 0 0 0 0 0 11 0 0 0 39 0 0 0 45 0 20 0 2 0 15 0 0 0 0 0 0 0 4 33 8 0 0 0 0 0 0 0 0 0 0 0 0 0 0 0 10 0 47 0 0 0 0 0 0
50 0 0 0 0 0 0 0 0 0 0 0 0 0 0 0 0 0 0 0 0 0 0 0 29 0 0 0 0 32 0 0 0 0 36 0 0 0 0 0 0 0 0 0 0 0 0 0 0 0 0 0 0 0 0 42 0 35 0 10 0 0 0 0 0 8 0 0 0 0
0 0 0 0 0 0 0 0 41 0 0 0 0 0 0 0 0 0 0 0 0 0 0 0 0 0 16 0 0 33 0 0 0 0 0 0 36 0 0 14 0 0 0 0 6 0 0 21 0 0 0 42 0 0 0 0 0 0 0 32 0 0 0 0 0 0 0 0 0 0
0 1 0 0 0 0 0 0 0 0 0 0 0 0 0 0 0 0 0 0 0 19 44 0 0 18 0 0 0 0 0 0 0 0 0 0 0 0 0 0 0 0 8 0 0 0 0 0 31 0 0 0 0 0 0 0 0 0 0 0 0 2 0 0 0 0 0 0 0 0
0 0 37 9 0 0 0 0 0 0 0 0 0 40 0 0 0 0 0 0 0 0 0 0 0 0 0 0 0 0 0 0 0 0 0 0 0 0 11 0 0 47 0 0 0 0 0 0 0 0 0 0 0 0 0 0 0 49 0 0 0 0 0 20 0 0 0 17 0 0
0 0 0 0 6 1 0 0 0 3 0 0 0 0 0 0 0 0 0 0 0 0 0 0 0 0 1 0 0 0 0 12 0 0 0 0 0 0 0 26 0 0 37 0 0 0 0 0 47 0 0 0 0 0 0 0 0 33 0 0 0 0 0 0 33 0 0 0 0 0
0 0 27 48 0 0 8 0 0 0 0 0 19 0 0 0 0 0 0 0 1 0 0 0 0 0 0 0 0 0 50 0 0 0 10 29 0 2 0 44 0 0 0 0 0 23 0 0 0 0 0 0 0 0 19 0 0 0 0 0 0 0 0 0 0 0 0 0 0 0
0 29 0 0 0 0 0 0 0 40 0 0 0 0 0 0 0 0 0 0 0 0 0 12 0 0 0 0 0 39 0 0 0 0 0 6 31 0 15 7 0 19 0 0 0 0 0 0 0 0 0 0 0 0 0 0 0 0 0 0 0 0 0 0 22 0 0 0 0 0
0 0 0 0 0 0 0 0 0 0 0 0 0 0 0 0 0 27 0 0 26 0 0 0 24 0 0 0 0 0 5 0 0 0 0 0 0 0 0 0 0 44 0 0 0 0 0 0 0 0 0 0 0 6 0 0 36 0 0 0 0 0 0 0 0 0 0 0 0 0
9 0 0 0 0 0 0 0 0 0 0 0 0 0 0 0 0 0 0 0 0 0 0 0 30 0 0 0 0 0 0 31 0 0 44 0 0 0 50 41 0 0 0 0 0 0 0 0 0 0 0 0 0 36 0 0 0 0 0 4 0 39 0 36 0 0 0 0 0 0
0 0 0 0 0 0 0 0 0 0 0 0 0 26 0 16 41 0 0 0 0 0 0 0 0 0 0 0 0 0 0 0 0 0 44 27 0 0 0 0 10 0 0 0 0 2 0 0 0 0 0 0 0 0 24 37 0 0 0 0 0 0 0 0 0 0 0 0 0 0
0 0 0 0 0 0 27 0 0 13 0 0 0 0 21 0 0 0 0 0 0 0 0 0 0 0 0 0 0 0 0 0 0 0 12 0 0 0 0 42 0 0 0 0 34 0 0 9 0 0 0 0 0 0 0 0 0 0 0 0 0 0 0 0 0 0 0 0 0 0
0 0 0 0 37 0 0 0 0 0 0 0 0 0 0 0 0 0 0 0 0 0 0 0 0 0 0 0 0 0 0 0 0 0 0 0 0 0 0 0 0 0 0 0 0 0 0 0 0 0 33 0 0 21 0 0 0 47 0 0 0 0 0 0 0 0 28 0 0 0
0 0 0 0 0 0 0 0 0 0 0 0 0 4 0 0 39 0 0 0 0 23 0 0 0 37 8 0 0 0 0 0 0 13 0 0 41 0 0 0 0 42 0 0 0 0 0 0 0 0 0 0 7 0 17 0 0 0 0 0 0 26 0 0 0 0 0 0 0 0
0 3 0 0 0 0 0 0 0 0 0 44 0 0 0 0 0 0 0 0 0 0 0 9 0 0 0 0 0 0 0 48 0 0 0 5 0 0 0 15 0 0 0 38 0 0 0 0 0 0 0 0 0 0 0 0 0 0 0 0 0 0 0 0 0 0 0 0 0 0
0 0 0 0 0 12 40 0 0 0 0 0 0 0 0 0 0 24 0 19 0 0 0 0 0 6 0 0 0 0 0 0 45 0 0 0 0 0 0 0 0 0 0 0 0 0 0 0 0 0 0 0 0 0 0 0 0 0 28 13 0 0 0 0 0 0 0 6 0 0
0 0 0 0 0 0 0 0 0 43 0 0 0 0 0 0 48 0 0 0 0 0 0 0 0 5 0 0 0 0 0 23 0 18 0 0 0 0 0 0 0 0 0 0 0 0 0 0 21 0 0 0 0 0 0 0 34 0 0 40 3 39 0 0 47 0 0 0 0 0
0 0 0 0 0 0 11 0 0 0 0 0 0 0 0 0 0 0 0 0 0 33 0 0 45 0 0 0 0 0 0 0 0 0 0 0 43 0 0 0 9 0 0 0 0 0 47 0 0 0 0 0 0 0 0 0 5 25 0 0 0 0 0 0 0 0 0 0 0 49
25 0 1 0 0 0 0 0 47 0 0 0 0 0 0 0 0 0 0 0 0 0 0 0 0 0 11 0 0 0 0 0 0 0 42 50 0 0 0 0 0 0 0 49 0 0 46 0 0 0 0 0 0 0 0 0 40 0 0 0 0 39 0 0 0 0 0 0 0 0
0 0 0 0 27 9 0 0 0 0 0 0 0 0 0 0 41 0 21 0 0 0 0 14 0 0 0 10 0 0 0 0 12 0 0 0 0 0 0 40 0 0 0 0 0 0 0 17 0 0 0 0 0 0 0 0 0 0 0 0 0 0 0 0 0 13 0 0 0 0
0 0 0 0 0 0 0 34 49 34 0 0 28 0 0 0 12 0 0 20 0 0 2 0 0 0 0 0 0 0 0 0 0 0 0 0 0 0 0 0 0 0 0 0 48 0 0 0 0 0 0 0 0 0 0 32 0 0 0 0 0 0 0 0 0 0 0 0 0 0
0 0 0 0 0 0 0 0 0 0 0 0 0 0 0 0 0 0 0 20 0 41 0 0 0 0 0 0 0 0 0 4 0 13 0 0 0 0 0 32 0 0 0 29 0 0 0 0 0 0 0 0 0 0 0 5 0 0 0 0 0 0 0 0 0 0 0 7 0 0
0 0 0 0 0 0 0 0 0 0 0 0 0 0 0 0 0 19 30 0 0 0 0 0 0 0 0 0 0 0 0 0 0 46 0 0 0 0 0 0 45 0 0 0 0 0 0 0 0 0 0 0 0 20 19 0 0 0 0 0 0 0 0 0 0 0 0 0 0 0
0 0 44 0 0 0 0 0 0 0 23 0 0 0 0 0 0 0 0 0 0 18 0 0 0 0 0 0 0 42 0 0 0 0 0 0 0 0 0 0 0 0 0 0 0 6 0 0 0 0 0 0 0 0 0 0 0 0 0 0 0 0 0 0 24 0 0 0 42 0
16 0 0 0 0 0 0 0 0 0 0 0 20 0 0 0 0 0 0 0 0 0 0 0 0 0 0 0 0 6 0 0 0 0 15 0 22 41 0 0 43 0 0 0 0 0 0 0 0 0 31 0 0 37 0 0 0 17 0 0 0 0 0 0 10 43 0 26 0 0
0 0 0 0 0 0 0 0 0 0 0 0 46 0 0 0 15 0 0 0 0 0 0 0 0 0 0 0 0 8 0 0 0 0 0 0 23 0 41 35 0 0 26 0 0 0 0 0 0 0 0 0 32 0 49 0 0 0 0 0 0 0 0 47 0 0 0 0 0 0
0 0 0 0 0 0 0 0 0 10 30 0 0 0 0 0 37 0 0 0 0 0 8 41 5 0 0 42 0 0 0 0 0 32 0 0 0 0 0 16 0 0 0 0 0 0 0 0 31 0 0 0 0 0 0 0 0 0 0 0 0 0 0 0 0 13 0 0 7 0
0 0 0 28 0 18 0 0 0 2 0 0 0 0 0 0 0 36 0 0 0 31 0 0 0 0 11 0 0 0 0 0 0 0 0 0 0 0 0 0 0 0 0 0 0 0 0 0 0 0 0 0 0 0 0 0 0 0 0 0 0 0 0 0 0 0 0 0 41 0
0 0 0 0 0 0 0 0 0 0 0 0 0 0 15 0 0 0 0 0 0 0 0 13 0 0 0 15 0 0 0 0 0 0 0 0 38 23 0 0 0 0 0 0 0 0 0 0 0 20 0 0 0 0 0 0 0 29 0 0 0 0 29 0 0 0 48 0 0 0
0 0 0 0 0 0 0 0 0 0 0 30 0 0 0 47 0 0 0 0 0 0 0 0 0 0 0 5 0 0 0 0 0 0 0 0 0 0 0 0 46 0 0 0 26 0 0 0 0 0 4 0 0 0 0 0 0 0 0 0 0 0 0 0 0 0 0 0 0 0
0 0 0 0 11 0 0 0 0 0 0 0 0 0 50 0 0 39 0 0 20 0 0 0 0 0 0 0 0 0 46 0 0 0 0 0 0 35 46 0 0 0 0 0 0 0 3 0 0 0 0 0 0 0 0 0 0 0 0 20 0 0 0 0 0 0 0 0 20 0
0 0 0 16 0 0 0 0 0 0 0 3 0 0 0 0 0 0 0 0 0 0 0 0 0 19 0 0 0 0 14 19 0 35 0 0 0 0 0 0 30 0 0 0 0 0 0 0 0 0 21 0 0 0 0 0 18 0 0 0 0 0 0 0 0 0 0 0 0 0
0 0 0 0 0 0 0 10 0 0 0 0 0 28 0 0 0 0 0 0 0 0 0 0 0 0 0 0 0 0 0 0 0 0 0 0 0 0 17 0 0 0 0 0 37 0 0 0 0 0 0 0 0 31 7 0 0 0 0 0 0 0 0 13 0 0 0 0 0 0
0 0 0 0 0 0 0 0 0 20 0 0 0 1 0 0 0 0 0 40 0 42 0 0 0 0 0 0 19 0 0 0 0 0 0 0 0 0 0 0 0 0 0 0 0 0 0 0 0 0 0 0 0 0 0 0 0 0 0 0 0 0 13 0 0 0 0 0 42 0
0 0 0 0 0 0 0 0 0 0 0 9 10 0 37 0 0 0 0 0 0 0 0 0 18 0 0 19 0 0 42 0 0 0 0 0 0 2 0 0 0 0 0 0 0 0 0 0 0 0 0 49 0 0 0 0 0 0 0 50 0 0 0 0 0 0 27 0 0 0
0 0 45 0 0 0 0 0 0 0 0 0 0 0 0 46 50 0 0 0 0 0 0 0 29 0 0 0 38 0 0 0 0 0 0 0 0 4 0 8 0 0 0 0 0 0 0 0 0 0 0 0 0 0 0 0 0 0 42 0 0 25 0 0 0 0 0 0 10 0
47 0 15 0 19 0 0 0 30 0 0 0 0 0 0 0 0 0 0 0 43 0 0 46 0 0 0 0 0 0 0 0 30 0 0 0 24 0 0 0 0 30 0 0 0 0 0 0 0 0 0 0 0 0 0 0 0 0 0 0 0 0 0 0 0 0 0 0 0 0
0 0 0 0 0 0 0 0 42 0 0 0 0 0 2 0 0 0 0 0 0 0 0 0 0 0 0 0 18 0 0 34 0 0 0 0 0 0 0 0 0 43 0 0 0 0 0 0 0 0 0 39 0 0 0 0 0 0 0 0 0 0 0 0 0 0 0 0 47 0
0 0 0 0 0 0 0 0 36 0 0 0 0 0 0 0 0 0 0 0 0 0 0 0 0 0 0 0 0 0 0 30 32 0 0 0 0 0 0 0 0 0 0 0 40 0 0 0 0 36 0 0 0 0 0 0 0 17 0 0 0 36 0 0 0 0 0 0 0 0
0 0 0 32 0 0 0 0 0 0 0 0 0 13 0 0 0 23 0 12 0 42 0 0 0 0 0 0 0 0 36 0 0 0 0 0 0 0 0 0 0 0 40 0 0 0 0 0 31 0 3 0 0 0 0 0 0 0 0 0 0 0 0 0 0 0 48 0 0 0
0 0 0 0 7 0 0 0 0 0 0 5 0 0 0 0 0 32 0 0 0 0 0 11 0 39 0 0 0 0 0 0 0 0 0 0 0 0 16 0 21 0 0 39 0 0 0 0 0 37 38 0 0 0 19 0 0 0 0 0 0 0 0 0 0 0 0 0 0 0
0 49 0 0 0 0 0 0 0 0 0 0 21 0 0 0 0 0 0 0 0 0 0 0 0 0 0 0 0 0 0 0 0 0 0 47 0 0 0 0 0 0 0 47 0 0 16 0 0 0 0 0 0 44 0 0 0 0 0 0 0 0 0 41 0 0 0 0 6 0
0 0 0 0 0 0 39 0 0 0 0 0 0 0 0 0 0 17 0 0 0 0 0 0 0 17 0 0 0 0 0 0 0 0 0 26 0 14 16 0 48 9 0 0 0 0 0 0 29 0 0 0 38 0 0 0 0 0 0 0 0 0 0 0 0 24 0 0 0 0
0 0 0 10 0 50 0 0 0 0 0 0 0 0 0 0 0 0 0 0 0 0 0 35 0 0 0 0 35 0 0 0 0 0 0 0 0 0 0 0 7 0 0 0 14 11 0 0 0 0 0 33 0 0 21 0 0 0 0 0 0 0 0 0 0 0 0 0 0 0
0 15 0 16 0 0 0 0 0 0 0 0 0 0 0 0 0 0 0 0 0 0 0 0 0 0 0 0 0 0 43 0 0 0 0 0 0 0 0 0 0 0 0 0 0 0 40 0 0 26 0 0 9 0 0 0 8 0 0 48 0 29 0 0 0 0 37 0 0 0
0 0 0 0 0 0 17 0 0 0 49 32 0 0 0 0 0 0 0 0 0 0 6 0 0 0 0 41 4 0 0 0 0 0 0 41 0 0 0 0 0 0 0 0 0 0 0 0 0 0 0 0 0 0 0 0 0 0 0 0 0 0 0 0 0 0 0 0 0 0
0 0 41 0 0 0 0 0 0 0 20 0 0 0 0 0 0 0 45 0 0 0 0 43 0 0 2 0 0 0 0 17 0 0 0 0 47 0 0 0 0 0 21 0 4 0 0 0 0 24 0 0 0 0 0 0 45 0 0 0 0 0 0 0 0 0 0 0 0 0
0 0 0 44 45 0 0 0 0 44 0 0 0 8 0 0 0 0 47 0 0 0 0 0 0 0 0 0 0 0 0 0 0 0 21 0 0 0 0 0 0 0 0 0 0 0 0 37 0 0 0 0 0 0 0 0 0 0 0 0 0 0 0 0 0 0 0 0 0 0
0 0 0 0 0 0 0 0 0 0 0 0 0 0 0 0 0 0 0 0 0 0 0 22 0 18 0 0 0 0 0 2 0 0 0 0 13 0 0 0 0 0 0 39 0 0 0 0 0 0 0 0 0 0 0 0 0 0 49 32 0 0 0 0 0 0 0 33 0 0
50 0 0 17 0 17 0 0 0 0 31 0 0 0 0 0 0 0 0 0 49 0 0 0 0 0 0 0 0 0 0 0 24 0 0 0 0 15 0 0 0 0 0 0 0 0 0 0 0 0 0 0 0 0 0 0 0 0 0 13 9 0 0 0 0 0 0 0 0 0
0 0 0 0 0 0 10 0 0 0 0 0 34 0 0 0 0 0 0 26 0 0 0 45 0 5 0 0 0 0 0 0 0 46 0 0 39 0 40 0 0 0 32 0 48 0 0 0 0 25 0 0 0 0 0 0 0 41 0 38 0 0 0 0 0 0 0 0 0 0
0 0 0 0 26 0 0 0 0 0 0 0 0 0 0 0 0 0 0 0 0 0 0 0 0 0 0 0 0 0 0 0 0 0 11 0 0 0 0 0 0 0 0 0 0 0 21 10 0 0 0 0 0 0 0 0 34 0 0 0 0 0 0 0 0 25 16 0 0 18
0 0 1 0 25 0 20 0 0 0 0 0 0 0 0 0 0 33 18 0 0 0 0 0 0 0 0 0 25 0 0 0 0 0 0 0 0 0 0 0 5 0 0 0 0 0 0 0 0 0 0 0 0 0 25 0 0 0 0 0 0 0 0 0 29 0 0 0 0 0
0 50 0 0 0 0 0 0 0 0 0 0 0 40 0 0 0 0 0 0 0 0 0 28 47 0 0 0 0 33 14 49 0 0 0 12 0 0 0 0 0 0 0 0 0 0 0 0 0 0 0 0 0 0 0 0 0 0 0 0 25 12 32 0 0 0 0 0 0 0
0 0 36 0 0 0 0 0 0 0 0 0 0 7 28 11 0 0 0 0 0 0 0 0 0 0 0 0 0 0 0 0 0 0 0 0 0 49 0 0 0 20 0 0 0 0 0 0 0 34 0 0 0 0 0 39 0 0 0 0 0 0 0 0 0 0 9 0 0 0
0 0 0 0 0 0 0 0 18 0 0 0 0 0 0 0 0 0 0 9 0 0 0 0 0 0 0 0 0 0 0 0 0 0 0 0 9 0 0 0 0 0 0 0 0 0 0 0 0 0 0 0 0 0 0 0 0 0 0 0 0 0 0 0 0 0 12 0 0 36
0 0 28 0 0 0 0 0 0 3 0 43 0 0 50 0 0 0 0 0 0 0 13 0 0 0 0 0 0 0 0 0 0 0 0 0 0 45 0 0 0 0 0 28 0 0 0 0 3 0 0 0 0 0 0 0 0 0 0 0 0 0 0 0 4 0 0 14 0 0
0 28 0 0 0 0 17 0 0 24 0 0 0 0 21 0 0 0 0 0 0 0 0 39 0 0 0 0 0 0 0 0 0 0 0 0 0 0 0 0 0 0 0 0 30 0 0 39 0 0 0 0 8 0 0 49 0 0 0 42 0 0 0 0 0 0 0 25 0 0
0 0 0 0 28 0 0 0 0 0 0 0 0 0 0 0 0 0 0 0 0 0 0 0 0 0 0 0 0 0 0 0 0 0 0 0 0 0 0 0 0 0 0 0 0 0 16 0 11 0 46 0 0 0 0 0 0 12 37 0 0 0 0 0 0 32 0 0 0 0
0 0 0 28 0 0 0 0 20 0 22 0 0 0 0 0 0 0 0 0 0 0 0 0 0 0 0 0 0 0 0 0 0 0 0 0 0 0 0 0 0 0 0 0 0 0 0 0 0 41 0 0 0 0 0 0 0 0 0 0 0 0 10 0 0 0 0 0 0 0
0 0 0 0 0 0 0 0 0 0 0 0 0 41 0 1 0 0 0 0 0 0 0 0 0 0 0 0 0 12 0 34 0 0 0 46 0 0 0 0 0 0 0 0 0 0 0 0 0 0 0 0 0 0 0 0 0 0 0 0 0 0 0 0 0 0 0 0 0 0
0 0 17 0 0 0 0 0 0 0 19 0 0 0 0 0 0 0 0 0 0 0 0 0 22 0 0 0 0 0 0 0 0 0 0 0 0 0 0 0 0 0 0 0 0 0 0 0 0 0 0 0 0 0 0 0 0 0 0 0 0 35 0 0 0 0 0 0 0 0
0 0 0 0 0 0 0 0 0 0 0 0 0 0 0 0 44 0 0 0 0 0 0 0 0 0 0 0 0 0 35 0 0 38 0 0 0 0 0 0 0 0 0 47 0 0 0 0 0 0 0 0 0 0 0 0 0 0 0 0 45 0 0 34 0 0 0 19 0 0
18 0 0 0 20 0 0 0 0 0 0 0 0 0 44 48 0 0 0 0 0 0 0 0 0 0 27 0 0 0 0 0 0 0 0 6 0 0 0 0 0 26 0 0 0 0 0 0 22 0 0 0 0 0 0 0 0 38 0 0 0 0 0 18 0 0 0 0 0 0
0 3 24 0 0 0 0 0 0 0 0 0 0 0 39 0 0 0 0 0 0 0 0 0 0 0 0 0 0 0 0 0 0 0 0 0 0 0 0 0 0 0 0 0 0 0 0 0 0 0 0 0 0 0 0 0 49 44 0 0 0 0 0 0 0 0 0 0 0 0
0 0 0 0 22 0 19 0 0 0 0 0 0 0 0 49 0 0 0 0 0 0 0 0 0 0 0 0 0 0 0 0 0 0 0 0 0 0 0 0 0 0 16 0 0 0 0 0 0 0 36 0 0 0 0 0 0 0 9 0 0 0 0 45 0 0 0 0 45 0
0 43 0 0 0 0 0 0 0 0 0 0 0 0 0 0 0 0 0 0 0 0 0 0 0 0 0 0 0 0 0 0 0 0 0 0 0 0 0 0 0 0 0 0 38 0 0 0 0 0 0 0 0 0 0 0 0 0 0 0 0 0 39 0 0 20 0 0 0 31
0 0 0 0 0 0 0 0 0 0 0 0 0 0 0 0 0 0 0 0 0 0 0 0 0 0 0 0 0 0 8 34 0 0 0 0 0 0 0 14 7 0 0 0 0 0 0 0 0 0 10 0 0 0 0 0 0 0 0 0 0 0 0 0 0 0 0 0 0 24
0 0 0 0 0 41 0 0 0 0 0 0 0 0 0 0 0 0 0 0 0 0 0 0 0 0 0 0 0 0 0 0 0 0 0 0 0 0 0 0 0 0 0 0 0 0 0 0 0 0 0 0 0 0 0 0 0 0 0 0 0 0 0 0 0 0 0 26 0 0
0 50 21 0 0 0 0 0 44 39 0 0 0 0 0 0 0 0 0 0 9 0 0 0 0 0 0 0 41 0 0 0 0 0 0 0 0 0 0 0 0 0 0 11 0 0 43 0 0 0 0 0 0 0 0 0 0 0 0 0 0 0 0 0 0 0 0 0 0 0
0 0 0 0 0 1 0 0 48 0 49 0 0 0 0 0 0 0 0 0 41 0 0 0 0 0 0 0 0 0 0 0 0 0 0 0 25 0 0 0 0 44 0 0 0 0 0 0 0 0 0 0 0 0 0 0 0 0 0 0 25 0 0 0 0 0 0 0 0 0
0 0 0 0 0 0 0 44 0 0 0 0 0 0 0 0 0 0 0 0 0 0 22 0 0 0 0 0 0 0 0 0 0 0 0 24 0 0 0 0 0 15 31 0 0 36 0 0 0 35 0 0 0 50 0 0 0 49 0 0 0 0 0 0 0 0 0 0 0 32
0 0 0 0 0 0 0 0 0 0 0 0 0 0 0 0 0 0 0 0 0 0 14 0 0 0 0 0 0 0 0 0 0 0 0 0 35 0 0 0 0 0 0 0 0 0 0 0 0 0 0 0 0 0 0 39 0 0 0 0 0 0 0 0 0 0 0 15 13 0
0 0 0 0 0 0 0 0 0 0 0 0 0 0 0 0 0 0 0 0 0 0 0 45 0 0 0 19 0 0 0 0 0 0 0 0 0 44 0 0 0 0 0 0 0 37 0 5 0 0 0 0 0 0 0 0 22 0 0 0 0 0 0 0 0 0 0 49 4 9
9 0 0 0 0 0 0 0 0 0 0 0 0 0 0 0 0 0 0 0 0 0 0 0 0 0 0 0 0 0 0 35 0 0 45 0 0 0 0 0 0 0 0 0 0 0 0 0 0 0 20 0 0 0 0 19 0 0 37 0 0 0 0 0 0 0 0 0 0 12
0 0 0 0 0 0 0 0 0 0 0 0 0 0 9 41 0 0 0 0 0 0 0 0 0 0 35 0 0 0 0 0 0 0 0 0 0 0 0 0 0 0 0 0 0 50 0 0 0 0 0 0 0 0 16 0 0 0 0 0 0 10 0 0 0 32 0 0 0 0
0 0 0 0 0 0 0 0 0 0 0 0 0 0 0 0 0 0 0 0 0 0 0 0 0 0 0 0 0 0 0 0 0 0 0 31 0 0 0 0 0 0 0 0 0 0 0 0 2 0 0 0 0 0 0 0 0 0 0 0 0 0 0 4 0 0 0 0 0 0
0 13 0 0 0 0 0 0 0 0 0 0 0 0 0 0 22 14 0 0 0 0 0 0 0 0 0 0 14 0 0 0 0 0 0 0 0 0 0 0 0 8 0 0 0 0 0 0 44 21 0 0 0 0 0 0 0 0 0 0 0 0 0 0 0 0 0 0 0 0
0 0 39 0 0 0 0 0 0 0 0 0 0 0 0 0 0 0 45 0 0 0 0 0 0 0 0 0 0 46 0 0 0 0 0 0 0 0 0 0 0 0 0 0 0 0 48 0 0 44 0 0 0 18 0 0 1 0 0 0 0 0 0 0 0 0 0 0 0 0
0 0 0 0 0 0 22 0 0 0 0 0 0 0 0 0 0 0 0 0 0 0 0 0 0 0 0 0 0 0 0 0 0 0 0 0 0 0 0 0 0 0 0 15 0 0 0 0 0 0 0 0 0 0 0 0 24 0 0 12 0 0 0 0 0 0 0 0 0 0
0 0 0 0 0 0 0 0 0 0 0 0 0 0 0 0 0 0 0 0 0 0 0 0 0 0 0 0 0 0 0 0 0 0 0 0 0 0 0 0 0 0 0 0 3 0 0 0 0 0 0 0 0 0 0 0 0 0 0 0 0 36 0 0 0 0 26 0 0 0
0 0 0 0 0 0 0 0 27 0 0 0 0 0 0 0 0 0 0 0 35 0 0 0 0 0 0 0 49 0 0 0 0 0 0 0 0 0 0 0 0 0 0 0 0 0 0 0 0 0 0 0 0 0 45 0 0 0 0 0 0 0 26 0 0 0 0 0 38 0
0 0 0 0 0 0 0 0 0 0 0 0 0 0 0 0 0 0 19 0 0 0 0 0 0 0 0 0 0 0 0 0 0 0 0 0 0 0 0 0 44 0 0 0 28 0 0 0 0 46 0 0 0 0 0 0 0 0 0 0 0 0 0 0 0 0 0 0 0 0
0 0 0 0 0 0 0 0 0 0 0 0 0 0 41 0 0 0 0 0 0 0 14 0 0 0 49 0 0 0 0 0 0 0 0 0 0 0 0 0 0 0 0 0 0 0 0 0 0 0 0 0 0 0 0 0 0 0 32 0 0 0 0 0 9 15 0 0 0 0
0 0 0 0 0 12 0 0 0 0 0 0 0 0 0 0 0 0 0 0 0 0 0 46 0 0 0 0 0 0 0 50 0 0 0 0 0 0 0 24 0 0 0 2 0 0 0 0 0 0 0 36 0 0 0 0 0 0 23 0 0 0 0 0 0 0 0 0 0 26
0 0 0 0 0 0 0 35 0 0 0 0 8 0 0 0 0 0 0 0 0 0 0 0 0 0 0 0 0 0 0 0 0 0 0 0 0 0 36 0 0 0 0 0 0 0 0 0 0 0 0 0 0 0 0 0 0 0 0 0 0 0 0 0 0 0 30 0 0 0
0 0 0 0 0 34 0 0 0 0 0 0 34 0 0 0 0 0 0 35 0 0 0 0 0 0 0 0 0 50 0 0 0 0 0 0 0 0 0 0 0 0 0 17 0 0 0 0 0 0 0 0 0 0 0 0 0 0 0 0 47 0 0 0 0 0 0 0 0 0
0 0 0 0 0 0 0 0 0 0 0 0 0 0 0 0 0 0 0 0 0 0 0 0 0 0 0 0 0 0 0 0 0 25 0 0 0 0 0 0 0 43 0 45 0 0 0 0 0 0 0 0 0 0 0 0 0 0 0 0 0 0 6 0 38 0 35 0 0 0
0 0 0 0 0 0 0 38 0 0 0 0 0 0 0 0 0 0 0 0 0 0 0 0 0 0 0 0 0 0 0 0 25 0 0 0 0 0 0 0 0 0 0 0 0 0 0 0 0 0 0 0 0 0 0 0 0 26 1 0 0 0 16 0 0 0 0 0 0 0
0 0 0 0 0 0 0 0 0 0 0 0 0 0 0 0 0 0 0 45 0 0 0 0 0 0 0 0 0 0 0 0 0 0 0 0 0 0 0 0 0 0 0 0 0 0 0 0 42 0 0 0 0 0 0 0 0 0 0 0 0 0 0 0 0 27 0 0 0 19
0 0 0 0 0 46 0 0 6 0 0 0 0 0 0 0 24 0 0 0 0 31 0 0 0 0 0 0 0 0 0 0 0 0 0 0 3 0 0 9 0 33 0 0 0 0 0 0 0 0 0 0 0 0 0 0 0 0 0 0 0 0 0 0 0 0 0 0 0 0
9 0 0 0 0 0 0 0 0 0 0 0 0 0 0 25 0 35 0 0 0 0 0 0 0 0 0 0 0 0 0 0 0 0 0 3 0 19 0 0 0 0 0 0 0 0 0 0 0 0 0 0 0 0 0 0 0 0 0 42 0 0 0 0 0 0 0 0 0 0
0 45 0 0 0 0 0 0 0 0 0 0 0 0 0 0 0 0 44 0 0 0 0 0 0 0 0 0 0 0 0 0 0 0 0 0 19 0 0 0 0 14 0 0 0 0 0 0 0 0 0 0 0 0 0 0 0 0 0 0 0 0 0 0 0 0 0 0 0 0
0 0 0 0 0 0 0 0 0 0 0 0 0 0 0 0 0 0 0 0 0 0 0 0 0 0 0 0 0 0 36 0 0 0 0 0 0 0 0 0 0 0 0 0 0 0 32 0 0 0 0 50 0 22 49 0 0 0 0 50 0 21 0 0 0 0 0 0 0 0
0 0 0 0 0 0 0 0 0 0 0 0 14 0 0 0 0 0 0 0 0 0 0 0 0 0 0 0 0 24 0 0 0 0 0 9 0 0 0 0 0 0 0 0 0 0 0 0 0 0 0 0 0 0 0 0 0 0 0 0 0 0 0 23 0 0 0 0 26 0
0 0 0 0 0 0 0 0 0 0 0 0 7 0 0 0 0 0 0 0 0 0 0 0 0 0 0 44 0 0 0 0 0 0 0 0 0 0 0 0 0 0 0 0 0 0 0 0 0 0 0 0 0 0 30 0 0 0 15 20 0 0 0 0 0 0 0 0 0 0
0 0 0 0 0 0 0 0 26 0 0 0 0 0 0 44 15 0 0 0 0 0 8 0 0 0 0 0 0 0 0 0 43 0 0 33 0 14 0 0 0 0 0 0 0 0 0 0 0 0 0 0 0 0 0 0 0 0 0 0 0 0 0 0 0 28 0 0 0 0
0 0 0 0 0 0 0 0 0 0 16 0 0 0 0 0 31 0 0 0 0 0 0 0 0 0 0 0 0 0 0 0 0 0 0 0 0 0 0 0 0 0 0 0 0 18 0 0 0 0 0 0 0 0 0 0 0 0 0 0 0 0 0 0 0 0 0 0 0 0
0 28 0 0 0 0 0 47 0 0 0 0 0 0 11 0 0 0 0 0 0 0 0 0 15 0 0 0 0 2 0 17 45 0 0 0 0 0 0 0 0 0 0 0 0 0 0 0 0 0 0 10 0 0 0 0 0 0 1 3 0 0 45 0 0 0 0 0 0 0
0 0 30 0 0 0 0 0 0 0 0 38 0 0 0 0 0 0 0 0 0 0 0 0 0 3 0 28 0 0 0 0 0 0 0 0 0 0 0 0 0 0 0 0 0 0 0 0 0 0 0 0 0 0 0 0 0 0 0 0 0 0 0 0 39 9 0 0 0 0
0 0 0 0 0 0 0 0 0 0 0 0 0 0 0 0 36 0 37 0 50 0 0 0 0 0 0 0 0 0 0 0 0 0 0 0 0 0 0 0 0 0 18 0 0 0 0 0 0 0 0 0 0 11 0 0 0 0 0 0 0 0 0 0 0 0 0 24 0 7
0 0 0 16 0 0 0 0 0 0 0 0 0 0 43 0 0 0 0 0 0 0 0 48 0 0 0 0 0 0 0 0 0 0 0 0 0 0 32 0 0 0 0 0 0 0 0 0 0 0 0 0 0 0 0 0 0 0 0 0 0 0 0 0 0 0 0 0 0 0
0 0 39 0 0 0 0 0 0 0 0 0 0 0 0 0 0 0 5 0 0 0 0 0 0 0 0 0 0 0 0 0 0 0 0 0 0 0 0 0 0 0 0 0 0 0 0 0 0 0 0 0 0 0 0 0 0 44 32 0 45 0 0 0 0 0 0 0 0 0
0 3 0 11 0 0 0 0 22 0 0 0 0 0 0 0 0 0 0 0 0 2 44 0 0 0 0 0 0 0 0 0 0 0 42 0 0 0 0 0 0 0 0 0 0 0 0 0 0 0 0 0 0 0 0 0 0 0 0 0 0 0 0 0 0 0 0 0 7 0
0 0 0 0 41 0 0 0 0 0 0 0 0 0 0 0 35 0 0 0 0 0 21 44 0 0 0 46 0 0 0 0 0 0 0 0 0 0 0 0 0 0 0 0 0 0 0 0 0 0 0 0 0 0 0 0 9 0 0 0 11 0 39 0 0 0 0 0 0 0
0 0 0 46 0 0 0 0 0 0 36 0 10 0 0 0 0 0 0 20 0 0 0 0 0 0 0 0 0 0 0 0 0 0 0 0 0 0 0 0 0 0 0 0 0 0 0 0 0 0 0 0 3 0 0 0 0 0 0 40 0 0 0 0 0 0 0 0 18 0
0 0 0 0 0 0 0 0 0 0 0 0 0 0 0 0 0 0 0 0 0 0 0 0 0 0 0 0 0 36 0 0 0 0 0 0 0 0 50 0 0 0 0 10 0 0 0 0 0 0 0 0 0 20 16 0 0 0 0 0 0 0 0 0 0 0 0 0 0 0
0 0 8 0 0 0 0 0 0 0 0 0 0 0 0 0 0 0 0 0 0 0 0 0 0 0 0 0 0 0 0 0 0 0 0 0 0 0 0 0 0 0 0 0 0 0 0 0 0 0 3 0 0 0 0 0 22 0 0 0 0 0 0 0 0 0 0 0 0 0
0 0 0 0 0 0 0 0 0 0 0 0 0 0 0 0 50 0 0 0 0 0 0 18 0 0 0 0 0 0 0 0 0 0 0 0 0 0 22 0 0 0 0 0 0 11 0 0 0 0 0 20 0 0 0 0 0 0 0 0 0 0 0 3 22 10 31 0 0 0
0 0 0 0 0 0 0 0 0 0 0 0 0 0 0 0 0 0 0 0 16 0 0 0 0 0 45 0 0 0 0 0 0 0 0 0 0 0 49 0 30 0 0 0 0 0 0 0 0 0 0 16 0 0 0 0 0 0 0 0 0 0 0 0 0 0 0 0 0 0
0 0 49 0 0 0 0 0 0 0 0 0 0 0 0 0 0 39 0 19 0 0 0 0 0 0 0 0 0 0 0 0 0 0 0 0 0 0 0 0 0 0 0 0 0 0 0 0 0 0 0 0 0 0 0 0 0 0 0 0 0 0 0 0 0 0 0 0 24 0
0 0 0 0 0 0 0 0 0 49 0 0 0 0 0 0 0 0 22 0 0 0 0 1 24 0 0 0 0 0 0 0 0 0 0 0 0 0 0 0 0 0 0 0 0 0 0 0 0 9 0 0 22 0 0 0 0 0 0 0 0 0 47 0 24 0 0 38 0 0
0 0 0 12 0 0 0 0 38 44 0 0 0 0 0 0 49 0 0 0 0 0 0 0 0 0 0 0 0 0 0 0 0 26 0 0 0 0 0 0 0 0 0 0 0 0 0 44 0 0 0 0 0 0 0 0 0 0 0 0 0 2 0 0 0 0 0 20 36 0
0 0 0 37 0 0 0 0 0 0 9 0 0 0 0 0 0 0 0 37 0 0 0 0 0 0 0 0 32 23 0 0 0 1 0 0 0 0 0 0 15 0 0 1 0 0 0 32 0 0 0 0 0 0 0 0 0 0 0 0 0 0 0 0 29 0 0 0 0 0
0 0 42 0 0 0 0 0 0 0 0 0 0 0 0 0 0 0 0 0 0 0 0 0 12 0 0 0 0 0 0 0 0 0 0 0 42 0 50 0 20 0 0 3 0 0 0 0 0 0 40 0 0 0 0 0 0 0 0 0 7 0 0 0 0 0 0 0 0 6
0 0 0 0 0 0 0 45 0 0 0 0 0 0 0 25 0 0 0 0 0 0 0 0 0 0 0 0 0 0 0 47 0 0 0 0 0 0 0 0 0 0 0 0 0 0 0 45 0 11 0 0 0 0 0 0 0 0 0 7 0 0 0 0 0 0 0 0 5 0
0 0 0 0 0 0 35 0 0 0 0 0 0 0 0 0 0 0 0 0 10 0 0 0 0 36 0 0 0 0 0 0 0 0 0 0 0 0 21 0 0 0 0 0 0 0 0 0 0 0 0 0 0 0 0 0 0 2 0 0 0 0 0 0 0 0 0 0 0 0
0 0 0 0 10 0 0 0 0 0 0 39 0 0 0 0 0 0 0 0 0 0 0 0 0 0 26 0 0 0 0 0 6 16 0 0 0 0 0 0 0 0 0 45 0 0 0 0 0 39 0 0 0 0 0 0 47 0 0 0 0 0 0 0 0 0 0 39 0 0
0 0 0 0 0 0 0 34 18 0 45 0 0 0 0 0 0 0 0 0 0 4 0 0 0 0 0 0 0 0 0 0 0 0 0 0 0 0 0 23 0 0 0 0 0 0 0 0 0 0 0 0 0 3 0 0 0 0 0 0 0 0 0 0 0 2 0 44 0 0
0 4 0 0 0 0 0 0 0 0 0 0 0 0 0 0 0 0 0 0 0 0 0 0 0 0 0 0 9 0 0 0 38 0 0 0 0 0 0 0 0 0 0 0 39 0 0 0 0 0 0 0 0 22 0 0 24 0 29 0 0 0 0 0 0 0 0 0 0 0
0 0 0 32 0 0 0 0 0 0 0 20 0 0 0 0 0 0 0 0 32 0 0 0 0 0 0 0 15 0 0 0 0 0 27 0 0 0 0 0 0 28 0 0 9 0 0 0 0 0 0 0 0 10 0 0 0 0 0 0 0 0 0 2 0 0 0 0 42 0
12 0 0 0 0 0 0 0 0 0 0 0 0 0 0 0 0 0 0 0 0 0 0 0 0 26 0 0 0 0 30 0 35 0 0 0 0 0 0 0 0 0 0 0 0 0 0 0 0 0 0 0 0 31 0 0 0 0 0 0 0 0 0 0 0 0 0 0 0 0
0 14 25 0 0 0 0 19 0 0 0 0 0 26 0 0 0 15 49 0 0 0 0 0 0 0 0 0 0 0 0 0 0 0 0 0 0 0 0 0 0 0 0 0 0 24 0 0 0 0 0 0 0 0 0 0 38 20 0 0 0 0 39 44 0 0 0 0 0 0
0 0 0 0 0 0 0 0 0 0 45 0 0 0 0 0 0 13 4 0 0 0 0 0 0 0 38 0 0 0 0 0 0 0 0 0 0 0 0 26 0 0 0 0 0 0 0 0 7 0 18 0 0 0 0 24 0 36 0 0 5 0 0 0 0 42 0 0 0 0
36 0 0 0 0 0 0 0 0 0 0 31 24 0 0 0 32 0 9 12 0 0 0 0 0 0 0 0 0 26 0 0 0 0 19 0 0 0 0 0 0 0 0 0 0 7 0 0 0 0 0 0 0 0 0 0 0 0 0 6 0 0 0 0 0 0 0 0 0 0
