1000
53232 6728704757057468724536886289338307461
66163 023901448862434212455609215525917126791360349842751663996484297735936071414167891
82528 918162309987184376489292676836910492078542843464570365
11364 991802454766029494601209763964652976734679599600834981783032
46153 88439943439180389951629713658211612595117933066213722468604788176784120499433996370327391546498
12899 227013122287891945941899259332535469368116590
18371 385012748859286383672061264541896749794247279350666750771947874062
36741 6524295309325843926483243034641371957139689010533521758909595184339756003
97731 764277956632203449103053440022261109817
82218 09749690673054097600497378948332503997115464968732
38882 9733468247418029590336656290089578
73402 448502441499444768172502844625610943739841104669029153280636718975329805716005110214809538443401
24104 1583306877443169346523
16712 4370387589102339766049643692340142981012963916334471190795274572399783199446818801029086199295978827
22909 790640307631536068768
5014 88742880273
78035 8935502900027406985666038559124151256846314724068058870211
15832 2012753283146235
56076 239529962998512675261398805518299370471713829853071888227239832499486225093450291413830648603519677
16068 57514405266526440958365126221851
47858 08515983642443724462880606993222401401004588596671537045419675
9663 338150813499646963672681203361461656864249619295828699858742947972740
14637 11508
99421 44604981268222135
5748 969
14523 12454585332677846486373619052000950339664769845345498129774742288911082710796345728809335
54216 66900322498422737641863773683680283881095226013972726988686
43380 31734569642480035089374281156496242209095115694
92939 849938546749309972881310308803654172131778399733735
42672 0335172719242553962583205195317311571478017068928703489240914799675701027988186725551570021777
66841 47289996719473674855130353469828251737058684760956520819085
32080 354823549264969965632343861440818830694081689354531552458
34694 83316199161018043349782429156881287972684805814290353136861166996531
75896 95548086965383703379146825187552666670321990
76142 09837767186798590533044129969589125972191416700063726241250509958948804665766319350969
15280 1726149299524014993622085352274492303124543521541940
64102 9577323538764433789296774266826413020
10314 560756682383272145220047851432835281238506411310756873089718656492012
95278 422689640988359295336905
91581 98595042926599844079898082476763763165750406365663508995931421660261447805345034345666110145014641
75497 30305711225193703180956183360766006025295613044
48652 77156303182786490270057849252395250577651305
70620 6781216306071272871271040516421621505514014515015318717516082582795486
24970 632984470100587318806954837549522534699373219352036418011582158488344497415910573136739
48048 96944453462103112
94169 753499939241013667400354576060605707624959328304973262748401411257576533980028887616384810749049678
29896 644116127755403512275872818652087727217667491668102839545653618090730536514346759376721587025
40432 4252859261009238983304377604285349048507132893168821
67000 69819995636727614873737810321153913178694
77717 699428563274682261308113824531482478861388
11547 18292211195131787887384264893518931619756393905696648542
47115 1487310213625657074114652083
35860 666655279370952420121892391
68933 5637212126612200544340001366940672967098243238
3246 7917428965892648595375593393679050735760054309171338260905457879962117415327991
31502 59970564904324471510348383100199818933833620920703876209011818580154660118595427684380
5250 20893834957486794888704230225598977787784822907510431254903641785383383980413926985826758
73744 405878234263114834711482134401328528578963964303
20678 9722544363032347048665959617677572597563195456677362538930440772344415525053548614805102058223592898
48213 01061900225055725489452331932121607204475748305371727858126
41474 33957332062867458123125825904963383710905721
89959 71893697245972039
62012 238576465843131
15163 54857535878569053715760820139703750968310487432925121531071033745688124034
86703 2825
24463 62464510813512104
19502 1272760578189235996786860776349855722472497276420021710544839
71232 93485759872322521638
75465 8818647585424432774331461998436145483910816273379483
34089 69845939761042274896155240334754687370108060
12008 337615977887183508705072696117624662269101037666125702343754868032983130886
41845 99153320672209526178239357512403162475225759876090716560414038023656811059982356758943753193
19756 58669497574465774616383768193360346863317
42289 3365395159504634449991132716190201429785081850746977711455408325465
80524 317752706148332230896912591780703817943386734859641509
81311 347145609
63793 666237673011738780046315136422023241383221204179431664698392980049433159861288625962
75439 658189180038849
25769 386694472609622091779618972868608763653416
97530 96225279071837144160
34997 88050
56771 5757564208091088441742607019165432957094714365844795186803547363367010799422013436955389491475580
43225 034161136664795413076199137414977938446186279904515018435541037109161413164734114006264461662222
10962 954866526446367823533578492498391698000220866057216376320349533230881398805255966878574724656000
67252 771987410663022325251029
2312 0490778677202756747979219358872787543313002974005121800649276254
57222 326376862201765185274537283021113880611844792989744627761379482414858687138299
91663 5295526906224974467905870220357155839296289658220971315092904518609990779659
93279 062742941267275530882282876144602037013614252514668522026546984121938428074736010363451491
59950 858388697985610511474389856487981519591317170188153094127
11814 0868263950267371240150288316618596179718729936799284788074093601188154330608009
17749 755798008182703123626573799296484500834864365222939513482564180293
75141 374933018288777357293483522400644614305585977782942124
71247 812314257793129140
15451 05238059004275990423835491809205001044136142040158307
77275 53622397
67815 9632665695695651683550412454777108984782657373760733217597670521933643619150012068873737718391749687
39937 241477281680051988539851154860469988426145726856266958816471749272514165379
58373 254066950719751515104829
7523 8701074787490636397805131943953895971810752512152044746459056566873307
67556 33938989745070929827924891
42779 76044860721346396957761286754357
20907 395465687414033641866792289901445327507542164898531397759723784723557309495441274847
40757 2544441000632765690116434830108370565636464552721693984075143114340253165526
60745 11787803404833370828583636009760075724236027411445477660879225765868108125961898782
68574 36738858162700238925303736854539985945580840235
46199 327243765895563903954719102667254133521511030606660150047494878813819460942979008036823425269
18767 835442249683407792505678937488453045259907246758666874407385851856586396203206660583863158
79680 9665206154149449830975731860059795893174373309312846588997380980941835110
59740 4234936347774644938392550644238233
42060 689371766693726184336
27912 953690182048496441769524295643867329
69928 26234268
66078 802294742106455824269277605103514808181270141978
29645 484994782759590592737829310531153975060595
95260 225602226206352924881406159596957
19466 5098540558890682087607107626102
27554 568391655959300218786524812494241593633379301202391904144376959
91067 0560966386770440015120531129046926912507749253209034522303633
26642 7693782338778234610786930100921384833951010121701461489756046228540747394141661357066571994
79245 2422745498209546487804724410532836690547688149591
93470 39753523503911178368898476166474542038354761741078040479
67963 678810232838
35799 777740630809173427875725203756015287169940050154671137206610965372519974
74136 6872007425090929849834882
73860 948467763022405981454
72820 91192953
59043 60393726311770561725303046596147838834451788
33208 4926528329875046295911468417827250916144685752363596848865671987420362808125
81819 22251132969449008957564930367583108393380142674
75842 795492751757752292238628493817
66071 757372252
71955 9065781669141660015009634631342437844409322550424630156462687486381632764310392
13424 4975179328330187925336899655281875435770260133593922945179215691898
59451 718675733795425366114850373694282830482006796744893368766725329101505265
12257 09853222
16262 143585342780285047137792
31855 453357982483388349819940646828659396757300356326334597014376164827313626452017
76742 15393760540653
55329 660164671770763555039409071315859826
39261 48956699808603989090299617489234980087439502386301
5691 56115053626216106156369156
27425 97427747078509238815860385226209086861689690171528867662458
25991 998232132821744353
59020 547985175373775824910966952909016492346254548062363201762739564176915110353
38380 9700844521034431037680594467202321556631189175533444892830496696726410237550083902006980
60597 892534811896490112989407748145185282987165081708522582901257
10806 13382009606211660850567269358737065731458061100316208940186692822902697
7359 04608701918625466450257004877736865533
26566 164577122446272773948532334436798322822476433831900682658279413558579122044458334
11328 892076533357839483518022020612202640626095
9008 2449340958469999
59330 90624075418695820205080489559531089322190819191238982335167
44577 8393883765981946990595913499110125570534896227583
53459 3682103432243982248626109117601424756989167082625046350752098763
3967 96105574597625320172249602860053805756923665216346414623196262276300685082
22686 8307445
82677 346496994853003621112569064531851358
20692 58171682447282951642747486620313982270560150192794873733045612210445359099124935554844202819630
65946 868708414500422778468013179
97162 901082081675182341580022797311768667086756072683527183780399560223029463070638408355423
10235 8022657573728587602661003327357784647290394769957683306356190940975823818926847808313737746
37138 73532096400086445624431081590793342181317690642957738
17464 566005034164094854307
14033 45218009134709177876089341871963244622135048100693684070081654659104753015634740150266497
10413 985572
60230 12987337072
18759 8333528789
9876 226278808732682737782522077278048798424612396474168313279241
79039 273067868396255140879443508497490613060504755760293722271661309791544067387070646
56207 5247794813265741681615958557526517760204
54441 0226377631311798134499609860029363022403931447377567358569061153255021728
91956 47352549898374774
18529 476223579
78694 83590724653482320527399
22285 635272907264318804804639898241013190678732961638745973311840385190275468039651483641599440243193
33076 4853181928980160383233150278576186651548226254546587324344056661215
82047 30356367777536113525561807300921177208594824016384948907224334
39057 259835127695280338777354908286312717552867092864894285593982455872343629326521608462040661766887486
19907 5465821352830268863439156780583099283232188091632844604663574479693404866421558
2759 37580326069478747283524089239740714587022515957237908659383850478090748525828321561193407266396
44689 7895071158316295448891871310
48931 63963703797528320767386096115387904114141296227591657870248493861
14431 6723797604441568020339992
70041 67225679997397336682101840057474607623071414858022
1375 4621684143673815253975759908882481339126311046442680660037488966014969
19813 4972987205787727446829457312296410092382255676857792470441286477847345391959253734396883552
55892 0297719487419110491816516201834
24229 3021289333155452498479799921043827230445
99275 62366700493236626
87396 933607026426464960125508259910347350950226
92995 6949931165
95818 1124154
29159 2780382648325551729749603328112422678243893255633239375312
18936 803
76621 35002285343867266851
37734 85508769983248843260571686842431
37270 38515604593781693218077687348520053
36787 2499447495034257750761033163134169919081922442581186197287641028539605414986712374426379350543381198
65162 652746409292219427738265991294425152658424866506976543931224536535061795213118533548868934635367
93918 9606370801517665745424779692433513994118582724422677986234455919596798099256514109305819557
32508 376636270415875896693919866838420921542251151289777747830122574167797045
50161 97591082591557930445412867285280329459260607052749806882031115751743969434111924835138215
34678 885333645606738641379700342480691113755793586067806772048210408643259
50783 339431044231016896434732180019413778988904325589
61734 70581380619941451534708441723556237487428315372529629146210683023
20468 55877535750630488688
91859 653938
80279 003
34528 97544207925304777223641918246800744652349649417837859807645051
85044 03706849478962037778496169690566
13205 161915489117232104596510813095368475886441
70029 8409646912795001402093705371709216915324969035949060647527166249504393582604172
1308 3199252849378066579481714010212822555453042484899071110769622735038578400
41395 302976767940624418282125782543727667878446031867411091751394559506372136306242713593892
73575 136163640422252342999971509231214
29115 19882940154226647798334729560372
46256 60396334362840
52834 842370174978765202579227182626352712445349
3526 4374739426518442887971332281
43919 31073047725763018012134932536217576295205731236
61680 5799140956345393417030963056771444617513548126664952869750281548754
53261 724738519415058914962043887230043
38170 53455360513171300515163704731278393266353
6309 50128250082195760084161381571864401997632439563748553957196098
12957 78116751236272559765445596513692813562153898178092469953903138451
47700 0318520263752301438390116406504960267334751802
60932 08929680239481543570109354407613182890404862229654273816
48033 2393025276208377826600965
36742 4284052463448772061917139064882766187659293715936810912266041618465176275286294841052011850303597295
19705 464561000489
12399 93643700662262436700395264011794938856624751
69802 60079604797952748270533395882702121517823242669668990811587573099917234766147299517481789374550451
31868 83420861891641217574324511258343
16781 28760342831251519431197260766171016219199081233679
37384 569677603254620764895705208147136386679491776
30372 3425002889605669751913891701
64089 657936507721516410
27331 42746438933779232987528110399
61849 58104410279780667429406541251824237759180
11605 33361615465496454242150352164355277746717312610925
51149 386404883370168275920881904582505417451078069416824702019083885019290390952
68452 6495909754041044282370173856684915321565719053941554353905407584587552
35071 2534729884350546606523701369
44223 105263081422954983554170613041358494758061721389378555891856133702062473918
64351 0618061600362030139609337026748732944145650111068908660738356159243561784820
86618 91850447596135812926719934176573410043828809059178944330511681871
44224 463892589470846352260542184676018015075502132787968332844681414491914435632458042970049052
72605 71777643965435897560358243375034542709535327470498007464767401757
6837 8189755618893828084319819509652747436275659719466929213306943275926452164190220912574677412342990
46855 4521425951101031606773241091888206399981735310756096941194260243521169664
90641 89714644241047686145415491232621791264712
89232 2866516485624427214218506728320113453787485600410014665990379090650235730
51077 332667456021199049335252400515674372295201866345692613262
11785 524723330498964824618474529239228272562401206089082242341765448945248519412265684151605100544
12530 912646834827387
76825 876985500590
40134 986036799639842348294469498665102089690592396500564737017989
69708 0052574700234693827203244226049794453754158470
28981 8338113720564085711975719
62071 096182504518083144305436587136182676281877117545940151478614851660789529812444699974905359928
5904 640247677330383350720997890576868797615872719959257704266320
99001 924955466700180289358009508917339351341121569004202821284236925603365481444085612219355165
75990 59792540307323788233977464911368614346731
27824 9673389705639833617304812
23059 977582962222590633345931165138028732421293401593333
6870 589604178465047659952463879829050220682552693698444060833818415968762569784421092262320794
48034 1947604393800188367835518707262153661035992411611
64853 362662500295193185061787811166112040894248500610068757283825677304152171946132836542557
94119 2625191075
31766 1314272598287354728049942836671446024314487047711091153924941
37647 107556288034200185569794460255217711
68867 35477348131659634954418037146297651089585604988997202230078627899937749246788
27075 724589780776374899740397619064782501287918859834097924608162432537188210332
24894 6572321027841651468840739757601855351986507921984145984599463922224366844550171435672115006993912027
97920 8200510961755370629165904277202774408248851629671632639136737014366980363680553045652590754550
56883 054229212547
4425 4326897649471223999398909649196762188528501990354490773006906538359
39014 75309500570786
20952 565256728812595337494825802564326092637196326683888120714147100494771087871140791414568616197825
33194 29482153
96497 2859
98843 8148086586050007226030971715329967609950927819139202266479959977087612294377315
53317 206217051561798583872548268572243013479936225932878810230443685594446063704
53813 57973546172
37438 073309186470567196546
32254 31583555558545972233815233563262116167
80169 30372435237517401994262154014250224777139483940281635941
39854 76024010776013815625358193155845957831784649979
75514 559112343567444539
86403 66430559210640596651877108300246869225200409151206164754258615851022387312
45661 14304667004575991947847791840033774116800581080602645305071121327082126620834856015
49125 0693889310558467169931766591055
40349 4825322614445109206950114943682640412919181277848623400271841461256441072
55106 265752363717573775142181252101017146527775060060062998043444787775610770884600968186679802474
96946 59432
64612 1376503843981122804991571946413285006626993914869675387141422047745308283611764008044431549673
56243 3633491819675486038796759507957494927192552850942335635640585405437509083282146969300545
61096 388923973130714967327962436533873047
24324 094694319347344728573842992962267152879194752864853647782952209575286690702067326822694
2056 115416046372
83165 0290
19427 7035351635002181636717931057607984050582960813462
79871 503573484834995843064641967910164113974997
95429 4735740950191522643506758668165942575112867133204448030878111678266
71560 508901489894387667391889589744207632282217507806846346557227112451921234979
46107 974557
45006 25466331057726387052863713293745583776820272
38597 2806
13972 54695661392759651327
93450 74334185481715837037957572731519343571168928830454910948937270171553589
28166 54925
3922 336627469312340181971170177366388257733678882686
50928 1485263767247944660326169195941592068437844686317587566175290978163508660761648027822
453 865577203148024878969059519553448657794140037625147408304258048137943170580165879390769191
88314 13190871819422831467077984286587757142
29896 397
15900 86847367524726375727615179741937673241608876443752211435124918366511204182951104398110069891710
82933 33507411768519221740377432578856179876323264616397668052603217777982421666196436598
20047 1244757263790084495794782919534539454665287370080295364706381327104621983811888799
84866 0117373
42390 262134357772174925394163551917277697028977957507850559878396891558
83112 58008936758464179782563476224304674513108599239359387170815221764
44446 94074387195419304081790016993941
23953 001600430797269743015707625036312765284068321659385913854487745
66258 6632681256989222462937410922245794203537548303038461987545553844387875
50669 9671750043353921328836473372763060148664689086942839
95783 35330007119831842850179503629176887803667114995407630046786505784863875462787003656500614
60288 53548789995905110482946199971479685305126351162477475103521704
40223 1198751152
69356 661094891304363180785273960926508377257793377560287889367254307
59611 07273460251142059418869397333958910334292541197366084
78875 6261322766152587653308225390713856649
2024 638
86369 317691974806522518259788108548119603197664135209234376
9880 4060594083717272191177087279455371498118264
85072 297103392451306642114886002792610086046766942100436604194526313076036624375832690278108284409457
86244 3529585530302364191780761554728248780391790866280295397984537172725
58097 28525950433285945713225572303037842200328684940933183338112767799170192239035506676234091060693
74150 4155049686939
74026 6684890075132044145101279064011099757155103169204760043000858071212077371884661935
45059 46752957472194028396777153668126978930062220589251451416954031131
99777 28050898311527657068975771656039970443975267137869771889783415466202982785285447449494335099
11323 57939075986376457984038578289066669278
90059 18796058107150465047697637776839220110321793199577971400500313608347268311873
67585 0226987450
14858 05709293875245284349388839857907309032727822566805128333156744051424868
62813 7734789344276717932779366082083974354164456785959814278011306937601677968616364
46758 4905
37988 5784181626277
90474 8746938462431446120621571104137585180155602370646235040013346094218
89164 602496390570397
27516 3860309137846704424419650612470362
53122 3248420082580116530856200830655450991917389
12855 76923656139468773471900443074174352
53736 3090835588862717917498595006275974031736456460544054692938420800265027144516233168542707
21848 69490829955519413980013990397313546022080
30267 597751706205439420518568171707763678573644293652299496135396629893311184564445593890097048
53163 094242441109483206292578417329
39912 8029431615578931036282687642480651252510031
66018 24877599140284218376431411664990216176983170654902498958328
14470 636317055130601162567621756331806755432395298037865443865149438109661102574
7252 949195043815561377553354255606623553018392243193830562396585980445935548927189576154686743
6062 645115902100114783419452031324
24580 55855132647996531473022220274257124645718427379268460249445995
6468 6553382061167805098156278554299678413822648988125576342541756348562636955663846023
36660 552023
96917 4810061389212569429596134680368910212856938302
2285 5089092063059438003908136270218597978447164091551338323441301050
93629 48693127574078313796555219493671007964207065800217869087205672481452001977138126700256108661497
78315 48530516631072446295789618909005448173
48521 33069119916493005285896458113069107
7007 156061892405022820009284844667086356354871945228276657835721036737120
44097 4986699399893823329781560191082360405035525795202607777526370462505943557606073043744601553532983817
70033 1023689825411170347410543207181232279877849507064771479369898578779181625370
90646 29796748
89511 1281875294078301104429
12578 3427076175527207771511280417796385632798067096816029747394509032762167226813363621191416122
20696 28813844949817321233087037008652475841925941299594381544557954379888303423033166318099037979
72469 53515481599952094917271622699078178703868307559707114611720566063598317
60333 713098222421177332764981419040627555494833438602792860872001959877756336597617231962
32333 3994196029979148280983288888
36558 20662166404151499126686391416086687364918283167155554318394036820804162457682
58550 82061809462852710304550270352289974076256656643893789303264735938329145092160519175
21889 2627468221636239814312
74850 7846726765186030441552278728949030891993692409779794449590239836256711422973778685
84305 7057988717672578145780226105486510061678352391097628327633607606359046225493608482214951
34667 7870685305447091654429071946672872057053387385951516858941877217601523488084090085195994211369419410
92271 3035546482171796713549392676054827
48637 1685704504460350386298025156994433610450825304785175551676463719287247789655880669831609029
48878 819352250460303724529686833480030969972845761927591073021187363542936619079334493889149765167382
17966 79029616232102541
28934 528579828695221627944992784731348634321140961523496352697231789875372087169158634796876
78380 1221835467056761220498390744093445384255007952297
76918 86378300270210684934791131328982497956024046747379652716462347457460894624969747683239
19754 3731547692452559331760573795755803769014130869537075819399346
92054 988897957123387191410796598834909919706229962235081204671208
42287 9155662304014791836499660799656252575566773598067113901188
46620 95208116
26356 69323988854325551
59519 2939747279837376268537211252197914786000291147211945850945651803031169647185445775722949
12615 53909702073578702959993522126917259745103621548091
44501 25694670210296419503666466265396814975971804921157433830786036062292859647338046691516837192041499
52643 171656245972409
28319 556239787837668203347998540865698693582885105923834236702537915390053300658955
10007 9996133214370580023600143834630756005
61307 9672169086020589976519463
82740 5439144381133622353644162892002443339
37337 54147739616995105014751217058739714185742202294636806722153541883110840289968288938
11123 912
48887 478706816442583560890825231630340698787094067696698472080362907223759248672246009985073706152843889
38181 23159622132789742937989848341959117648146112229833492479716995757770844192750346
32467 67586116309543558985316089124700204475909739790163794844921013409694885088411586817345256
42474 372391549547816886215647843877984730166083658609088104290280
81740 0246160196142933201863982
59562 28579079646055089273760215414841782701558804452262635114355506974118405526358054860460334887551225
22423 90262595415626540970933376100260651663251736736554879494948655534085427031812300306605071059284830
92626 017927284
5476 556172652550999631
53474 779011712516662246135342
99791 074574118655824858982495865957
87322 3966031692924850036753790013336685547601816801093370832857168792823513539124533932163749049
22607 26780137236196959036923628242428477030751393361810903126835967492220464163031665581185549907866
43300 871497865372059
32966 92546625766
78786 18596544470489634317488464303374942855870417368829151980813471081000451983087718560266672514755
78484 676646264749236253231766770787571
2572 241525514571263680080694326555252541226358
87198 21017842142383610670
78939 844995887265492786494069672797742651966593404658911431213937293180720431719358578508281231223
96581 7467948379699108450812639690593814537455020542
52798 9430571661058644244181908802839486543284350132554421418834784779196601081047975231051443047176
79835 1437887962645656017129
58885 28267441242451583482063508482
46395 259926
7131 045136419530002357754509356995542055863688120720959420259702785137770538000609814708
73609 1374701588353642019339897243870303403610773359270882150
76617 7966009864667797206350428148328350778026328771427087754757405523946716945265870178
20042 90819586534925515334487255464270
17295 21722130017347592303439287963462671959915997937732525385433684909765901745
50024 0815956160427982638043381148
27513 38935742007005998045423551470144613339823
57749 7779351043549750846166951756108
74878 72840965872888742907733843805590036168049824528
94963 935049352002401539083494909621929302360604594625629414403649423888458307849482040
93971 86534818327209809305362178334031311668457607794939
87422 88927517269157100632765157950715941687
86259 113370388329147251914598541360935658583
37967 324832636943950849427158811118408038952521082510315550656331077956245357397
50045 0269
91950 525319517493752972817818145443191084667039816875984834177323079
75869 257450342803844838307305972898959342
43371 28754547
90615 6274487225543097791926948096528538265280120474
93510 45651995765730966606471235031317
22028 8843552316663294882418050725583899847016277032684680428639402641079921921158519970
42470 1324804045775693062187409975603238386032424526703325330874817925011187113434
72386 6840883562759409020209648151714724655781101418818614343
29961 368
32746 9955361935396469459480537168107212977238554402844
40034 78689635411352192396502775
67926 369
57927 16405737618157832022203828202938614011710819027846
17674 89242089215260984581655030255116620618000802125999
45039 5516323609998240248140359601295616691355268
9143 171904934690750351443900568936663156970249118895499362802909741692298713463390190676525
59658 96988290158591021933267060571817828183325790828082160439200377128043865288
69972 866249748049705256600332404866291063372425983928288235206248620612295941893788898
62581 779827193976098503227
88545 812925121162309960371702654382698284214674562620066077303566633416542028636336723977952
92989 6004188293312144590269251791637678186504454569886424669086474958125024078855233
6352 9987133104998324919840702
56855 287544745719540909640283729341582665125250856593250177219680054362921879224589747234024268069
50930 44894005609712484980589285980903254259079141839919792360936765849996717707278959606082743058280994
28649 1851231483266865607071059618171
7260 0566806510877982308
33061 020917458940050596798866298527053692620072458044864271378770874360802557230399931491592
88263 44930938059088633646561084
73722 2575739513710677659224170347652
33752 2297049561715659204585170558
41597 337136619018581198570864331087156011782
16004 12125298688633208458948040372686052042509585152363004482841546895453061175993579489597193833693935
96389 4733619
77227 95578653837792603455210474333573961342726504
52184 42964884544841325375724345107114244194191736000289572192537257513368094377716306653608183454
39301 1733782117296917070604816118780932072793376852787774423455970626115603723856232474356219742617919
69458 65858026752390254890065481253087311
92811 39769420967
63597 218070314852246516854343056915965120384689912392404401977610925462895
49851 1391838129073707969207958684318040604781116635177282672038154087938572926890815238855132740398243
61676 26385222646321837987008415473667779673367
95596 1126614116398685919477043414340138275359921880032696479811129
43574 08439014679090782596975021387856453099134547452187669593054241847470425015116769487912877
14920 52122713925732166293035065818878674293105796286804279583452402584967701858282
33046 2528935722877481770255255653864912373826281933748797316988222
81939 88280380756401988475137204277000485527
13127 613993330440
38924 30616222
54810 1440511407307112152737770521101410883339323324369019351419936213393212306866635847
72455 99657209616547181791140220528200928
80979 093598226007432437115344071568237
13727 077097771761850977493996631236961804057019130451416180728836054280698027
92402 26740896959623126607367397967829391
28109 81366850027820719431388641399276245880158482411017593115846520114777572493
8850 0756878632728123469160124078922988723448
19828 756907777411756833414
42848 71921455216107201332548533
25178 62081717612323489930799731113135672943263552287572835762500505248599647560883380011655
79961 77185669722627967059
60163 54826238408914383702746266628475008717387157255284864611736532897120079693470
92531 3188337016417197
42256 417136402944159752541313603780830087944643233221455502197789838906899060893
9264 289019331731003955
84303 805900399896221363850241398529123
98495 100819273450898781778042641894403731061591452976082565741641691580587995147450912691352771205698004
86433 431526759565697821525918638095
78202 1093883684132121742766245
49393 57505960433959724294279325200227508867565908152411955817555928330173110347
68543 076114242404169443242791916456175836
78949 627916369975042807567632716830768710042884631997654315830579990651207507827016
76113 99621412794381507315659788221453251327977637627848961031032955022919484419644756348
19905 3150129554117597709100623759823624310075556264788689135097508417740
16971 2436027
56623 303390564450784724469107976752812593781964134657373644144051411
92555 72482361664892632281175536772720705739545453
97342 0416876903882832376853126936604247884592443114758929684334681677597
69981 514033974
35285 313768861592059088307745250749548181862568768985508559656614776029415039338475678773818750701
95305 52273104329343860061771908020448475996639704754367040349617666490561396876257457861840
27031 2070281084785606434192267041955778893410463609571835232335826645585566730633285484162257951025042
94123 05097975095947750183079557696803720593912888590
21870 31587586339203044630
44162 2904855915775206307655941363720
92768 416517609292419592423350465962361463919300419036905273885298596549875882804189534551596667
34559 9657623031378191984736583
45412 00601416581655434636821761966030427348499887277410245446498811729067023532361491293160835558071
53158 629156701169864082415998907752031024396142560937
73805 794120431804909384731072013983908781774784748698653255888136199721025607
61413 20210077155147784606006940242762468
76449 2569355433056029068452167741007520510650359233613
70485 506704395229079934254186192226384628821612572584485277644452230935190017
25833 20329564634170970308774861399007191760644897202736358863
74461 7947110779510479650264049425002792726329984248674219387597456819753321675267463
59926 439427793328800
48140 07160954364187831745041028561274806106558087834896
95846 79156240061856717857019366585298
66413 7701740616428248869390832731517476278096070548913717684810137100227400404555470127
71541 55274591949623715320820008409638100282467407342141145737680718106605893412654214845312071
84326 3805313343604517381989195
79475 30484695759151835547257684791184468232951880296597667704071019
22469 1601002480615380106989990586375659
43392 92672077532417555583100811188306288521878720741621797117
14574 16639364166147947941065443660185646977405847914387847650393649980677
11869 40404922985949256379727982599609293745723173961798030611723599897301832813075
81197 4680722121837969025991119196581959324684522
47043 155870277783196598010350522652845921623536329373328639347679984
12910 576496028913618095442113444461093988487438075468
77194 8269799616130612582263051465789017472185229434598896180024514533740862370
81365 1791639769533777849174165278352187291421592256278703172457262383780675751136122340939376099689498490
88476 297983091175613440097
27109 42797099345245524101682585310304473480655434532129705609
18755 9621125520972144552851104581
72323 2224114361414137968017319807509495954617422238996114774656527216005975035483893838459414983040
72843 7125074543483702279988042290209
90428 59077741449180592515775782348816120460986443570024992899467533408703787238912224275
71050 381630500384785253615135611
4955 11760452971108154429692562199848546865
56960 19465154213994515696911454831227492822790632629564630648093753198939984707943819074069945
27447 55119450068279083769509541807603898847168032935087593181685803112976
89135 879547040965
45322 5657825049512356744
64456 271852273000010210822519563035584849398705
36309 5065086376961452562310268473119620429854305046376869966490920014448443290566429543151833699
46809 0033948095448682479646918969989947617256784602784207323891746669772448458839771683
56421 47494607715796899674880771170754392514081691369125129602503410
65611 25630148863053181946301320325843355421953127741102269116208391547690435194764241590106177959
45735 7183420441011950020
59004 3478486764232688140864475909000348
34089 1618951838563504686589871672114725861654130160774823987786279
53798 46747877559357777086211746833646127501766374964
71123 0467043801264426480897443196282952104200239866394099400905946
66587 522014189818659621826238595395634031977757627395350551707813004113367192250995507720267
128 13776716538906521317916403538706962480090421129894111577245459835691290456127595906161497
72640 7842877
31565 4879174446631526932282771870749554340922683157694796825600212037103809236198139630169221313511241
77379 38283
46722 722817109198222733683322297654979766671
78819 938599860739509097453683187878422354196643886977033677081006034959245228937841136799634622737
912 481320555474661062981821604037506
96836 400029891526284786267906371581030813751213673869485081922330731865556175
42411 88217950918677734079491799011661078368070
47678 5077885520883647003898919727974524715587289290801827410142782573786774471292801267930739294
39083 428018384114206927514038516344914837
89658 66719875614570039246619748401459239735553580939794243532102064876858293080887257745102458412582856
50675 436
83081 8849
95723 316008064714800727788948056733309387016634
83480 45818667282970318518207241356996
48167 331590643430736317962747717155495055825729042344244930606376323730805184
20177 9119644426413861832763800880329987621203188911810170
7262 4146
76128 27181677758977643616008243513470753743073381122764115474036275464821
87708 1636366141273739366832720637234602756048905968741228224062911140477135339031
88725 585347552418008742923
81185 4809752
54774 731416021373856083669232856404122071849384146914034123
59229 9346757072589310357078783498287936166403
77548 3609462616787791739453302254696354297752916927192202662864394105600892669678640255886045916958
2852 3808079491941748967281595375922905046830658543342787746177582425639007012682800739611287488820319378
38844 7730263407387325932069063938715909689974976650737
64006 9383838126645904151747988001777678036228767982053966653239506099781380
68059 61289578091025887969062564965229883346889197257854723545785674565826368776848322858
60740 618028364209155837969701552
42077 544221314514691398323824251374994595293777124763028819051376733470159305822
13169 96245817994072779159435415288691890801164513682574007063
55002 650295025786293322077
74975 20532042013056076071557250496974451773674434734838076753333
66161 4498464244871987958913992476324593305642279
5527 4092931596257951515993846371714972593693867708264794764742792490075
12155 70073143056197637649295470333999490256697310092961987480549531408553913399694
21646 79190802381017077432104491841937110425623073118672489574121168543674342452557572
46555 7952858652140759348280539
53905 96773819530623585324689923993327767687951084810536
85270 597296424127217533798251688979624150591959690042298795112805411656216863778287271178561663
88761 4069460646668647846029240917864
21511 5434776046206082242721528157635630398937203842584870916897215876828829
72810 68089176
90828 0805420306347564249060316953926000101731615841877908592010059166
37800 17765865818567813431318
11376 0974933439400346
30329 01569681040924265058111665047399008979675220777573494596184420953281188722266
6207 4973570382142
51364 248217196856445177585
7049 00652850708638077805203046
98876 381247867623882964656585151025715210347266303393973003340224
3104 18268099076922231369820393590401363309012855634
14145 685027189002485060525916627412182333191716439161071201599898163616357778
24494 8721702770707059124267847360730645761927323847373
95108 17747568490040129492672865536198469571443217393890324984922833336521542778226405169
70468 3725589982987214181974436749
14545 55693456904467142464186356898940
46574 299517514584788977602862161209943958516190611030304274126230083248565256301136492332
82147 663732277127506168497632669022632468873994752429996934747756141927486793
25764 813
96461 27007928992648214886178538176205528
21028 5367172494888586484160
84243 5698935283914762857388610420215636899
24021 91007667591730812155244095855206959457518704520201024671553554
49876 9091107032994563459194610
64174 844716645980581525303134034548334182157853140
42865 81245251216016296250338282690742181528033871683721187450184730
77715 3171108923310728635888319586574180042121478765128820101430844
49257 6887585769841594389295319588530229998223355813302799689923724406264892396819757
64678 20012265860270602727279956573645368095287363249878871053788931954
34651 82603289999856903868504142941057309919655673358659
50229 394541496915854567480017987294151984446866066498438980
99757 955698164446259
64046 27298876487922
56133 44812602862888909707345918282347541621120894748270693565145638593210296327760197384764495273701129
28184 5807074683110219576397011342634624528977
13326 0308639869894745504506964188977464714925918258635016770173644972728013186975089967502903
41203 9967226409141921272947417377422010630222728007084
72271 0934207100106375582967598865696261516139447114951884938191127706377701224523
77520 50100666565
59803 96595922019418668430943455688284266973515692143209011001743283480983809837061029467108
63921 722879456871949966285225988244725010506846699151822410865651861578343656416862704142834953
70703 5129367934593519564194
23361 276390101878598238749244210951552256789806171895883439939780218991420220398
84533 0369219670101503961978256735325623804
8006 6801523230732241749762080356547853020629211792592348051726700115480949115343
70955 09602627168320954565419436869913335700369429752942752566613935010526253
63590 9228208093569754613465126426647130075306
88790 028232190380707136330393874994032625902382761080244207
60799 77272068371662734749249780221969917244
15693 56098886842257903534040825047425990738050332563811246640160511
11099 03920842662181325742314378748506065949214069
22749 394479463120789921047699876513520124340885651759002
77491 57935567366987783530809423333610818751901644069923957304173
33652 27450675783534986555655895345771442207436035191312747265098423550902
85034 81006714339973123570880411571588159334499934328476349668723021456557804035530
89863 829227812520437734090506861256016249
35116 070963402995982614494100006638788460535147
48 00835666
57728 376263474441425290261702708531599555037715906
20815 71576171556901528240015477432429635135115393843
20791 88349705084414153462757232043116148525314135544242896983192599258546198865901201
76718 45590054906647626435078742300005990215786963911141691
61595 84077223
49984 5356896214923664
58902 6790446759120779225254499390092284339365729532689580
17628 07824972315978053988509299798006243265259787293170608
75313 72569560379486524658016373277
82475 47387884857359551094753731845067
93799 329449195215133613855054467971545845387630942920
67723 34187914861212560092161294755801460644026268181186032343089599
368 38269912800379203511663103241228607012425404391815901504358617661007
10654 379638482201993495276092599242086327979871545379296797884604539435415966
35938 083040585935008082140532673515573569498870086091437295581498699484068564337534569
64980 477556640793276018491019635835982
89952 5173168985230885332003803279125663421887722651897838226152114
94544 14486249700214648258501820093090204938797770424202508687679011176106318115300695640188849591334455
54836 70346791419592479491064325698058948221
31583 4711928368884282465371476321458347078754302277462243464276268498746142
39640 091738199269656173026584244667292216967270156413746108173151389
33325 910230624725116614001886459295234990693253704935469091081485083147998
31864 084228068946550
43878 006294508990703710729875396359749878947687387969433221490701915843474562853
20094 223
40591 0583110407201517020961941531026831930327455528913846933419561267521029759
67185 558872113617256256963435054182552745905736705825086372326843843289733134659696598830788
30803 60564492646111561678448322241839939538057363293633283489972974621775
97095 714356158145227377341969984492
83220 5630443975403107442
54836 5950811311491708563667254196017543191
16036 230996885254
21506 27316216765521650488
40329 51198
55553 06544665042672245319691408213
10409 121690642566716382921428535102760988593312356423132460231380
74303 969326904244527451713941374234495388954972414203
67964 0553546995923093075160155314144176272889551418
89232 741006732579483271262261209424570881222648266935020815961
40090 197793245893996531264081244638
65908 90992837675997341364583554990341940856886649114123309712154333060
57615 880646309132022594116232087556714976
86812 087311546633642430131615449436810326510903095472364078544017869845
11904 776381184529985269336062092
81762 182321767922299379932552908672101982601390682
20047 93935729672339
59777 9595271567332924772114949419501660884040242580504400252775419630935478535
50543 887458254525335144305633297815639604445534513802659272225671204156491203823194
84848 079800647595690
16136 00904286783576515237078721819618959767697918852199394258963460462748452778644
34122 6404832568100947114478965251037062374214354378783201199468083555
16497 598509627055752687056649139512124010139015915434171150662941457271926
64493 19427416074659224015251147264803472
30685 248823925925379960368558628677235967144183360521957801541417442517843595568378059711252
94691 7359929174561690572636650756444828370052984924099029689923623880697172
37611 646211216466702104907766031682420045182
19154 4813256029
14797 537305373715229693784477497870054698670336967498217360472214453499338190046823
5540 160460251398431
5417 27682133575915648098280132618992676827274618139164285577
11677 5022826406079459
84636 4907356975804474708803261361648089883
76400 94796259003557566567853627
83481 352589633930580475491492780304214839132349564143620793023528385698169811025390727
72126 3783193763563836804793327735615202972966373685164445418238226804606977
42751 707502369212132747914749155505295025988621928364662124222483775741454370874811720513415569004730665
3589 022029391851453811652551899628217382959510533850560398498778964563653847523205475163281075827
82110 79013838926858401753059750237116167473488908871400218151825140979907961198957987590498159
4178 83662597211156974071578840977420403437
36469 825
39690 91745826893689045145807095739981540526851535909586166245680697139705687029275078600067823364271357
26946 503777953795988469914433289358006056953150472514671533277137260642
37807 92657821346260123631246452577486110650498437089086202522247676827043
56748 31784165007
54820 8349837368751751916762069581138218304543733305750430413278789229436489222770811243
33452 8531115926776861236570169853981356629557507211374993879010594328951834491643187786
26191 830731442326027818322071733273726819363633157328229714709784
40700 238
489 18066855432594711484
10341 842592644213395137605814771323358541117704799596084883872933192726839096435353
98205 262405193635722174913003265225164
28201 3537895017094794353964411499711512284
21673 310941331349942506068115563
175 6098708605102352650434356623581896
78272 71671326604825567486619435915371941953807984236080776186485815318826
29375 21217352567211901563490711
98993 4717664563222074351489896201277115328693941338611970159854578285348856010185924573572056274245098983
55995 843213810242792386835152779502397188843965110814959
89668 0151776920714321348634657037580958931
56913 376029376851261132418330677703968
52425 31386431348150438484611514696745519300352
84483 79845384303123080832220950820117151599396643648046452013649989333184949953168665566242106010387
8710 82418439081567382852545410014051576953080029780450151021358
6618 49648612564147492719885119977146301554302669
23154 5087218989830884288791036469922595906302550392228
4144 3934664035728236495299611096560603
18012 380329994025995970567707289109394593870616432892140004232406548545724530908
50367 95744337190967303785215308111
57084 214689452839186344082303373722186
60895 099747477555033366044113005696101326552903551555557
95652 49799815791851837264998151531816024543563432497812707734252337599113442196256035793
6768 966851926277477598569270554877110546417627618975888048584293144650901389943437410355836694
18879 679675784792258058464560318871350858602197942342762640516150346199012
52317 412035087434781
1706 26205045417757825985318586281355704391976880473472134922226806069715054311780365970350144187
60076 51199013765792107689227442882002591353504282912
25591 531175557519980795659341812111403
56663 815027261217
88184 74548645325527
30024 1095122121766263529
91180 831192057089802842436028520597446369372442877218
66947 2374016308359878956091235666062654394392400863457035638971217390116
12564 920985115200483721313995550910142957808270704696873191676768046342906598
58251 3896776913736788642526941302936875313095507483407023248422
79453 4795416229719524943349735066078455238872111134959006773115
56996 061098449556008907645233007140754737449
51215 7843169609655626036947
5127 4766292544801128731774900992049381345316487787014770210617772606652328568692474149751
66881 2774677028591268632171464732519973905166305808675944
24362 8031802478840186823791928998229089651500719
52009 4877409639364052798204262
30546 6763705955354689172512888640348378074784707869012448866487707
84936 31483427457266601171697958188173046661982464365898390
34001 838648736998660859120428080333452559855233785010297337872127235931
59216 02004262038614
80838 3060075120801728059168405345914
48031 5986464954717551882686048000551761
60194 043373589791796124988667265535485431
49835 1658056973867088898598990560
75516 010763003156243010280729113825804136493
36417 9968
57443 0903651407936953619688687666688293019333111
9547 8642595514420429595027685984273017602373759361756721239276
18331 88988392538582243407371692369118464716
4336 3618189776036206716084143813847003742128279760599512973930711865004350711786832668676567488879250
96120 24327179542902795942572206317
72652 4218904869235564
96203 13782013488714196531726090693319530038
24803 23458739646147645951750352690
90172 6915379631572582598122925941673
94080 9043943663882482472828978232476531
51492 80802432157621054517977327219262246230
76032 63413206975875489551950009083456297289863106124
69014 57335207358832614876147318263348337970054097342142496430087718617959108404637545566988194
89289 6658585145041247649988
14751 392095082816347840205920107048878478383436128817774486287123599106793088933
13329 9540317879609488964707085875174576781790214018401560224203126801247306478180011764054
97933 8753413596800599170762348807957508263653006788750446040875459909807246987101228418716249080323308013
86611 0781865781918606656023380261489257378003232
96072 70810053578134591524230267738691492117540130830801032461998522895723135791516361782329155084176
8320 153124213157567
85519 6113338195651760579400860815199941563096430
41105 46829927443773798389376041902511181378563142703254888746967958125579147446594473335999303
16089 7646759780269625927919066043774679148226363396328442
35001 19671874404796371996197289960652048160844725417094948242
93976 28324418251680432757110584378164283293842543012503949561994094640632222655921340870974
78417 683725261682769838271058737369378621053585002
86738 553
67241 7424852883365733145763980040221288721632084705061240118515176759698866605814968112256869949693587
29078 48511947347794345203919860282777626654960
2528 63273613912832878714007864990288291258565563997133262389
13060 228919
19922 691433698384966523132961195651780116350104727045021027908898469398951953625460747519008830492
2571 47804184474202947104974526617856030763734630553190960544103365079
80825 327112012180258277683502
82825 9292497340928360
23621 88430252546627337796264378950973839129130368255688
54525 972554856336345292025556337170818654023920748779398924185910
72783 5884501419628
16837 70074821671727715789844056314896045389480077814501452551502119941569594910556058061
60112 250148972653171145095420297
66871 169527993883510969570800677241872810887368339080618985503846045
18839 497879789396945524407150
3562 402549142179135882940438965854969786364
63959 8339418900611092140619361093063373667663700
62620 143500535127215864661018459146617
27199 28319771482894820241069509272067553352698014757353448593979097693183814096410951804275
6578 4963915380337039911816378941561505562618883235895754796399604728438112510486353683538569134
26181 291442652373762498768732457631329436172417935655290001743619335703183414364711189897558
88382 371677377501683213721613966074179875182855063349721007731587792434
98662 143074277801828139814841023
89306 071303992183154651770709449465017035
39589 29222740257838070319631683565183773915306677082
30297 081723551483202699231930028244624351494174130831
91860 499698389494089059325954500844074
69263 908212954192091723887812739918840189466421788197138560205056
87157 165148294904793148898436764046694843757703910691666533053899756289578255442682662256234012359533338
20530 33018163946529965153387455246824766760663855870832813300662591002233
2872 56990426987820302361221867806379059
35544 600572359330619426740248980091952075167609526406002669415948159
89867 507848831125807909
19967 513191683700541515137340503308415451090899992705573677083698670373068171471450522445870139
69045 89981448419629689729337743518486449
44329 580523240734271917
2503 53303138953722237219
93599 642150610066716619454990623679548047088302251432659102
67075 2939700195853807573998619549544027460006
30308 25654230863771567571830410621171364180860334476203340094078180534734207338294477
96661 96797859266335769381356702040
58133 053987553079458455609425966817448760
89076 9895
20615 2514241526989702415573259383
67227 22371256692636076
16670 5765307483577156242661585208200
17356 298432077074
10573 1426150477577039135001884582549622739062009598
68349 31756674700448897182724759243114833353331621127809015026218005050
8742 47363479182073076102544380974341536569472759257946154324776066403454396861497439455616681429363000
93284 7879043068080681265966945760650149417127022286927772733019015325704087
80975 7730317419805494657567480996120417006165
89851 3587442314021053160072918857789933189358793017954586046263809099486963876402679573112046
18129 249769873410004287573554498205846767214543777380597490852
55991 87794
25575 5987369569178
64630 604911757607313800606776892792405083116581466701
77862 0842120066632182813647065204745578830927863203502
9344 888075406513946
23712 0918
45086 972042281388731361608106383759163427
63318 47865384238626409568429020339548686668400167083275108454533
56309 6489
39605 777469102960411873151930710171996260919819689307966346
28100 727286955672355947518622
23861 81873644631574600768175723831911195267016021865015163139772596538659556
45083 306492839306586426798623827331184995479126565190694050307977531476602925201737985337801141307877
62246 74749196885054080448888273674527836340699
82599 48005351597570017561970700
46393 107483179311299073708751923
8799 445696864892
85132 11243423333142484829396651413715708460759230229465693191289229135634085
63996 75573306814382106728348580908719303405040878848161678067845947813202
23922 8919896774168694992355237096639878282358564080638670904982519270865687726598934
79278 08614093099806933621419770829308801887111508332439083130468
63976 354709735269351976942280569111647147381310120204542535290589
89143 20421241142111214152551801591641088699332724093839713423020
86040 37062601640
39690 786427126720003515241386379901421342088997
46683 46995571505145448321797438118985549672321320629508580795167491113426565979198934089588493000981
24077 02698247822087495106436469967290133268892827
10065 10283537121329795804936835262388876469085418432723144007641268804032208204344424774555093
2783 40523780650300844025201092502484557477022767301248604522625149378620270951531529497431427435
87947 7393761341668469820
53192 1156257199366669601380030100563065
7334 59414171994575367948205180799919810527066822245755
67549 2298159861308
6262 551879921919024050485
46591 9630386087
89271 664844426411283421575223505228351176144060532982665955384346
76700 4130442567086860704623223323551417346631607842958270994441772538262396290073141044613186
86879 01404330601508318847818633678023690123533274809317893521022822317941
76348 08754524718813780831440713190644507784644508038133611408355372249503521249
39155 137986963
27455 999220839204004205918836242496470780634584020
79739 564588595026026416563408725621582063630595908326111706027965676711303572566861348
63497 8046827206154293661500835652904841868131366637892402385711459718182257009474683875872106589037
74514 992125664720243099304788817679
27428 7014941973754007614715568213568446590525291566928360205772567425845
18859 647734644656897103988461272517411195314559091344192484533800252031930160887675246
38660 5073857604348291052771
47924 1923023559270211749033634941376180606970760642908295912310682881405986504356826797465408566588333
44537 64744846565314785560655430611498986479497039202122266
15185 24971345706767214389134744515162297582925790604
68953 84634896037856342240119793177524170378218561226773160214065651360158356424140829739
21647 9481584279659415220596486733060152129223893979605556286329864884974386922264347643133861
98665 0726855088359
81144 841731999243501171771835057297103191001017002305547759228187709329431319352120256014412447077873
58347 66174360254957174334242813759
82478 9028224994048014
59228 3999838685940712232668194047296780737379213559233480836889241276846227645582984053307921964571724
51283 30483163396806053573699248093176188925
47205 5753025246842062566909970399363
50156 9813829411486689
69642 51840431912834429836
66179 3916858020623158976074437373756387421247054275244401
61363 576358188821814275940040892112000375008877080419802851643494471511
52844 1141631273211850902656496660469042970411864737012239905713105871189463929818009954510104748
89399 370
91285 57403456686200424048375435848957276175066508729537852767675427650018053899967089978672661405
8473 438165
35398 05395287508402901598473759193066545821354366840300605191
34408 9484584765336543266298936570085508879652649532987186349447267903659354289721704991592231583335
31787 04417640232451824375687397940317706453925
66610 3871191894656450802
3897 959450822
20148 345771110254516354963327295999139509304122114193376576490980
59491 204363745
95845 2141624337882522635730
18430 160322560
13983 2970241597740222032542815314228174602192995549954596948795111711659221
92258 819804952196320132589976668000140451182461402468095717513920082842797329425
73858 44187584843227438340213792692376494526884931014024083121135284
83817 8112675710523117198638598179723263966276617130566122067888705111336315579588145469
76036 0435990606287157372
79872 07708582397605963081290669547
617 730742589761525622
58264 88075380576529704
39523 40275748656166050716
63201 5815077841096965257661520520610266176106250060468667188939334020
10452 5487738806383493641694811732846833274832883403533670607504422112138290127641899200772
99661 0966407176883608548799117905128493596825752040951711550374246809260617318070996363021721441302761
12132 03391996334580652750720
94055 21981938786613257313602227150727941170
64221 0367236772441645931097601189789869295966998381
96894 070832135625162918536784664171
735 5512048684189677661470391379640982875472626418627
79995 906984170
81571 91969549159203325903109455381877322482218936553292537369241095241463164541193706838169238576911662
4286 2831006608112459255830990906499807859007716763312795995550553795570735485481106458
56696 9923520784014969080051321275708424
98122 695865285281300099125557412887042659793842401782957325647466893552213489177082064
2540 5072476499215413498260963432761891481
27097 611823027982521336483688769496634444529748630692447299700710704507725474
74315 5178
49319 43309854000161
35862 60604699978240523676524371652738333003602545272909549415174881239888278
25490 178851764571852388810546730360557909120990830676560641258835482401002573456556164495023964768
90511 077228027962686075858809809399405418836163512
