70 70
53 61 52 43 32 50 36 67 23 21 39 20 13 26 31 60 46 48 34 66 51 8 27 55 15 44 6 64 3 38 33 57 19 68 29 62 24 17 5 35 49 1 69 16 65 12 7 11 4 10 42 37 58 30 22 14 59 63 0 47 18 40 45 25 41 2 9 54 28 56
9 0 0 0 0 0 26 0 0 0 0 0 9 0 0 0 0 23 0 0 0 0 0 0 35 0 0 0 0 0 0 0 3 0 0 0 28 0 0 0 0 0 0 0 0 0 22 0 0 20 0 0 37 0 0 0 0 27 0 0 0 0 0 26 29 0 0 0 36 0
46 18 0 0 0 0 0 44 0 0 0 0 0 0 0 0 0 0 0 0 0 0 0 0 0 0 0 0 0 0 0 0 0 0 0 47 0 0 0 0 0 0 0 0 0 0 41 0 0 0 7 0 0 0 0 0 0 0 0 0 0 0 0 0 0 0 0 0 0 0
0 0 0 0 0 0 0 0 6 0 46 0 0 0 0 0 0 37 0 44 0 0 0 0 0 0 0 0 0 0 0 0 0 0 0 0 28 0 0 0 33 0 0 0 0 0 26 0 0 0 0 26 0 0 0 0 0 0 0 0 0 0 0 0 24 0 0 0 0 0
0 0 0 0 0 0 0 6 0 0 0 0 0 0 0 0 4 0 0 0 0 0 0 0 0 0 0 0 0 0 0 6 0 0 21 0 0 0 0 28 0 0 0 0 13 0 0 0 0 14 5 0 0 0 0 0 0 0 0 0 0 0 0 0 0 0 0 0 0 0
0 0 0 0 0 0 0 0 0 0 0 0 0 0 0 8 0 0 0 0 0 39 0 0 0 43 14 0 0 0 0 0 0 0 0 0 0 0 0 0 0 0 0 0 0 0 0 0 0 0 0 0 0 0 0 0 0 0 0 0 0 0 0 0 0 0 0 24 0 0
9 0 0 0 0 28 0 0 0 1 0 0 0 0 45 0 14 6 0 37 0 0 0 0 0 6 47 0 0 0 0 0 0 0 0 0 0 0 0 0 0 0 0 0 0 0 0 18 0 0 0 0 0 0 0 0 0 0 0 0 10 0 0 3 0 0 0 0 0 0
0 30 0 0 0 0 0 0 0 0 0 0 0 0 0 0 0 0 0 0 0 0 40 0 0 0 0 0 0 0 0 0 21 0 0 0 0 0 0 0 0 0 0 0 0 0 0 0 0 0 0 0 0 41 0 0 0 0 0 0 0 0 0 0 44 0 0 0 0 0
0 32 0 0 0 0 0 0 0 0 0 0 0 0 0 0 0 0 0 0 0 19 0 0 0 0 0 0 29 0 0 0 0 0 0 0 0 39 0 45 0 0 0 0 0 0 0 0 0 0 0 0 0 0 0 10 0 0 0 38 0 0 0 0 0 0 0 0 0 0
0 0 0 0 0 17 0 33 0 0 0 0 0 0 0 0 0 0 3 0 0 0 2 0 0 6 0 0 0 0 0 0 0 0 0 0 17 0 0 0 0 0 0 0 2 0 11 0 0 41 0 0 0 0 0 0 0 43 0 0 0 0 0 0 0 0 0 0 0 0
0 0 0 0 0 0 0 0 0 0 0 0 0 0 0 18 0 0 0 0 0 0 0 0 0 0 0 0 0 0 0 0 0 44 0 0 0 0 0 41 0 0 0 40 0 25 0 0 0 0 0 0 0 0 0 0 3 33 0 21 0 0 0 30 18 31 0 0 0 0
0 0 0 0 0 0 24 0 0 0 0 0 0 0 0 0 42 1 0 0 0 0 0 0 0 34 8 0 0 0 0 0 0 0 0 0 0 0 0 23 0 0 0 0 0 0 44 0 0 0 0 0 0 0 11 0 0 6 0 0 0 0 0 0 0 0 0 0 0 0
0 0 0 0 0 0 0 0 0 0 0 0 0 0 0 0 0 0 0 0 0 0 0 29 0 0 0 22 0 0 0 0 0 0 0 0 0 0 0 0 0 26 0 0 48 0 0 46 0 0 9 41 0 0 0 0 40 37 0 0 0 0 0 0 0 12 25 0 0 0
0 0 0 0 0 0 0 0 0 0 0 0 0 0 0 0 0 34 0 0 45 28 0 6 0 0 0 0 0 0 0 0 0 10 0 0 0 0 0 50 0 0 37 7 0 0 13 0 0 0 0 0 0 4 0 43 0 42 0 0 0 0 37 0 0 0 0 0 0 26
0 0 0 0 18 40 0 0 0 0 0 0 0 0 0 0 0 0 0 0 0 0 0 0 0 27 0 0 0 0 0 0 0 0 0 37 0 0 0 0 0 0 0 0 0 0 0 0 0 0 6 0 0 0 0 0 46 3 0 0 0 2 0 0 0 0 0 18 0 0
27 0 0 0 0 0 0 28 0 0 0 0 0 0 0 0 0 0 0 0 14 0 0 0 0 0 0 0 0 12 0 0 0 0 0 0 0 0 0 0 0 0 0 0 0 0 49 0 0 0 0 0 0 0 0 0 0 0 0 0 0 0 0 22 0 0 0 0 1 0
0 0 0 0 0 0 0 0 0 0 0 19 0 0 9 0 0 0 0 0 10 0 0 0 0 0 0 0 0 0 0 0 0 0 0 0 0 0 3 0 0 0 0 0 0 0 0 0 0 0 0 0 17 47 0 0 0 21 0 0 0 0 26 0 0 0 0 0 0 0
0 0 0 0 0 0 0 0 0 31 0 0 0 0 0 0 0 0 0 0 0 0 0 0 0 38 0 0 0 0 36 0 0 0 0 0 0 0 0 0 0 0 27 50 0 0 10 0 0 0 0 0 0 0 10 0 0 0 0 0 0 0 0 0 0 0 0 0 0 0
0 0 0 0 0 10 0 0 0 0 0 0 0 0 0 22 0 0 0 0 0 0 0 0 0 0 0 9 25 7 0 0 0 0 0 50 0 42 0 0 0 0 0 0 0 0 0 0 0 0 0 0 3 0 0 0 0 0 0 0 0 0 0 49 0 0 0 0 0 5
0 0 0 0 0 0 14 0 0 0 0 0 0 0 0 0 0 0 27 0 0 0 0 0 36 0 17 9 0 0 0 0 0 0 0 0 0 0 0 0 34 0 17 0 0 0 0 0 0 0 0 0 0 0 4 0 0 0 0 0 0 0 0 16 0 0 0 0 0 0
0 0 0 0 39 0 0 0 0 0 0 0 5 27 0 0 0 0 0 0 0 0 0 0 0 0 0 0 0 47 0 0 0 0 0 45 0 0 0 0 35 0 0 0 0 0 0 0 0 0 0 0 13 0 0 0 0 0 0 0 0 27 0 0 0 0 0 0 0 0
0 0 0 0 0 0 0 0 0 0 0 0 0 0 49 0 33 0 0 0 0 0 38 40 0 0 44 0 0 0 0 0 0 0 0 38 0 0 0 16 0 0 18 0 8 0 0 0 0 0 0 0 0 6 0 0 0 0 15 42 0 0 0 0 0 0 0 0 0 33
0 0 0 0 0 19 0 0 0 0 0 0 0 0 0 0 0 0 0 0 0 17 0 0 0 0 0 0 0 0 0 0 0 0 42 0 0 0 0 0 44 0 0 0 0 0 0 0 0 0 0 0 0 0 0 0 0 47 0 0 0 0 0 0 0 0 0 0 0 0
0 0 33 30 0 0 0 28 0 0 0 0 0 0 0 0 8 0 0 0 0 0 0 0 0 0 0 0 0 0 0 0 0 0 0 0 0 0 0 0 0 0 0 0 0 0 0 5 0 0 0 0 7 0 0 0 0 0 0 0 0 0 0 0 0 37 0 0 33 0
0 0 49 0 0 0 0 0 0 0 0 0 0 0 0 0 0 0 0 1 31 0 0 4 0 0 0 32 0 0 0 16 0 0 0 0 0 0 5 0 0 0 0 0 0 0 0 0 0 0 0 0 0 0 0 0 0 0 0 0 0 0 0 0 0 0 0 0 0 0
4 22 28 6 0 0 0 0 0 0 0 0 0 0 0 0 17 0 0 0 0 0 0 0 0 38 28 0 39 0 0 0 38 0 0 40 23 44 0 0 0 0 28 0 0 0 0 0 0 31 0 47 0 0 0 17 0 0 0 38 0 0 0 0 0 0 0 35 0 0
0 0 0 0 0 0 0 0 34 37 0 0 0 0 0 0 0 0 12 3 0 0 0 0 0 0 0 0 0 0 0 8 0 0 0 0 0 0 0 0 0 0 0 0 0 44 0 47 0 0 0 0 0 0 0 0 28 0 0 0 0 0 0 0 0 0 0 0 0 0
0 0 0 0 0 0 0 0 0 0 24 0 0 11 0 31 0 0 0 47 0 0 0 0 0 0 0 14 4 0 0 0 2 0 0 0 0 0 0 0 0 0 0 0 0 0 0 0 0 0 0 0 0 0 0 0 0 0 0 0 0 0 0 0 35 0 0 0 0 0
0 0 0 0 0 0 0 0 0 0 24 0 0 0 0 0 8 0 0 0 25 0 0 33 0 47 0 0 16 0 4 0 0 0 40 0 0 0 0 36 0 0 0 0 0 0 0 0 0 21 0 0 0 0 0 0 0 0 0 0 0 31 0 0 0 0 0 0 0 0
0 0 0 33 0 0 0 47 0 0 0 0 0 0 0 0 0 0 0 0 0 0 0 0 0 0 0 0 2 0 2 0 0 0 0 0 0 0 0 0 35 0 0 0 0 0 0 0 0 0 0 0 6 0 42 0 0 0 0 0 0 16 0 24 0 0 0 0 0 37
0 0 0 0 0 0 0 0 0 0 0 0 0 0 0 0 0 0 0 0 0 0 0 0 0 0 0 0 0 0 48 0 0 0 0 0 0 20 0 22 0 0 0 18 0 0 0 0 0 0 0 0 0 0 0 0 0 0 32 0 0 0 0 0 0 0 0 0 0 14
0 0 0 0 0 0 8 0 0 0 0 0 0 0 0 0 0 0 0 0 0 0 0 0 0 0 0 0 0 0 0 39 0 0 0 0 0 0 0 0 0 0 0 18 38 0 0 0 0 0 0 0 0 0 0 0 0 0 0 0 0 0 0 0 0 0 0 0 0 0
0 0 0 0 0 0 0 49 0 1 0 0 0 0 0 0 0 0 0 0 0 0 0 0 0 26 0 0 0 0 0 0 45 0 0 0 0 0 0 0 0 0 0 0 0 0 0 0 27 0 50 0 0 0 0 50 0 0 0 0 4 0 0 0 0 0 0 0 0 0
0 20 0 0 0 0 0 0 0 0 0 0 32 0 0 0 0 0 0 0 0 0 0 0 46 45 0 44 0 9 0 0 0 50 0 0 0 0 0 0 0 0 33 0 0 0 0 0 0 0 0 0 0 0 0 0 0 0 0 0 0 0 0 0 0 0 0 0 3 0
0 0 0 0 0 0 0 0 0 0 0 0 0 0 0 0 0 0 1 0 0 0 0 0 0 0 0 0 0 50 0 0 0 0 34 0 0 0 0 0 0 0 0 0 0 0 0 2 0 0 0 0 0 0 41 0 0 0 0 0 42 0 0 0 23 0 0 0 0 0
0 0 0 0 0 0 0 0 0 0 0 0 0 0 0 0 0 0 0 15 8 31 0 0 0 0 0 0 0 0 0 0 0 0 0 0 0 0 0 0 0 0 0 0 48 0 0 0 0 0 0 0 43 0 0 0 0 0 0 0 0 0 0 0 0 0 0 29 0 0
0 0 0 0 0 0 0 0 0 0 0 0 0 0 0 0 40 0 0 1 0 0 0 0 0 22 0 0 0 0 0 0 0 0 0 27 0 0 0 0 15 9 0 0 0 27 29 0 0 0 0 0 0 0 0 0 0 0 0 0 0 0 0 0 0 0 0 0 0 0
0 30 0 0 0 0 6 0 0 0 0 24 0 0 0 0 3 0 0 0 0 0 0 0 0 2 0 0 0 0 0 0 46 0 33 46 0 0 43 0 0 0 0 0 0 0 0 9 0 0 0 33 0 0 0 33 43 0 0 0 0 0 0 43 0 0 0 0 0 0
0 0 0 0 0 0 0 0 0 0 0 0 0 41 26 0 0 0 0 0 0 0 0 8 0 12 0 0 19 0 0 0 0 0 0 0 0 0 0 38 0 0 0 0 0 0 0 0 15 43 0 0 0 0 0 0 0 0 26 0 0 0 0 0 0 0 17 0 0 0
12 0 0 0 0 0 0 50 0 0 0 0 0 0 0 0 14 0 38 0 0 0 0 0 0 0 0 0 50 0 0 0 0 0 0 0 0 0 10 0 0 0 0 50 0 0 0 0 0 45 0 0 0 0 42 0 0 0 0 0 0 0 0 2 0 0 0 0 0 0
0 0 0 0 0 0 0 0 0 0 0 0 0 0 0 0 0 0 0 19 0 0 0 0 0 0 0 0 0 0 0 0 0 0 0 0 23 0 0 0 0 0 0 0 0 0 0 0 0 0 0 0 0 0 0 0 0 0 0 0 0 49 0 0 0 0 0 0 0 0
0 0 0 28 0 0 10 0 0 42 0 12 0 0 0 0 0 0 0 42 0 0 0 0 0 0 0 23 0 0 0 0 0 0 0 0 0 0 16 5 0 0 0 6 0 0 0 0 0 0 49 40 0 1 0 40 24 0 0 0 0 0 0 0 0 0 0 11 0 0
0 0 0 0 0 0 0 18 0 33 0 0 8 0 0 0 0 0 0 0 0 0 0 0 0 0 42 0 0 0 0 5 0 0 0 0 0 0 0 0 0 41 0 0 0 0 0 0 40 0 0 0 30 0 1 0 0 0 0 10 0 0 0 0 0 26 0 0 0 3
0 0 0 0 0 0 0 0 48 0 0 0 0 34 0 0 0 0 0 0 0 0 0 0 0 0 0 0 0 0 25 11 0 0 0 0 0 26 0 0 0 0 0 0 0 0 0 0 0 0 0 0 0 0 0 0 0 0 15 0 0 0 0 45 36 0 0 0 0 0
0 0 0 0 0 0 0 0 0 0 0 0 0 0 0 0 0 0 0 0 0 0 0 0 0 0 0 27 0 0 0 0 0 0 0 0 0 0 0 24 0 0 0 0 0 0 0 0 0 20 0 0 0 0 0 0 2 0 0 44 0 0 0 0 1 0 35 0 39 0
33 0 0 0 42 0 0 0 0 0 8 0 0 0 0 4 0 44 0 0 0 0 0 0 0 0 0 0 0 0 0 0 0 0 0 24 0 0 0 0 0 0 0 0 41 36 0 0 0 0 0 0 0 0 0 0 40 0 0 31 0 0 0 0 0 0 0 0 0 0
0 0 0 9 0 0 0 0 0 0 0 0 0 0 0 0 0 0 0 0 0 0 0 7 0 0 0 0 0 0 12 0 0 0 0 0 0 0 0 0 0 0 0 0 0 0 0 17 0 0 0 0 0 28 0 0 0 0 0 0 0 0 0 0 0 0 0 0 0 0
0 0 0 0 0 0 0 0 0 0 0 0 0 0 0 12 0 0 0 0 0 36 0 0 0 0 0 0 0 0 0 0 0 0 0 0 0 0 0 0 0 0 0 0 0 0 0 0 0 0 13 0 0 0 0 0 0 0 0 0 0 0 0 0 0 0 0 0 0 0
0 0 0 0 0 0 0 0 0 0 0 0 26 0 0 0 5 0 0 0 0 0 0 0 0 0 0 0 0 10 0 13 0 0 0 0 0 0 0 0 37 0 0 0 0 0 0 0 0 0 0 12 0 0 0 0 0 0 0 0 0 0 0 0 3 0 0 0 0 0
0 0 0 0 0 0 0 0 0 46 0 0 0 44 0 0 0 0 5 0 0 0 32 0 0 0 0 0 0 0 10 30 0 0 41 6 27 0 0 14 0 0 0 0 0 0 0 0 0 0 0 0 0 0 0 4 0 0 0 0 44 0 0 0 0 0 0 0 0 0
0 0 33 0 0 0 0 0 36 0 42 0 47 0 0 0 40 45 0 0 0 0 0 0 0 0 0 0 0 0 0 0 0 0 0 0 0 0 0 0 0 0 0 0 16 0 0 0 0 0 0 0 7 0 0 0 0 0 0 0 0 0 19 0 0 0 0 9 0 40
0 0 0 50 0 0 0 0 0 0 0 0 0 0 0 0 0 0 0 18 0 7 0 0 0 0 0 0 0 34 0 0 36 0 0 0 0 0 5 0 0 0 0 0 0 19 0 0 0 0 28 0 0 0 0 0 0 45 43 0 0 0 0 0 0 0 0 0 0 0
2 0 0 0 0 0 5 0 0 0 48 0 0 0 0 0 0 0 22 36 0 0 0 0 0 0 0 0 0 0 0 0 0 0 4 0 0 0 0 0 0 0 0 0 0 0 0 0 0 0 0 0 0 0 0 0 0 0 0 0 27 17 0 0 0 0 0 0 0 0
0 0 0 0 0 0 0 0 0 0 0 16 0 0 0 0 0 0 0 0 50 0 0 0 0 0 0 19 0 0 0 3 0 0 45 37 0 0 0 0 21 0 0 0 11 0 0 0 0 0 0 0 0 0 0 50 0 0 0 31 0 0 0 0 0 29 0 0 0 0
0 0 0 0 0 0 0 0 0 0 0 0 0 0 0 0 0 21 0 0 34 41 0 31 0 0 0 0 34 0 0 0 15 0 38 0 0 0 0 0 0 0 10 0 0 0 0 0 0 0 0 1 0 0 0 0 0 0 0 0 0 0 26 0 0 0 0 0 0 0
0 0 0 31 0 0 0 0 0 0 46 0 3 0 0 6 0 0 0 0 0 0 0 0 0 0 0 0 17 0 21 0 0 0 0 0 0 0 0 0 0 21 0 0 0 0 0 40 0 0 0 0 0 0 0 0 0 0 41 0 11 36 0 0 15 0 0 0 0 20
0 0 0 0 0 0 0 0 0 0 0 0 24 28 0 0 0 0 0 0 0 0 0 0 0 0 0 0 0 0 0 0 0 0 0 0 0 0 0 0 0 0 0 0 0 40 0 23 13 31 0 0 0 0 0 0 0 0 0 0 0 0 0 0 0 0 0 0 0 0
0 0 0 0 23 0 0 0 0 8 0 0 0 0 0 0 0 0 0 0 0 0 0 0 0 0 0 0 0 0 0 0 0 0 0 0 0 0 0 0 0 0 0 42 45 0 0 0 0 0 0 0 0 0 0 0 0 0 0 0 0 10 0 0 29 0 0 27 0 0
0 0 0 0 0 0 0 0 0 0 0 0 0 0 0 0 33 0 0 0 0 0 0 0 0 0 0 0 0 0 0 0 0 0 0 0 0 0 22 0 0 0 50 0 29 0 0 0 0 0 0 0 0 0 0 0 0 0 0 0 0 0 0 0 12 0 0 7 0 0
0 0 9 21 0 0 0 0 27 25 0 0 0 0 0 0 0 43 0 0 0 0 0 0 0 0 14 0 0 0 0 0 0 0 0 44 0 0 0 0 0 0 30 0 0 0 0 0 0 0 0 0 0 0 0 0 0 0 0 0 1 0 0 0 0 0 0 20 0 0
6 0 0 0 0 0 0 10 0 27 50 7 0 0 0 0 0 0 0 0 0 0 0 5 0 0 0 0 0 0 0 0 0 0 0 0 0 0 42 0 0 0 0 0 0 0 0 0 48 0 0 0 0 36 8 0 0 0 0 0 33 0 24 0 0 0 11 33 26 0
5 5 0 0 0 0 0 9 0 0 0 0 0 0 0 41 0 0 0 0 11 0 0 0 0 0 0 0 31 0 0 0 0 4 32 0 0 0 0 0 0 0 0 0 0 0 2 2 0 0 0 0 0 0 0 0 0 0 0 0 0 0 0 0 17 0 0 0 0 0
0 0 41 0 0 0 0 0 8 0 0 0 0 0 45 11 0 0 0 0 0 0 0 0 0 0 0 0 0 0 0 35 0 0 0 0 0 0 0 0 0 0 0 0 0 0 35 0 0 0 0 0 0 0 0 0 0 0 0 0 0 0 0 0 0 24 0 25 0 0
0 0 0 0 0 0 0 0 0 0 0 18 39 7 0 0 24 0 5 2 0 0 0 0 13 0 0 0 0 0 0 0 0 0 0 0 0 0 0 24 0 43 0 0 0 0 0 0 0 0 0 0 0 0 28 21 0 0 34 0 0 0 26 0 0 0 0 0 0 0
8 0 12 0 0 0 0 0 0 0 35 0 0 0 0 0 0 31 0 0 0 0 0 0 0 0 0 0 0 0 0 0 0 0 8 0 0 0 0 0 0 0 0 39 0 19 0 8 39 0 0 0 0 0 0 0 0 0 0 14 0 0 0 0 29 0 0 0 0 11
0 0 0 0 0 0 0 0 45 0 0 0 0 0 0 47 0 0 0 39 0 0 0 0 19 0 0 0 0 0 10 0 0 0 0 0 0 0 0 0 0 0 0 0 0 0 19 0 50 0 0 0 0 0 0 0 0 0 0 11 0 0 0 0 0 0 0 0 0 0
0 0 0 0 0 24 0 0 0 0 0 0 0 0 0 0 0 39 0 0 8 23 50 0 46 22 42 0 0 0 0 0 0 0 0 0 0 0 0 0 0 0 9 0 0 0 0 0 0 0 31 0 0 0 0 0 0 0 0 0 0 0 0 2 0 0 27 0 0 0
0 0 0 0 0 0 0 0 0 0 0 0 0 0 0 30 0 0 0 0 0 0 0 0 0 0 0 4 0 0 3 0 0 28 0 0 0 0 13 0 0 0 0 0 0 0 0 0 0 0 0 0 0 0 0 0 0 0 0 0 0 0 0 0 0 0 0 0 0 11
0 0 0 23 0 17 0 24 0 0 0 0 0 0 0 0 0 0 0 0 36 0 0 0 0 0 0 0 0 0 0 0 31 0 2 0 0 0 36 0 0 0 0 0 0 0 0 0 0 0 0 0 0 0 0 0 0 0 0 14 30 30 0 41 0 0 0 0 0 0
0 0 0 0 0 28 0 0 0 0 20 0 42 0 0 0 0 15 0 0 0 0 0 0 0 0 6 0 0 0 0 0 0 0 0 0 0 0 0 0 0 0 0 0 0 0 9 0 16 0 0 0 0 0 0 15 27 0 5 0 7 0 0 0 0 0 24 31 0 0
0 0 0 0 0 0 0 0 0 0 0 0 0 0 0 0 0 0 0 0 0 0 0 0 0 0 0 0 0 0 0 0 0 0 0 0 0 0 0 20 0 0 0 0 5 0 0 0 0 0 0 0 0 0 0 0 0 0 0 0 0 0 0 0 0 0 0 0 0 0
0 0 0 0 0 0 0 0 0 0 0 0 0 0 0 0 0 0 0 0 0 0 0 0 0 0 18 24 0 0 0 0 12 0 0 0 34 0 0 7 0 0 0 0 0 0 0 0 0 0 0 0 0 0 0 0 0 0 0 0 0 0 0 0 0 0 0 0 0 0
0 0 0 5 0 0 0 0 0 0 0 0 0 0 0 0 11 16 0 0 33 0 0 0 22 0 41 0 0 0 0 0 0 0 0 0 0 0 0 0 0 0 0 0 0 0 18 0 0 0 0 0 0 0 0 0 0 0 0 0 0 4 0 36 0 0 0 0 0 0
0 0 0 0 0 0 0 0 0 0 0 0 0 0 0 0 0 0 0 0 40 0 0 0 0 0 0 0 0 0 0 0 0 0 0 0 0 0 0 0 44 0 0 0 0 0 0 0 0 0 12 0 0 0 0 0 0 0 0 0 0 0 0 0 0 0 2 0 34 0
0 5 0 0 0 0 0 0 0 0 0 0 0 49 50 0 0 0 0 0 0 0 0 0 0 0 0 0 0 0 0 0 0 0 0 0 0 0 15 0 0 0 0 0 0 15 0 0 0 0 0 0 0 0 0 11 0 0 0 0 0 0 0 15 10 0 0 0 0 0
0 0 0 0 0 0 0 14 0 0 0 0 0 0 0 0 0 0 0 0 31 0 0 0 0 0 0 0 0 0 0 23 0 0 0 0 0 50 0 0 0 0 0 0 0 0 0 0 0 0 0 0 0 0 0 0 0 0 0 0 23 21 15 0 0 0 0 0 0 0
0 0 0 0 0 0 0 0 0 0 0 0 0 0 0 0 0 0 0 0 0 0 0 0 0 0 0 0 0 0 0 0 39 0 0 0 0 0 0 0 0 0 0 2 0 8 0 0 0 0 0 0 0 0 0 0 0 0 0 0 0 0 0 0 0 0 0 0 0 0
0 0 0 0 0 0 0 0 0 0 0 0 0 0 0 0 0 0 0 0 0 0 0 0 0 0 0 0 0 0 9 0 0 0 0 0 0 0 0 0 0 0 0 0 0 0 28 0 0 0 0 0 0 8 0 0 0 0 0 0 0 0 0 0 0 0 0 0 0 0
0 0 0 0 14 0 0 0 0 0 0 0 0 0 0 0 0 0 0 0 0 0 0 0 30 0 0 0 40 0 0 0 28 0 0 0 0 10 0 0 36 0 0 0 0 0 28 0 0 0 0 0 0 42 0 0 0 0 0 0 0 0 0 0 0 0 0 15 0 0
0 0 0 0 0 0 0 0 0 0 0 0 0 0 0 0 22 0 0 0 0 0 0 0 30 0 0 32 0 0 0 0 0 0 0 0 0 0 0 0 0 0 11 0 0 0 0 0 0 0 0 0 0 0 0 0 31 0 40 0 0 0 19 0 24 0 0 0 0 0
0 0 0 0 0 0 0 0 0 0 0 0 0 0 0 0 0 0 30 0 0 0 0 0 0 0 0 0 0 0 0 0 0 0 0 0 0 0 0 0 0 0 0 0 0 0 0 0 0 0 0 0 0 0 0 0 0 0 0 0 0 0 0 0 0 0 0 0 0 0
0 0 0 0 0 0 0 0 0 0 0 0 0 0 0 0 0 32 0 0 0 0 0 0 0 0 0 21 0 0 0 0 0 0 0 0 0 0 0 0 0 0 0 0 0 0 0 0 0 0 0 0 0 0 0 0 0 0 0 0 41 0 0 0 0 0 0 0 0 0
0 0 0 0 0 0 0 0 0 0 0 0 0 0 0 0 0 0 27 0 0 0 0 0 0 0 0 48 0 0 0 0 0 0 0 0 0 0 0 0 0 0 0 5 0 0 0 0 0 0 0 0 0 0 0 0 0 0 0 0 0 0 0 27 0 0 0 49 0 0
0 0 0 0 0 0 0 0 0 0 0 0 0 0 0 0 0 0 0 21 0 0 0 0 0 27 0 0 0 0 0 0 0 0 0 0 0 0 0 0 0 0 0 0 0 0 0 0 2 0 0 0 0 0 0 0 0 0 0 0 0 0 0 0 0 0 0 0 0 0
0 0 0 49 0 0 0 0 0 0 0 0 0 0 0 0 0 0 45 0 0 0 0 0 0 0 0 0 16 0 0 0 0 0 0 0 0 0 49 0 0 22 0 0 0 20 0 0 0 0 0 0 0 0 0 0 0 8 0 0 0 0 0 0 0 0 0 0 0 0
0 0 0 50 0 0 0 0 0 0 0 0 0 0 0 0 0 34 0 0 0 0 0 0 0 0 0 0 0 0 0 0 0 0 0 0 0 0 10 0 0 0 0 0 0 0 0 0 0 0 0 0 0 0 0 0 0 21 0 0 0 0 0 0 0 0 10 0 0 0
0 0 0 0 0 0 0 0 0 0 0 0 0 0 0 0 0 0 0 0 12 0 0 0 0 0 0 0 0 0 0 0 0 0 0 0 0 0 0 0 0 0 0 19 0 0 0 0 0 0 0 0 0 0 0 0 15 28 0 0 48 0 0 0 0 0 0 0 0 0
0 11 0 0 0 0 0 0 22 0 0 0 0 0 0 0 0 0 0 0 0 0 0 0 0 0 0 0 0 0 0 0 0 0 0 8 0 0 0 0 0 0 0 0 0 41 0 0 0 0 0 0 0 0 0 0 0 0 0 0 0 0 0 0 0 0 0 46 0 0
0 16 0 0 0 0 0 0 0 0 32 0 0 0 34 0 0 0 0 33 0 0 0 0 24 2 0 0 37 0 0 0 0 0 0 0 0 0 39 0 0 0 0 22 0 0 38 2 0 0 0 0 0 0 0 0 0 0 0 0 0 0 0 0 0 0 0 0 0 0
0 0 0 0 0 0 0 0 0 30 0 27 0 45 0 0 0 0 0 0 0 0 0 6 0 0 0 0 0 0 0 0 0 0 0 0 0 1 0 0 0 36 0 0 0 0 0 0 0 0 0 0 0 0 0 0 0 0 0 0 0 0 0 46 13 0 0 0 0 0
0 0 0 0 0 0 0 0 0 0 0 0 21 0 0 0 0 33 0 0 0 0 0 0 0 34 0 0 0 0 0 0 0 0 0 0 0 0 0 0 19 0 0 0 0 0 0 0 0 0 0 0 0 0 0 0 0 0 0 0 0 0 0 0 0 0 23 0 0 0
0 33 40 0 31 0 0 0 0 0 0 0 0 0 0 12 0 0 0 0 0 0 0 0 0 0 0 0 0 0 0 0 12 0 0 0 0 0 0 0 0 0 0 0 0 0 0 0 0 0 0 0 0 0 0 0 0 0 0 0 0 0 0 0 42 0 0 0 0 49
0 0 0 0 0 0 0 0 0 0 0 0 0 0 0 0 0 0 0 0 0 0 0 50 0 0 0 0 0 0 0 30 0 0 0 14 33 0 0 3 0 0 0 0 0 0 0 0 0 40 0 0 0 0 0 0 0 0 0 0 0 0 0 37 0 0 0 0 0 0
0 0 0 0 0 0 0 0 0 0 0 0 0 0 0 0 0 0 0 0 0 0 0 0 0 0 0 0 16 0 0 0 0 0 0 0 0 0 11 0 0 0 0 0 0 0 0 0 0 0 0 47 0 0 0 21 0 0 0 0 0 0 0 0 36 20 0 0 0 0
0 0 0 0 0 0 0 0 0 0 0 0 0 0 0 0 0 0 6 0 0 50 0 0 0 0 0 0 0 0 0 0 0 0 0 0 0 0 0 0 0 0 0 0 0 45 0 0 47 40 0 0 0 0 0 0 0 0 0 0 0 0 1 0 0 0 46 14 0 0
0 22 0 0 0 0 0 30 30 0 0 0 0 0 0 0 0 24 0 0 0 0 0 0 0 0 0 0 0 0 36 0 0 0 0 0 0 0 0 0 0 0 0 0 0 0 0 0 0 0 0 0 0 0 0 0 0 0 0 0 0 0 22 0 0 0 0 0 0 0
0 0 0 0 0 0 0 0 0 0 0 0 27 0 0 0 0 2 0 34 0 0 0 0 0 0 0 0 0 41 0 0 0 0 0 18 0 0 0 0 0 0 0 0 0 0 0 0 0 0 0 0 0 0 0 0 35 0 11 0 0 0 0 0 0 0 0 0 0 0
18 41 0 0 0 0 0 0 0 0 0 0 0 0 0 0 0 0 0 0 0 0 0 0 0 0 0 0 0 24 0 0 0 0 0 0 0 0 0 0 0 0 1 0 0 0 0 0 35 0 0 0 0 0 0 0 0 0 0 0 0 22 0 0 0 28 0 0 0 0
24 0 0 0 0 0 0 0 32 0 21 48 0 0 0 0 0 0 0 0 0 0 0 0 0 0 0 0 0 0 0 0 0 0 0 0 0 0 0 0 0 0 0 0 0 0 0 0 0 0 0 0 0 3 0 0 21 0 0 0 0 0 0 0 0 0 0 35 19 0
0 0 0 0 0 0 0 40 0 0 0 0 0 16 0 0 0 37 0 0 0 0 16 0 0 0 0 0 0 0 0 0 0 0 0 0 0 0 0 0 0 0 32 0 0 0 0 0 0 0 0 0 0 0 0 0 0 0 0 0 0 0 27 0 0 0 0 0 0 0
0 0 0 0 0 0 0 0 0 0 0 0 0 0 0 0 0 0 0 0 0 0 0 0 0 41 24 0 0 0 0 0 0 0 0 0 2 0 0 0 0 0 0 0 0 0 0 9 28 0 0 0 0 0 0 0 0 38 0 27 0 0 0 0 0 0 0 5 0 0
0 0 0 0 0 0 9 0 0 0 0 0 0 0 0 0 0 0 0 0 0 0 0 0 36 0 0 0 0 0 0 0 0 0 0 0 0 0 33 0 0 0 0 0 0 0 0 0 0 0 0 0 0 0 0 0 0 0 0 0 16 0 0 31 0 0 0 0 0 0
0 0 0 0 23 0 0 0 0 0 0 0 0 0 0 0 0 0 0 0 0 30 0 0 0 0 0 0 0 0 0 0 0 0 0 0 0 0 0 0 0 0 0 0 0 24 0 0 38 0 0 0 0 0 35 0 0 0 0 0 0 0 0 0 0 0 0 0 0 35
12 0 0 0 0 39 0 28 0 0 0 0 0 0 0 0 0 0 0 0 12 0 0 0 0 0 0 0 0 0 0 0 0 0 0 0 0 0 0 0 0 0 0 0 26 0 0 0 0 0 0 0 0 0 0 0 0 0 0 34 0 0 0 0 0 0 13 0 0 0
0 0 0 0 0 0 0 0 0 0 0 0 0 0 0 0 0 0 0 0 0 0 0 0 0 0 0 0 0 0 0 0 0 0 35 0 0 28 0 0 0 0 0 0 0 0 0 0 0 0 0 0 0 0 0 0 0 0 0 0 0 0 0 0 0 0 0 0 0 39
0 0 0 0 0 0 0 0 0 0 0 0 0 0 0 0 0 0 0 0 0 0 0 0 0 0 0 0 0 0 0 0 0 35 0 0 2 0 0 44 0 0 0 45 0 0 0 0 0 46 0 19 0 0 0 0 0 0 0 0 0 0 0 0 0 0 0 0 0 0
0 0 0 0 0 0 0 0 0 0 0 0 0 0 0 0 8 0 0 0 0 14 0 0 0 18 0 0 0 0 0 0 0 0 0 0 0 0 0 0 0 0 0 0 0 0 0 0 0 0 0 0 0 0 0 0 10 0 0 0 0 0 0 0 4 0 26 0 0 0
34 0 0 0 0 0 0 0 0 0 0 0 0 0 0 0 0 0 0 0 0 33 0 0 0 0 0 0 0 2 0 0 0 0 2 0 0 0 0 5 0 47 0 0 0 0 0 0 0 0 0 0 0 6 0 0 0 0 0 45 0 0 0 0 0 0 0 48 0 37
0 0 0 0 50 0 0 10 0 0 0 0 0 0 0 0 0 0 1 0 0 0 0 0 0 0 0 0 0 0 0 0 0 28 0 0 0 0 0 0 0 0 0 0 28 0 0 0 0 14 0 48 0 23 0 0 0 0 21 0 0 0 0 0 0 17 0 0 0 0
0 0 0 15 0 0 0 0 0 0 0 0 0 49 10 0 0 39 0 0 0 0 11 0 0 0 0 0 0 0 33 0 0 0 0 0 0 0 0 0 0 0 0 0 0 1 0 0 0 0 0 0 0 0 0 0 0 0 0 0 0 0 0 0 0 0 0 0 0 0
7 0 0 0 0 0 0 0 0 0 0 0 0 0 0 0 0 0 0 0 0 3 0 0 0 0 0 0 0 0 0 0 0 0 44 0 5 0 0 0 0 0 0 0 0 0 0 0 17 0 0 28 0 0 0 0 0 0 0 0 7 0 0 0 0 0 0 0 0 0
0 0 44 0 0 0 0 36 0 0 0 0 0 0 0 0 0 0 0 19 0 0 0 0 0 0 0 0 0 0 0 0 0 0 0 0 0 0 0 0 0 0 0 0 35 0 0 0 0 0 0 0 0 0 0 0 0 0 0 0 0 0 0 0 0 0 0 0 0 0
0 0 0 0 0 0 0 0 0 0 0 0 0 22 0 0 0 0 36 0 0 0 0 0 0 0 0 0 0 0 0 0 0 0 0 0 47 0 0 0 0 0 0 0 0 0 0 9 0 0 0 0 0 0 0 0 0 0 0 0 12 0 0 0 5 39 0 8 0 0
0 0 0 0 0 0 0 0 11 0 0 0 0 0 0 0 0 0 0 0 0 0 0 0 0 0 1 0 32 0 0 0 0 0 0 0 0 0 0 0 0 0 0 0 0 0 0 0 0 0 0 0 0 0 0 0 0 0 0 0 12 0 0 0 0 0 0 0 0 0
0 0 0 0 0 2 0 0 0 0 0 5 0 0 0 19 0 22 0 0 0 0 0 0 0 0 0 0 0 0 0 0 0 0 45 0 0 0 0 0 0 0 0 0 0 0 0 0 0 0 0 0 0 0 0 0 0 0 0 0 0 0 0 40 0 0 0 0 0 0
0 0 0 0 0 0 0 0 0 0 0 0 0 0 0 0 0 0 0 0 0 0 0 0 0 0 0 0 0 0 0 0 26 0 0 0 0 28 0 0 35 0 0 0 0 0 50 0 0 0 33 0 0 0 0 0 0 0 0 0 0 0 0 0 0 0 0 0 0 0
0 0 0 15 0 8 0 0 0 0 0 0 0 20 0 0 41 0 0 0 0 0 0 45 0 0 0 0 0 0 0 24 0 0 0 0 0 0 1 0 0 0 0 0 0 0 0 0 0 0 0 0 0 0 0 0 0 0 0 0 0 0 0 0 0 0 0 0 0 0
0 18 0 0 0 0 28 28 0 0 0 0 0 0 0 0 0 38 0 0 0 0 0 0 0 0 0 0 0 0 0 0 0 0 0 0 0 0 0 0 0 0 0 0 50 0 0 0 0 0 0 0 0 33 0 0 0 0 38 0 0 0 0 0 0 0 0 0 0 0
0 0 0 0 0 0 0 0 0 0 0 0 0 0 0 0 0 2 0 0 0 0 0 0 0 0 0 0 0 9 0 0 0 0 0 0 0 0 0 0 0 9 0 0 0 0 0 0 0 0 36 0 0 0 0 0 0 0 0 0 0 0 0 27 0 0 0 21 0 0
0 0 0 0 0 0 0 0 0 0 0 0 2 0 0 0 0 0 0 0 0 0 0 47 0 0 35 0 0 28 0 38 0 0 0 0 0 0 0 17 0 0 0 0 0 0 0 0 0 0 0 0 0 0 0 0 10 0 0 0 0 0 0 0 0 0 0 0 0 0
0 0 0 0 0 0 0 0 0 0 0 0 0 0 0 0 0 0 0 0 0 40 0 40 0 0 0 0 0 0 0 0 0 0 46 0 0 14 0 0 0 0 0 0 0 0 0 0 0 0 0 0 0 0 0 0 0 0 0 0 0 0 0 0 0 0 0 0 0 2
0 0 12 0 0 0 0 0 0 0 0 0 0 0 0 0 0 0 0 0 0 0 0 0 0 0 0 0 0 0 0 0 0 0 0 0 0 0 0 0 0 0 0 0 33 0 0 36 0 0 0 6 0 0 0 0 0 0 0 0 0 0 0 0 0 42 0 0 0 0
0 0 0 0 0 0 0 0 0 0 0 0 0 0 0 0 0 0 0 0 0 0 47 0 0 0 0 0 0 0 0 0 0 0 19 0 0 48 0 28 0 0 0 0 0 0 0 0 0 0 6 0 0 0 0 0 0 0 26 0 0 0 0 0 0 0 0 0 0 0
0 0 0 0 0 0 0 0 0 0 0 0 0 0 0 0 0 0 0 0 0 0 0 0 0 0 0 0 0 0 0 0 0 0 0 0 0 0 0 0 0 0 0 0 0 0 0 0 0 0 0 0 0 0 0 0 0 0 0 0 0 0 0 0 0 0 0 0 0 0
0 0 0 0 0 0 8 42 0 0 0 0 0 0 0 0 0 0 0 0 0 0 0 0 0 0 0 3 0 0 0 0 0 0 0 0 6 23 0 0 0 0 0 0 0 0 33 0 0 0 0 0 0 0 0 0 0 0 3 0 0 0 0 0 0 0 0 0 34 0
0 0 0 0 0 0 0 0 0 0 0 0 0 0 0 0 0 0 0 0 0 0 0 0 0 0 0 0 0 0 0 35 0 0 0 0 0 0 0 0 0 0 0 0 0 0 0 0 0 0 0 0 0 0 0 0 0 0 0 0 0 0 0 0 0 0 41 0 0 0
0 0 0 11 0 0 0 0 0 0 0 0 0 0 0 0 0 0 0 0 0 0 21 0 0 0 0 0 0 0 0 0 0 0 0 0 0 0 0 0 0 0 0 0 0 0 0 0 0 0 0 0 0 0 0 0 0 0 0 0 0 0 0 0 23 0 15 0 0 0
0 0 0 0 0 0 0 0 31 0 0 0 0 0 0 15 0 0 0 0 0 0 0 0 0 35 0 21 0 0 0 0 0 0 0 10 0 0 0 0 0 0 0 0 0 0 0 0 10 0 0 0 0 0 0 0 0 0 0 0 0 0 0 0 0 0 33 0 0 0
0 0 0 0 0 0 0 0 0 0 0 0 0 8 21 28 0 0 0 0 0 0 0 0 0 0 0 0 0 38 0 0 0 0 0 0 0 0 0 0 0 0 0 0 0 0 0 0 0 0 0 0 0 0 0 0 0 0 0 0 0 0 0 0 0 0 0 0 0 0
0 0 0 0 0 0 0 0 40 0 0 0 0 0 0 0 0 0 0 0 0 0 0 0 0 11 0 0 0 0 0 0 0 0 0 0 0 21 0 0 0 0 0 0 0 0 38 0 0 0 0 26 0 3 0 0 0 0 0 0 0 0 0 0 0 0 0 49 0 0
0 0 0 0 0 0 0 0 0 0 0 0 0 0 0 0 0 0 0 0 0 0 0 0 0 0 0 0 0 27 0 0 34 0 0 0 45 0 0 0 0 0 0 0 0 0 0 0 0 0 0 0 0 0 0 0 0 0 0 0 0 0 0 0 0 0 0 25 0 0
0 0 0 0 23 0 0 0 0 0 41 0 0 0 0 48 0 0 0 0 0 0 0 0 0 0 0 0 0 0 16 0 0 0 0 0 0 0 0 7 0 12 12 0 0 0 0 0 0 0 0 0 0 0 0 0 0 0 0 0 0 0 0 0 0 0 0 0 0 0
0 4 0 0 21 0 0 0 0 0 0 0 0 0 0 0 0 0 0 0 0 0 0 0 0 0 22 0 0 0 0 0 0 0 0 0 0 0 0 0 0 0 0 0 0 0 0 0 0 0 0 0 0 0 0 0 0 0 0 0 0 0 0 0 0 0 0 0 13 0
0 0 0 0 15 0 0 0 19 0 0 0 0 0 0 0 0 0 0 0 0 0 0 1 22 0 0 0 27 0 0 0 0 0 0 0 0 0 0 0 0 0 0 0 0 0 0 0 0 0 0 0 0 0 0 0 0 0 0 0 0 0 0 0 0 0 0 0 0 0
0 36 0 15 0 0 0 0 0 0 0 27 0 0 0 0 0 0 46 0 0 37 0 0 0 0 0 0 0 0 31 0 0 0 0 0 0 0 0 0 0 0 0 40 0 0 0 27 0 0 0 0 0 0 0 0 0 0 0 0 0 0 0 0 0 0 0 0 9 0
0 0 0 10 0 0 0 0 24 0 0 0 0 0 0 0 0 0 13 0 42 0 36 0 0 0 0 0 0 0 0 0 0 0 0 4 0 0 0 0 0 5 0 0 0 0 0 0 0 0 0 0 0 0 0 23 0 0 0 0 0 0 0 0 0 0 0 7 0 0
0 0 0 0 0 0 0 0 0 0 0 0 0 0 0 0 0 0 0 0 0 0 20 0 0 0 28 0 0 0 0 0 0 0 0 0 0 17 0 0 0 39 0 0 0 0 0 0 0 0 42 0 0 0 0 0 0 0 0 0 0 0 0 0 0 0 0 0 0 0
0 0 2 0 0 0 0 0 0 0 0 0 0 0 10 0 0 0 0 23 0 0 0 46 0 0 0 0 0 0 0 0 13 0 0 26 0 0 0 0 0 0 0 0 0 0 0 0 0 0 0 0 0 0 41 15 33 0 0 0 0 0 0 0 0 0 0 0 0 0
0 0 0 0 0 0 0 15 0 0 0 49 0 0 0 0 46 0 0 0 0 0 0 14 0 0 0 35 0 5 0 0 0 0 0 0 48 0 0 0 0 8 0 0 0 0 0 21 0 0 0 0 0 0 0 0 0 0 49 25 0 0 0 0 7 0 0 0 0 0
0 0 34 0 0 0 0 0 0 0 0 0 0 0 0 0 0 0 0 0 0 0 0 0 0 0 0 19 0 0 0 0 0 0 0 0 0 0 0 0 0 0 0 0 0 0 0 0 0 0 0 0 0 34 0 0 0 0 0 0 0 13 0 9 0 0 0 0 0 0
0 0 0 0 0 0 0 0 0 0 0 0 0 0 0 0 0 0 0 0 49 0 0 0 0 0 0 0 0 0 0 35 0 39 0 0 37 0 0 0 0 0 0 0 0 0 0 0 0 2 0 0 0 0 0 0 0 0 0 0 0 0 0 0 0 0 0 0 0 0
