1000
65819 867066
50663 20021
40108 932673
10675 959
12223 7945
67384 213918
34644 5847
50145 579
25148 5660759
19793 19521124
24401 9942027
69112 626
29529 163584
18368 951593
86048 8424390
40679 4235
38423 8050
44583 55598994
92186 420
21949 35912
87626 8450
98662 0108
64485 5791770
16697 6120
95582 79870
30104 884108
59330 48695737
69616 5857
94798 79195
28193 422837
50543 239
38755 155020487
39787 995724783
91195 0337
29036 613553628
71856 0813249
64123 67784
74369 630
79247 910
18872 27413
28290 66158
58840 66346192
76000 662
50821 43644
80302 89060
16241 837619106
36897 76475101
76057 49770053
97502 937949
42140 88570333
31730 9472
54329 6753974
62978 72018615
20048 0763443
29283 260968
81878 50853825
80977 4717
70439 592271
49418 050921725
98507 637321
34243 64411
45443 163697152
81849 32356
87933 13278031
79873 38659
23041 5329148
69150 898
53090 38809448
97492 8703
37744 69397
71625 57380431
84458 52313199
28276 265
43452 074
29228 0218
98033 22176
62800 405505
31804 72175820
21548 0481362
11041 831959
51466 32696
56745 5311
21646 750329
33963 772631
44819 3284806
25260 7293
57172 9438263
13136 988131396
12447 226
70266 379
88924 750899
32681 554
40602 6214
76167 18800
67271 3143
46388 7589
66917 56337
54572 267345
98692 17778828
42120 3325073
41069 543726
63764 2842731
51294 103889838
46999 273
95073 99205
61829 365924031
77680 878575
32637 9710824
37556 67129024
70396 3411
27375 537778135
23969 699242168
74104 5121
43041 0210791
63001 4020721
74214 973292949
95569 893
98326 69613
93024 989112005
83674 28407
76101 53247
93984 448383
90848 51320655
59510 57104
90974 9109710
82989 95086798
83719 5661
48818 0136
89591 999360
78822 05268347
35121 436628
54838 110946
65682 994540
20677 3710517
20778 855590
18678 09541556
89674 891
34267 623
34770 534164952
86460 130445041
25920 5998
71446 9897
83537 033662
39839 5687944
51111 3043295
46670 9398552
34387 0197
53036 053348372
61801 4844
21468 99582781
83926 333962752
59605 35245722
42708 53210
19048 030288
31808 042
86817 733597
96628 530069224
98414 443425
73404 6134377
46026 6034179
82552 666073864
81612 982034565
63036 88274
32450 984590
72569 848965058
59788 67667759
30377 73846
84686 934645815
59346 47390134
73967 888127025
51947 8909798
68439 5155
96785 10094
47366 389
48007 065161823
14777 89852
32874 646266
14156 521
20875 67580359
96899 0340394
91828 8420
90981 37520668
67564 984410037
82205 12798
18979 348
21585 530
48032 09037302
46896 7953
83726 10578122
77167 0917855
40365 52630674
73875 634800
89403 504441
53964 34316439
92990 8486197
99359 51779
62672 4116
27603 638
36495 348991
21713 490827
21257 489
51333 483244
95724 12337
83437 689420
40406 7358
88090 979358
41011 78864
51906 9322305
83924 813
80532 5321
78996 39519
51288 973
38030 753923733
67536 5945
10558 403543331
48098 418204
33103 57052526
98740 492781978
53519 49933
88839 317
46153 057085861
14242 3731
75165 463170605
75686 975321
92856 416
47151 487739
84247 88037063
81211 05192628
98121 16221
66839 26478765
31976 3943
61954 905477
22636 306
77845 408172931
62023 3124348
70932 480560
13441 0253
87366 0672
70060 89733465
80473 7820887
60324 5147069
67452 8904025
64956 794498
94414 92715648
98790 6670
55462 395
99256 712
41111 989066055
77773 7223
66521 51400
45162 79430358
66621 602
16781 64649
76866 523
68298 51988507
16622 693
87892 263815213
75264 723314
50624 5674
39717 61047448
19692 6642979
84873 71440623
93957 003999393
16101 937
82457 01776771
46230 6905
59652 48727
71517 7869
19855 125553749
78375 6411
54114 903
74715 303738850
30735 482077099
62480 517120
56944 067242
53098 067822
53932 607532
91630 9893
35343 420
84740 14140
93958 972
10726 67687
77278 492932035
86091 9462280
59650 817857
93032 206238
72225 073678999
58002 91783
15040 975
66931 10779
99889 8646112
70292 1179173
56784 7650
34277 99088816
16711 02348535
23928 634364406
24327 256831285
20494 181365
30360 954504
87943 634650138
77837 960353
62809 8799874
72978 643
56601 7008
90199 24963174
32121 8811
93584 104961
42635 573166489
78600 710180167
34393 712597440
66578 757930625
25242 082917
62571 685274050
40882 203524736
61538 70012358
29054 583823695
39042 02721498
94247 3266181
88746 867146595
34658 8560
64742 6467
82772 312339
12645 613016121
26504 2160573
11032 62423
56364 46342
38008 46725493
75830 05637401
86637 423
75035 26069
70517 710601
79794 71395936
54643 04345
95224 66953
91038 744837682
99559 462236844
42379 1512
45973 1020
25722 41019
52955 89716288
45039 2094511
77732 412
47189 24488
33377 902341
14499 39373724
68676 9505
27519 4606
12043 726374
86723 210
21732 8764
90188 90608
49768 42055437
20511 9249
28118 76358264
77157 77103353
57960 2035
22933 64463920
19316 078
20839 38532
17049 89242
15053 761942860
85677 568688
85459 435
86953 18933
27102 941
93238 67692
73502 7557
27119 81216
81345 591
10966 008800644
74184 254
96026 7008
60104 1128
36961 53246977
91267 4475
78327 9362157
84085 628514
58157 157160006
84664 400685391
81126 3906
93169 93183713
83085 6562
19801 42010451
94518 28509947
12861 14830331
79440 94202585
65367 754
33430 278012
80143 1641
73017 464981284
30958 4795704
96897 045
33378 695
80449 1786
11523 0563
25628 9029354
73995 9659
65710 848
79743 6428
71177 59099
50430 519709
70478 2817555
22501 048815
82262 00320
52154 628392
43475 28651795
85598 077187010
88554 458
67013 4898471
16469 78742665
86811 573
48912 7656
92602 722
73234 956
56026 749836131
31509 36628
50514 462070747
49991 2542
83306 82982697
41000 65791523
21529 774753481
10703 215
65519 139
34554 0926202
87263 7634
56685 85123816
29961 9499397
65447 56451
70646 40316248
72245 7732294
74810 088507554
67852 719
18459 08972
69447 330790
17987 1960
40953 00111931
73316 816
35722 498309
50174 20630
90344 01511592
20870 043036013
14883 554353
37788 522
55680 81445853
72411 4753
63708 461
20358 58676244
90922 05680459
69674 14654593
53745 6682665
49280 5300
18189 563
24675 555
89699 587982202
85077 125269
92493 940
34928 552
58120 80531
25391 34443
21593 747223
71860 458435
96362 386
29251 575534
81686 934
12395 207861292
76660 388093289
46036 19241281
49765 24942698
23816 4203
53088 86715315
34231 06663576
96971 027609
59592 056830123
81517 9807047
60426 37420
32054 500
91263 0200
54547 12988226
37152 861
36777 288656
64977 4547
38144 216
93085 97794
61521 8861
41499 1959366
16498 160
32434 1706
82849 405596
74394 249842500
88653 9427673
71847 2712181
45124 8898098
45986 150480
83991 491004
24039 043
42526 883256641
80325 46474854
31125 3695
77577 60641
74866 5549221
81988 06719790
99801 83253
33990 8706
43090 22008608
12079 8113258
20330 0467
58926 12126669
32098 984276
80900 5075062
24055 48638502
33813 659322628
71669 883
48812 28852
61899 495998801
47459 492364
18791 251318938
61144 91602
34460 0031
32522 819656555
68084 211221868
88724 368
57313 9563
75275 25532597
61868 795545657
99089 1873
69504 64415812
51765 338665
16702 11101008
63276 399875701
19692 6835
58059 866460
58043 99914
50467 238586360
95791 4467
34733 3821
80637 391810197
72387 85942715
40364 991
62324 01142
24867 72126
21842 524987
35966 6107597
46594 986879
83189 779
62519 3391
59599 6352
43634 573784607
70640 794
68072 55442
14121 95786
73449 7804863
67219 952
13566 62400
53563 54392520
38245 798551
67923 0355
15705 15086
76401 68034
56220 247
23721 05543036
71417 60552072
38078 344
84800 88441
29471 9931
70050 627
12784 1084
37565 01164
73512 230545011
53392 98511
85598 98028410
74999 429
15107 877
70125 0527740
41157 07369083
30194 43618
55744 8592547
77876 36931664
93848 175830081
56691 798894
82677 2924615
97516 7177059
62630 3868422
19846 802783
20704 808834544
41202 649507
28170 5167
20190 212264
80710 92369409
37758 09600
45783 814337
19207 36425
30643 98558
25148 3096728
45170 93220
53536 017
36260 44698324
29863 854
94647 6115580
42254 218336
55046 724697822
47864 9941898
31712 01795
83967 3620187
59380 224715568
77360 299290
34913 034
70147 611929815
46842 23916857
78954 14186101
56569 94496613
76359 072
42141 739815553
77923 0526
99897 415
43623 286
37931 6614
28751 8184
98517 204384003
75161 500
26694 4728
42323 92500983
89537 510270597
47533 4128
95253 8563
63109 52532734
36943 906381
10690 8508552
68621 7200550
91481 4555
45639 14674001
42937 21883
43472 68821
63960 15326003
82986 776191217
20793 119
66596 6821966
59377 3736174
89688 81721
50881 092063154
60128 11586
67124 4960411
11190 584
32382 91921
22499 3475
75052 0870623
73542 473
20061 866904
85847 44949356
11620 15367
50930 6850
27903 269448996
39731 048192943
19002 056
64333 994691154
70957 495787
81166 334830
41308 912636
65694 83360
30577 713343
61742 362683
82377 25619
40261 57304571
17613 279
80657 082
82944 184561421
27257 29504
77701 120
12623 9092
57662 6148628
49793 5675053
32821 317454112
46004 0333690
59595 052354
67155 31713
58942 678
28012 385
20965 45072772
15448 4068
98540 156109426
96525 218548
75211 9783695
11985 79312
87183 627908143
96951 5267195
54875 057864003
23665 68355
84498 8338128
14906 995740
63869 506
80276 483
34119 9709078
20093 59351182
99295 232937
43484 5022517
79634 50538951
72529 85061245
90220 118680
33571 100
80926 179514213
64481 7313909
92854 1074
14221 8110
46313 8249
87583 6909
68669 777521929
79976 8067482
15905 17051
86998 6031582
70227 185
55833 91242
76947 784003431
75024 84614300
55990 06710
77500 58505013
13676 1195
42264 370100
44529 129215377
81754 738
48203 74766375
76177 90551
11662 999
80846 67517554
22995 0321
86954 418377668
66432 31145
49356 400572831
55223 34562
52215 35145778
82377 6165
10994 256033
58291 50423390
14911 203047556
86384 163112
67616 77362799
36071 383
80620 342703
97043 73884182
69679 8221183
55427 1255
60334 330
44056 945549353
52508 174449
94100 806
65224 0574
54282 15869
10893 44196357
54792 82400868
90522 3967
16818 1851247
29067 6079650
78641 9676449
33821 9529
48525 6988882
56666 4871402
16854 99439
91744 75505629
35814 6337
69358 426238
24741 26667908
19802 35721
67859 0056
19885 825893402
24266 164
93993 97428928
86935 182080050
71355 333
93787 87112
80609 584
33968 15453
20868 179
31591 09930
75050 1800422
35470 42964
12151 674197553
67203 259730385
57291 7247077
74738 799
25824 90952842
90861 504
11494 02452714
40617 272
41782 51884425
69613 6808
30549 985277
12040 84365882
58219 49058
59705 24702615
44678 9710
96324 25523753
77420 41962076
30756 86966819
31697 0251189
49624 57008024
73886 269893708
17770 50394
21947 606
56103 78168916
44768 33757336
50267 7607095
82468 5793
12843 50316
21399 9529
42623 746
53916 39498
44459 916
61462 281
19412 82907
19133 20835
79073 1781
89042 466814347
89044 60037276
24310 43740388
35500 25595
69452 959226
29764 8583940
22579 54605788
62123 999659154
35990 50395566
90105 32778980
63567 90672
31292 651
69411 77092370
78764 38191028
60601 08214
29438 192764
86587 586016
67982 570675
66613 7968
25971 379
71395 415107
67251 644
92700 28820
89453 856724328
47272 1797657
26730 27841444
67203 37524
23834 66845
68670 87646
85992 4641
71011 1090
94005 369146273
81837 2184170
34971 6971
88217 146853
68107 253299
46411 1404824
83520 11523351
89145 1614
65341 58832851
57704 43962
20324 06571495
50866 0938
63231 91261655
79566 0597
68424 0599
79644 8846
61853 307803687
35308 749437839
41438 0037517
77908 866607523
71561 8006972
90262 616039034
60649 566833203
57105 138
26763 53902764
23767 881
80171 240
41921 308
16417 215586411
80911 221610
47892 64451
99769 2942757
37545 5514813
97878 771120
23433 4122
34324 170802
26583 82565239
76195 96949352
56116 3727
69261 867443
44106 93874559
54702 85692
79083 5657
97173 075
98198 6235668
57885 018
14383 1988
22424 893
29146 587549
15226 012693
19630 402191271
27661 308
97414 246874657
99318 9071
90085 054561273
99166 9408824
90665 73983
98385 21325
34447 813806078
41026 5741990
59573 4216502
14969 94704213
45345 6427
53328 243072559
55318 224750
97224 98795860
12190 1366591
56209 17918
97664 727
87368 8711
96039 124864405
61832 34930429
48610 492802
81432 111519080
93466 408
67793 25075670
72237 684117
65077 104564
54627 802
64827 7696
45044 39799
11873 33907
48545 9062413
94801 84356338
92676 011385
44204 84159779
96568 9173
88733 802297007
70870 742
50724 843150327
54868 4165704
27767 854
99876 20836
85954 66392692
27686 624
74144 1390
66881 89856252
89913 34038
47884 449
81817 425
93125 7663
60252 3985
43251 9620208
44747 44517
93058 98881
79265 301919
18802 546
73525 421645182
65822 60420
48219 980
48667 742
66333 3750206
62425 42682
17611 902949916
37411 50179
25410 200589
82117 70879
29326 324
36922 527911
94302 505
85488 3595960
83100 99503
36937 2794958
70203 289594
54869 045
53189 63657
23441 6597062
17211 62527106
61456 95392280
60107 87919
73455 657
81756 3391
15319 721224
68077 018737
91347 57197
79005 507564177
23745 21984
36210 267
72131 6618
86253 643
56815 065807995
76959 051503716
78746 877588746
85493 7499595
96400 25222454
70945 637753
83051 11780
69355 437692
44932 969212773
14419 67058
50350 0280
14001 469707650
59104 16962
37677 38180
84271 513
31638 51514
81791 396351616
27355 09816837
26669 939877
72245 750
