70 70
56 44 7 21 4 8 6 3 47 10 45 66 54 15 36 43 60 11 51 37 28 13 39 64 41 46 42 62 30 27 22 2 19 16 58 0 53 38 67 57 17 65 35 55 5 12 69 29 52 31 25 9 33 63 20 68 61 18 14 26 50 23 32 48 49 1 59 40 24 34
0 0 0 0 0 43 0 0 0 0 0 0 0 0 0 44 0 0 0 13 0 0 0 0 20 0 0 43 0 0 0 0 0 0 0 0 0 0 8 0 0 0 34 0 33 0 35 0 0 0 29 0 0 0 32 0 0 0 34 0 0 0 0 0 0 0 0 0 0 0
0 0 0 0 0 0 0 30 0 0 0 0 0 0 0 0 0 0 0 0 0 0 0 0 0 0 0 0 32 49 0 19 0 0 0 22 0 0 0 0 19 0 0 0 0 0 40 0 0 0 0 0 0 0 21 0 0 0 0 0 0 0 0 0 0 0 21 0 0 0
0 0 47 0 0 30 0 0 0 0 0 12 0 0 0 0 0 0 0 0 0 0 39 0 0 0 0 0 48 13 0 0 0 0 0 0 0 0 21 0 0 0 0 0 0 0 42 0 0 35 0 0 42 0 0 6 49 0 0 0 0 0 0 0 0 0 0 0 0 0
0 0 0 0 0 0 0 0 0 0 0 0 23 39 0 0 0 45 0 47 0 0 0 48 27 0 0 0 0 0 0 0 0 42 13 0 19 0 0 0 0 0 0 0 0 0 49 0 0 0 0 0 0 0 0 0 0 0 0 0 30 0 0 0 48 0 0 0 0 0
0 0 0 0 0 0 0 9 0 0 0 0 47 0 0 0 0 0 0 0 0 17 0 0 0 0 0 0 41 0 0 0 0 0 28 0 0 0 0 19 0 0 0 21 0 0 0 39 0 0 27 0 0 0 0 0 0 0 0 0 0 0 0 33 0 0 0 34 0 0
12 0 0 0 17 0 0 0 0 0 0 0 0 0 0 0 0 0 0 0 0 0 0 0 0 0 0 8 0 0 0 0 0 0 0 0 0 39 0 0 0 0 0 0 0 0 0 0 0 0 0 0 0 12 0 19 0 0 0 0 0 0 0 29 0 47 0 0 0 0
0 0 0 0 3 0 0 0 0 0 0 34 0 0 0 0 0 1 0 0 0 0 0 0 0 39 0 36 0 0 0 24 0 0 0 0 0 0 0 0 0 0 0 0 0 0 0 0 0 0 0 0 3 0 0 0 0 13 0 20 0 39 0 0 0 0 0 3 0 0
0 46 0 0 0 17 0 0 0 0 0 25 0 0 0 0 0 0 0 0 0 37 0 0 0 0 0 0 0 0 0 0 0 0 0 0 0 31 0 0 0 0 0 47 0 0 22 44 0 0 0 0 0 0 0 0 0 0 20 0 0 0 0 0 48 5 0 0 0 0
0 0 0 0 0 0 0 43 0 0 0 0 0 0 12 0 0 0 0 0 0 0 0 0 0 0 0 0 0 4 0 0 0 0 0 0 22 45 0 0 25 0 45 0 0 0 0 0 0 0 0 0 0 15 29 14 0 0 0 0 0 19 0 23 0 17 0 0 9 43
0 0 0 3 0 0 0 0 0 0 0 0 0 0 0 0 0 0 0 0 0 47 0 0 0 0 0 0 0 0 8 0 0 0 0 0 0 31 6 0 0 0 4 0 0 0 0 0 0 0 0 0 0 0 0 0 0 0 0 0 0 0 0 0 0 0 0 0 0 0
0 0 22 0 0 0 0 0 44 0 0 0 0 0 0 0 0 21 0 0 0 0 0 0 0 0 0 0 0 0 0 0 0 0 0 0 0 0 0 0 0 0 0 0 0 0 37 0 0 0 47 0 20 0 0 0 25 0 0 0 0 0 25 25 0 0 0 0 0 0
0 0 0 0 0 0 0 0 8 0 0 0 0 0 0 0 0 29 0 0 0 0 0 0 0 0 0 0 0 0 0 0 0 0 0 0 0 0 0 0 0 0 0 0 0 0 0 0 0 0 0 0 13 0 15 0 0 18 0 0 0 0 0 0 0 0 0 0 2 0
23 0 14 0 1 0 0 0 13 0 0 0 0 0 13 0 0 0 0 0 0 0 0 0 0 24 0 0 0 0 0 0 0 0 0 0 0 0 0 0 0 0 0 0 0 0 0 0 0 0 0 0 0 0 0 0 28 0 0 0 0 0 0 44 0 0 0 1 15 0
0 48 0 49 0 0 0 0 0 0 0 0 0 0 0 0 0 0 0 0 0 0 0 26 0 0 0 41 0 32 0 0 0 0 0 0 0 0 0 0 0 0 0 0 0 0 0 0 0 0 0 0 0 0 29 0 0 34 24 0 0 0 0 0 0 0 0 0 0 0
0 0 48 0 0 0 0 0 0 0 0 16 0 6 0 0 13 0 0 0 2 0 0 0 0 0 0 0 0 0 9 0 0 0 0 30 0 0 0 0 7 0 0 0 0 0 0 0 17 0 0 0 21 0 5 0 0 0 0 35 0 0 0 0 0 0 0 0 1 0
0 0 0 0 0 0 0 0 0 0 0 0 0 0 0 0 0 0 0 16 0 0 4 0 0 0 0 0 0 0 0 0 0 0 38 0 0 0 0 0 0 0 0 0 0 0 0 0 0 3 0 0 0 0 0 0 0 0 0 42 0 41 0 6 0 0 0 21 0 0
16 0 0 0 21 0 0 0 0 0 47 0 0 0 0 0 0 0 0 0 0 0 46 0 7 0 0 0 0 0 30 0 0 0 0 42 14 0 0 0 0 0 0 0 0 0 0 0 0 0 0 0 7 0 0 0 0 2 0 0 0 0 0 0 0 0 0 0 0 0
0 0 0 0 0 0 0 0 0 0 0 35 21 0 0 0 0 0 0 0 0 13 0 0 0 0 0 0 0 13 0 0 0 0 0 0 0 14 0 0 0 0 0 0 0 0 0 0 0 0 0 0 0 0 44 12 0 39 0 0 0 0 0 0 0 0 0 0 0 0
0 0 0 0 0 0 0 0 0 0 0 0 0 0 0 0 0 0 0 0 0 0 0 0 0 0 47 0 0 0 0 0 0 0 0 0 0 0 0 0 0 0 8 0 0 0 0 0 0 0 0 0 0 36 0 0 0 0 0 0 0 0 39 0 0 0 0 0 0 19
0 3 0 0 0 0 0 5 0 0 0 0 0 27 0 0 0 0 44 0 0 0 24 0 0 0 0 0 0 0 37 0 0 0 0 0 0 0 0 39 21 0 0 0 0 0 0 0 38 28 0 0 0 16 0 40 0 0 0 0 0 0 0 0 0 0 0 0 0 0
0 0 0 0 0 0 0 0 0 0 0 0 0 0 0 0 0 30 0 0 0 0 0 0 0 0 0 0 0 3 0 0 0 0 0 0 0 0 0 0 0 0 0 21 0 0 31 0 0 43 0 0 0 0 6 0 0 0 0 0 0 0 0 0 0 0 47 0 0 0
0 0 0 0 0 19 0 0 0 0 0 0 0 0 0 0 0 0 0 0 0 0 0 0 0 0 0 0 0 0 35 0 0 0 0 0 0 0 0 0 0 0 0 0 20 0 41 0 0 0 0 0 0 34 0 0 0 0 0 0 0 0 0 0 0 0 0 0 0 0
0 0 0 0 0 0 0 0 0 0 0 0 0 0 0 0 0 0 0 0 0 0 0 0 0 28 0 0 0 0 0 0 0 0 0 0 0 0 0 36 0 0 39 0 0 0 20 0 0 0 0 0 0 0 0 0 0 0 0 0 0 0 0 0 0 0 0 0 0 0
0 0 0 0 0 0 0 13 0 0 0 0 0 0 49 7 0 0 1 0 0 0 35 0 0 0 0 0 0 0 0 0 10 0 0 0 0 0 0 43 0 0 0 0 0 0 0 0 0 38 0 0 0 0 0 32 30 0 0 0 0 5 0 0 0 0 0 0 0 0
0 0 0 0 0 0 0 0 0 0 0 0 0 0 0 0 0 0 0 0 42 6 0 0 0 0 0 0 32 0 0 0 0 0 14 21 0 2 0 0 0 0 0 0 0 0 0 0 37 43 0 0 0 35 0 0 0 0 0 0 0 0 39 0 0 0 0 0 0 0
0 0 0 0 0 0 0 0 0 0 0 0 0 0 0 0 0 0 0 0 0 0 16 48 0 0 0 0 13 0 0 0 0 0 0 0 0 0 0 0 0 0 0 0 0 0 0 0 0 0 0 0 0 0 0 0 0 0 0 0 0 0 4 0 0 0 0 0 0 0
0 0 0 0 37 0 0 0 0 3 0 0 34 0 0 0 0 0 50 9 0 0 40 0 0 0 0 0 0 0 0 0 0 0 0 0 0 0 0 0 0 0 0 0 0 0 0 0 0 0 0 32 0 0 39 0 0 0 0 0 12 0 0 0 41 20 0 0 12 0
0 0 0 0 0 14 15 0 0 0 0 0 0 0 0 0 0 0 0 0 0 0 0 27 0 0 28 0 0 0 0 0 0 0 0 43 0 0 0 0 0 32 0 33 50 0 0 0 0 0 0 0 0 0 0 0 6 0 0 0 0 10 31 0 0 0 0 7 0 0
0 0 8 0 0 0 0 0 0 0 0 2 0 0 0 0 0 0 0 0 0 26 0 0 0 0 0 0 0 0 37 0 48 0 0 0 0 0 0 0 0 0 25 0 0 0 0 0 0 0 30 45 0 0 0 0 0 0 0 33 0 0 25 0 0 0 0 0 0 0
0 0 0 0 2 0 0 0 0 0 0 42 0 0 0 50 0 0 0 0 30 0 0 35 0 0 0 0 0 0 0 0 0 0 0 0 0 0 0 0 0 0 0 0 0 0 0 0 0 0 0 0 0 0 0 0 27 0 0 0 0 0 0 0 50 0 0 0 0 0
0 0 0 0 0 0 0 0 0 0 41 0 0 0 0 0 0 0 0 0 0 0 0 0 0 0 0 0 0 0 0 0 0 0 35 0 0 0 40 0 0 0 0 0 0 0 0 12 0 0 0 0 0 0 0 0 0 0 0 0 0 0 0 0 12 0 0 0 0 0
0 0 0 0 43 0 0 0 6 0 0 0 0 0 0 0 0 0 0 0 0 0 0 0 0 0 0 0 0 0 0 0 0 0 0 28 0 0 0 0 0 0 0 0 0 0 0 0 0 0 0 0 0 0 22 29 39 0 0 0 0 0 0 0 0 0 0 0 7 0
0 4 0 0 0 0 0 0 0 0 0 0 0 0 0 0 0 0 0 7 0 0 0 0 0 0 0 0 0 0 0 0 0 0 0 0 0 0 0 0 0 0 26 0 0 0 0 0 0 29 0 0 0 0 0 0 0 25 43 0 0 0 0 0 27 0 0 0 0 30
0 0 0 43 0 0 0 0 0 48 0 0 0 0 0 19 0 0 0 0 0 0 0 0 0 0 0 0 0 0 28 0 0 0 0 0 0 0 22 0 0 0 0 0 0 0 0 0 0 12 0 0 0 0 0 0 0 0 0 0 0 0 0 0 0 0 0 0 0 0
0 48 0 0 0 0 0 0 0 0 0 8 0 0 0 0 0 0 0 0 0 0 0 0 0 0 0 0 0 0 7 0 0 0 0 0 0 0 0 0 0 0 0 0 27 0 0 0 0 0 0 0 0 0 0 0 0 0 0 0 0 0 0 0 33 0 8 26 0 0
0 0 0 0 0 0 0 0 0 38 0 0 0 0 0 0 0 0 0 0 0 0 42 0 0 0 0 0 0 0 0 0 0 0 0 0 0 0 0 0 0 0 0 0 0 0 0 28 0 0 0 22 27 0 0 0 0 0 0 0 0 0 0 0 23 0 0 0 0 0
0 0 0 14 0 0 0 0 0 0 0 41 0 0 0 0 0 0 0 0 0 0 0 48 10 0 0 0 0 0 0 0 0 0 45 0 21 0 47 0 47 43 0 0 0 0 0 0 0 0 0 0 0 0 0 0 0 0 0 0 0 0 0 0 0 29 5 30 0 0
0 0 0 11 0 0 0 3 0 0 0 0 0 0 0 50 0 0 0 0 0 0 0 0 42 0 0 2 0 0 0 0 0 0 0 43 0 0 0 0 0 4 0 0 0 0 0 0 0 0 0 0 0 0 14 0 0 0 0 0 0 0 0 0 0 0 9 0 0 0
0 0 0 0 0 0 0 5 0 0 21 0 0 0 31 0 0 0 0 0 0 0 0 0 0 0 26 0 0 0 0 0 0 0 0 0 0 0 0 30 0 16 0 0 0 0 0 0 0 0 0 0 7 0 0 10 0 0 47 0 0 0 0 0 0 21 41 0 20 0
0 0 0 29 0 0 0 0 0 0 0 0 0 0 0 0 0 0 5 0 0 0 0 19 0 0 0 0 0 0 0 41 0 0 0 0 0 0 0 0 0 0 0 0 0 0 0 0 0 0 0 0 0 0 0 0 0 0 0 0 0 0 0 0 0 0 0 0 0 0
0 0 0 0 5 0 0 0 0 0 0 44 0 0 0 28 0 0 0 0 0 0 0 9 42 0 0 0 0 0 0 0 22 0 0 0 0 0 0 0 0 0 0 0 0 0 0 0 0 0 0 0 6 0 0 0 0 0 0 0 0 0 0 0 0 0 0 0 0 0
0 0 0 0 28 0 0 0 0 0 0 0 0 0 0 0 0 0 0 0 0 38 0 0 0 0 0 0 0 0 0 39 0 0 0 0 0 0 0 0 48 0 0 0 6 0 0 0 0 0 0 0 0 11 0 0 22 0 0 0 0 0 0 0 0 0 0 0 0 0
27 0 40 0 0 0 0 14 0 0 0 0 0 0 0 0 0 0 12 0 0 0 0 0 0 0 0 0 35 0 0 0 0 0 0 0 0 0 0 0 0 0 0 0 0 0 0 36 0 0 33 0 0 0 0 0 0 0 0 0 0 0 0 30 0 0 0 0 0 0
0 0 0 0 0 0 0 0 0 23 0 0 0 0 0 0 0 0 0 0 0 42 0 0 0 0 0 0 0 0 0 0 0 0 0 13 19 0 0 0 0 0 0 0 0 0 0 0 0 24 0 0 0 0 0 0 0 0 0 0 0 0 0 0 46 0 0 0 0 0
0 21 0 0 0 17 0 0 0 0 2 0 0 0 0 0 0 0 0 0 0 0 0 0 0 0 0 0 0 0 0 0 0 13 0 0 0 0 0 38 0 0 0 9 0 39 0 0 21 15 0 0 0 0 0 0 0 20 0 0 0 16 0 0 0 0 0 0 0 0
0 0 0 0 9 0 0 0 0 0 0 0 0 0 0 0 0 0 0 0 0 0 0 0 0 0 0 0 0 4 0 0 0 0 0 0 0 0 0 9 0 0 0 19 0 0 8 0 0 0 0 0 0 0 0 0 0 0 0 0 0 0 0 0 39 0 0 0 13 0
0 0 0 41 0 0 0 19 0 0 23 0 0 0 0 0 0 0 0 0 0 0 0 0 0 0 0 0 0 0 0 0 0 0 0 11 0 0 0 0 0 0 0 16 0 0 0 0 0 0 0 0 0 0 0 0 0 0 0 0 0 0 0 0 2 0 0 7 11 0
0 0 0 0 0 0 0 10 0 0 0 0 0 0 0 9 0 0 0 0 0 0 0 0 15 0 0 0 0 0 0 0 0 0 0 0 0 33 0 0 0 0 0 0 11 0 47 0 0 0 0 0 1 14 0 0 0 0 0 0 0 13 7 25 0 0 0 12 0 7
0 6 0 0 0 0 0 42 0 48 0 0 0 0 0 0 34 0 0 33 0 0 0 0 0 0 0 0 36 0 38 0 0 0 0 36 0 0 0 13 0 0 0 0 0 0 0 3 0 0 0 0 0 0 0 0 0 50 0 0 0 29 0 33 0 0 0 46 0 0
0 0 0 0 0 42 0 0 0 44 0 2 0 0 0 0 0 6 0 0 0 0 0 0 0 0 34 0 0 48 0 0 0 0 0 0 0 0 0 0 0 0 0 0 0 0 0 0 0 0 0 0 0 0 0 0 45 0 0 0 50 0 0 0 0 0 0 0 0 0
0 0 8 0 0 0 0 0 36 0 0 9 0 0 0 36 0 0 0 0 0 0 0 0 0 0 1 0 0 0 0 0 36 0 0 0 0 21 0 0 0 0 0 37 0 0 0 0 0 0 0 35 0 0 0 0 0 0 0 36 0 0 0 0 4 0 0 0 0 0
0 0 0 0 24 0 0 0 0 0 0 0 0 34 0 0 0 0 0 0 18 3 0 0 0 0 0 0 17 0 0 0 0 0 0 10 0 0 0 0 0 8 29 7 0 0 0 0 0 0 0 0 38 0 0 0 0 0 0 0 17 9 0 0 10 0 0 0 0 28
0 0 35 0 0 0 44 37 0 0 0 0 30 0 0 0 0 0 0 0 0 0 0 0 0 0 0 0 15 12 0 0 0 0 0 0 0 0 0 0 0 0 0 0 0 0 0 0 50 32 0 0 0 0 0 0 48 0 0 0 0 0 0 0 0 0 0 0 0 0
0 0 31 0 0 0 0 0 0 0 0 0 0 0 0 0 0 0 0 0 0 0 0 0 0 0 0 0 0 0 0 0 0 0 0 0 0 0 0 0 0 0 0 0 0 0 0 0 0 0 0 0 0 0 50 0 0 0 0 0 27 0 0 0 0 38 17 0 27 38
0 0 0 13 0 0 0 0 0 25 0 0 0 0 0 0 0 0 0 0 0 0 0 0 0 0 0 0 0 0 0 38 42 0 0 0 0 0 0 0 0 0 0 0 0 0 0 0 0 0 0 0 0 0 0 0 0 0 0 0 0 0 0 0 0 17 0 0 0 29
0 0 0 0 0 0 0 0 0 0 0 0 0 0 0 0 0 0 0 0 29 0 0 40 0 0 0 22 0 0 0 0 0 0 0 0 0 16 4 0 0 0 0 0 0 0 0 0 0 0 0 0 30 18 0 6 0 31 34 0 0 0 8 0 0 6 0 0 0 0
0 0 50 0 0 0 0 0 0 0 34 28 0 0 0 0 0 0 0 0 0 0 0 0 11 0 0 0 0 0 0 0 0 0 0 0 0 0 0 46 0 0 0 0 0 0 0 0 0 0 0 0 0 0 0 0 0 0 30 0 0 0 0 0 0 0 0 0 0 0
0 41 0 0 0 0 19 0 0 0 0 0 0 0 0 0 0 0 0 0 0 0 0 0 40 0 0 0 0 0 0 0 0 0 0 0 25 0 0 6 0 48 0 37 0 47 0 0 0 0 0 0 4 0 0 0 22 0 0 18 0 0 0 0 0 0 0 0 0 0
0 0 0 0 0 0 0 0 0 0 0 0 0 0 48 0 0 0 44 0 0 0 0 0 12 0 0 15 0 0 0 0 0 0 0 0 0 0 0 0 46 0 0 0 0 0 0 0 0 0 0 0 0 0 0 0 0 0 19 0 0 0 0 0 9 0 0 0 0 0
0 0 0 0 0 0 0 0 0 0 0 0 0 0 0 0 0 0 0 39 0 0 0 0 0 0 32 0 0 0 0 0 0 0 0 0 0 0 0 0 0 0 0 41 0 0 0 0 36 0 0 0 0 0 0 0 0 45 0 0 0 0 16 0 0 0 0 0 0 26
0 25 0 0 0 0 0 0 0 47 0 0 0 0 0 0 0 0 0 0 0 0 0 23 0 0 0 0 0 0 0 0 0 0 0 0 0 0 0 0 0 15 0 0 0 0 9 0 0 0 39 0 0 26 0 0 0 0 0 0 0 0 0 15 0 0 0 0 0 0
17 0 0 0 0 0 0 0 0 0 0 0 23 0 0 0 0 0 0 0 0 47 0 0 0 0 0 0 0 0 0 0 0 0 0 0 0 0 0 0 0 0 0 0 0 0 0 0 0 0 0 0 0 0 0 0 0 0 0 0 0 0 0 0 0 0 0 0 0 0
0 0 30 0 0 0 0 0 0 0 0 0 0 24 0 46 25 0 0 0 0 0 0 0 0 0 0 0 0 0 0 0 0 0 0 0 0 0 11 0 0 0 0 0 19 0 0 0 0 0 0 0 4 0 0 0 0 18 0 23 0 0 0 0 0 0 0 0 0 0
0 0 0 0 0 0 0 0 0 0 0 0 13 0 0 0 0 0 0 0 0 0 0 0 0 0 0 0 0 48 0 21 0 0 0 0 0 0 0 0 0 0 0 0 16 39 0 0 0 0 0 0 0 0 7 0 0 0 0 0 0 0 0 0 0 0 0 48 0 0
0 0 0 0 0 0 0 0 0 0 21 0 0 0 0 0 0 0 0 0 0 4 0 0 0 0 0 31 0 0 0 0 0 0 0 0 0 0 0 0 9 0 0 1 0 0 0 0 0 0 0 0 0 14 0 0 0 0 0 0 0 0 0 0 0 0 0 0 0 0
0 0 0 0 0 0 42 22 0 0 0 0 0 0 0 0 0 0 44 0 0 0 0 0 0 0 0 0 0 0 0 22 0 0 0 0 0 0 0 0 0 0 0 0 0 0 6 36 1 21 0 0 0 0 27 34 0 0 0 0 0 38 0 0 0 0 0 0 0 0
0 0 0 0 25 0 0 0 0 0 24 0 0 0 0 0 0 0 0 0 0 0 0 6 0 0 1 0 0 0 0 0 0 0 0 0 0 0 0 3 0 0 0 0 0 0 0 0 0 0 0 0 0 28 0 0 13 0 0 27 0 0 18 0 0 0 10 0 0 0
0 16 0 0 0 3 0 19 0 0 0 0 49 0 0 0 0 0 0 0 0 0 0 0 0 0 0 0 0 0 0 49 0 0 0 0 0 22 0 0 0 0 0 0 0 0 0 0 0 0 0 0 0 34 0 0 0 0 0 0 0 0 0 50 0 0 0 0 0 0
0 0 0 0 0 0 0 0 0 0 0 0 0 0 0 0 0 0 0 0 0 0 0 0 0 0 0 0 0 0 0 0 0 0 0 0 0 0 0 0 0 0 0 0 0 34 0 0 0 0 0 0 13 0 0 0 10 0 0 0 0 36 0 0 0 0 0 0 0 0
0 0 0 32 0 0 0 0 0 0 0 0 0 0 0 0 0 0 0 0 0 0 0 0 0 0 0 0 0 0 28 0 0 0 0 0 0 0 0 30 0 0 0 0 0 25 0 0 0 0 48 0 0 0 0 0 0 0 0 0 0 0 0 0 0 0 0 26 0 0
0 0 0 0 3 0 37 0 0 0 0 0 0 0 0 0 0 0 0 0 0 0 8 0 0 0 0 0 0 26 0 0 26 0 0 0 0 0 15 0 0 0 0 0 0 0 0 0 0 0 0 0 0 0 0 0 0 0 0 0 0 0 0 0 0 0 0 0 0 0
0 0 0 0 0 16 0 0 0 0 26 0 0 0 0 0 0 41 0 0 0 0 14 12 0 0 0 0 0 0 0 0 0 0 0 0 13 0 0 0 0 0 0 0 0 0 0 0 0 0 0 31 0 0 0 0 0 0 0 26 0 0 0 0 0 0 0 0 0 0
0 0 0 0 0 0 0 0 0 0 27 0 0 0 0 0 0 8 0 0 0 0 0 0 0 0 0 0 0 0 0 0 0 0 0 29 0 0 0 35 0 0 0 0 0 0 0 3 0 31 0 0 0 46 0 0 26 0 0 0 0 0 0 0 45 0 0 0 0 1
0 0 0 0 0 26 0 0 0 0 0 5 0 0 0 0 0 0 0 0 0 0 0 30 0 0 0 0 0 0 0 0 0 0 0 0 37 0 50 0 0 0 0 0 0 0 0 0 0 0 0 0 0 0 0 0 0 0 0 33 0 0 15 0 0 0 0 0 0 0
3 0 0 0 0 0 0 0 0 0 0 0 39 34 0 0 0 0 0 16 0 0 0 0 0 0 0 0 0 0 0 0 0 0 0 0 11 0 28 0 0 0 0 0 0 0 0 0 0 0 0 12 0 0 0 0 0 0 0 0 0 0 0 0 0 0 0 0 0 0
0 16 0 26 0 0 0 0 0 0 0 0 0 0 0 0 0 0 0 0 0 0 0 0 0 0 40 0 0 0 12 0 0 0 0 0 0 0 0 0 0 0 0 0 0 20 0 0 0 0 0 41 34 0 31 0 0 0 0 0 17 0 0 0 0 0 0 0 0 0
37 0 0 0 0 0 0 0 0 0 0 21 0 22 0 0 0 0 0 0 0 0 0 0 0 0 0 0 0 0 44 0 0 0 0 0 0 0 0 0 0 0 0 0 0 0 0 2 0 0 0 0 0 0 0 0 0 0 0 13 0 0 0 0 0 0 24 0 0 0
0 0 0 0 0 0 0 0 0 27 0 0 0 0 0 0 0 0 0 12 0 0 0 0 0 0 0 0 0 14 0 0 0 0 0 0 0 0 0 0 12 0 0 0 0 0 0 0 36 0 0 0 0 0 46 0 0 0 0 0 37 0 37 0 0 0 0 0 0 0
0 0 0 0 0 0 0 0 0 0 0 0 0 0 0 0 0 0 0 0 0 0 0 0 0 0 0 0 0 0 0 0 0 0 0 0 0 0 29 0 0 0 32 0 0 34 0 0 0 0 0 0 0 0 0 0 0 0 0 0 0 0 0 0 0 0 0 34 0 0
0 0 0 0 0 0 0 27 0 0 0 0 0 0 0 0 0 0 0 0 0 0 0 0 0 0 0 0 35 0 0 0 0 0 0 0 23 0 0 0 0 0 0 0 0 0 0 37 33 0 0 0 0 0 0 6 0 0 0 0 0 0 13 0 0 0 0 35 0 0
0 26 27 0 0 0 0 0 0 0 0 0 0 31 0 0 48 0 0 0 24 0 0 0 0 14 0 0 0 0 24 0 0 0 0 0 21 0 0 0 0 0 0 0 0 0 0 0 0 0 0 0 0 0 0 8 0 0 0 0 0 0 0 0 0 0 0 0 0 37
0 0 0 5 0 0 21 0 0 0 0 0 0 0 0 0 41 0 0 0 0 0 38 0 0 0 0 0 0 0 0 19 13 39 19 0 0 0 0 0 46 47 0 0 0 0 0 0 0 0 0 0 0 0 0 0 0 0 0 36 0 0 0 47 0 0 0 0 5 0
0 0 0 0 39 0 0 0 0 0 0 0 0 0 0 0 0 0 0 0 35 0 0 0 0 0 0 0 0 0 0 0 0 0 0 0 0 0 0 0 0 0 0 0 0 0 0 0 0 0 0 0 0 20 0 0 0 0 0 0 0 0 0 5 0 0 0 0 0 0
0 0 0 0 34 0 22 0 0 0 31 0 0 0 0 0 0 0 0 0 0 0 0 0 0 0 44 0 30 0 22 0 0 0 0 0 0 0 0 0 0 0 0 0 0 0 0 0 0 0 28 0 13 0 0 31 0 0 0 25 0 0 0 0 0 0 0 0 50 3
0 0 0 0 0 0 0 0 0 0 0 0 0 0 0 0 0 0 0 0 0 0 0 0 0 0 0 0 0 0 0 0 0 0 0 0 0 0 0 27 0 0 0 0 0 0 0 0 0 0 0 0 40 0 0 0 0 0 0 0 0 0 0 22 0 0 0 0 0 0
0 0 0 0 0 0 0 0 0 0 0 0 0 0 0 0 0 0 0 0 0 0 0 0 0 0 0 0 0 0 0 0 0 0 0 0 0 0 0 0 50 0 0 0 0 0 0 0 0 50 0 0 0 0 0 0 0 21 0 0 0 0 0 0 0 0 0 0 0 0
0 0 0 0 0 0 0 0 0 0 48 41 0 0 0 0 0 0 0 0 0 0 0 0 0 0 0 0 0 0 0 0 0 0 0 0 0 0 0 45 0 0 0 0 0 0 0 0 0 0 0 0 0 0 8 0 0 0 0 0 20 0 0 0 0 0 0 0 40 0
0 41 8 0 0 0 0 0 0 0 0 0 0 0 0 0 0 0 0 14 0 0 48 0 0 0 0 0 0 0 0 0 0 0 0 0 0 0 0 0 0 0 0 0 0 0 0 0 0 16 39 0 21 0 0 0 0 0 0 0 0 0 0 0 0 0 0 0 0 0
0 0 0 0 0 0 0 0 0 0 0 0 0 0 0 0 0 0 0 0 0 0 0 5 0 0 0 0 0 0 0 0 0 41 0 0 0 0 0 0 11 0 9 0 0 0 0 0 5 0 0 0 41 0 0 0 0 0 0 0 0 0 0 0 0 0 0 0 0 0
0 0 0 0 16 0 0 12 0 0 0 0 0 0 0 0 0 14 0 0 0 0 0 0 0 0 15 0 0 37 21 0 0 6 0 0 0 0 0 0 0 0 0 0 0 0 0 0 0 0 0 0 0 0 0 0 0 0 0 0 0 0 0 0 0 0 0 0 0 0
0 0 0 0 0 0 0 0 0 0 24 0 35 0 0 0 0 0 0 0 0 0 0 0 0 0 0 0 0 0 0 0 27 0 0 0 0 0 0 33 5 0 0 11 0 30 0 0 0 0 0 27 0 0 0 0 0 0 0 0 0 0 0 4 0 0 0 0 0 0
0 0 0 0 0 0 0 0 0 0 0 0 0 0 0 0 0 0 0 0 0 0 0 0 0 30 0 0 0 37 0 0 0 0 0 0 0 0 35 2 0 14 0 0 0 0 0 0 0 0 0 0 0 0 0 22 0 0 0 0 0 0 0 3 0 0 0 0 0 0
8 14 0 0 0 0 0 0 0 0 0 38 0 0 0 0 0 48 0 0 0 0 0 0 0 0 0 0 0 0 0 0 0 0 0 0 0 0 0 0 39 0 0 0 0 0 0 0 0 0 0 0 6 0 0 0 0 0 0 0 0 0 0 0 0 0 0 0 0 0
0 12 0 30 0 0 0 0 0 0 0 0 0 0 0 0 0 0 5 0 0 0 0 0 0 15 0 0 0 0 0 0 0 0 0 0 0 0 8 0 0 27 0 0 0 0 41 0 0 0 0 0 0 0 0 0 0 0 0 0 0 0 0 0 0 0 0 0 0 0
0 0 0 0 0 0 0 0 0 0 0 0 0 0 0 0 0 0 0 0 0 0 0 0 0 27 0 0 0 0 0 0 0 0 0 0 37 0 0 0 0 0 0 0 0 0 0 0 0 0 0 0 46 0 0 0 0 0 0 0 0 0 0 0 0 0 0 49 0 0
0 0 0 0 0 0 0 0 0 0 14 0 0 0 0 0 0 0 0 0 0 30 0 15 27 0 0 0 0 1 0 0 0 0 0 0 38 0 0 0 8 0 0 0 0 0 0 0 2 20 0 0 0 0 0 0 0 19 1 31 0 0 0 0 0 0 31 0 0 0
0 0 0 0 0 40 0 0 0 0 0 0 0 44 0 0 0 0 0 15 0 0 0 0 0 0 0 0 12 0 0 0 0 0 0 0 0 0 0 0 0 0 0 0 0 39 0 0 0 0 12 0 0 0 0 0 0 0 0 8 0 0 0 0 26 0 0 0 0 38
0 0 0 0 0 0 0 0 0 0 0 0 0 0 0 0 0 0 0 0 0 0 0 0 0 0 0 0 0 0 0 0 0 0 50 0 0 41 0 0 0 0 0 0 0 0 0 0 0 0 0 0 0 3 0 0 0 0 0 0 0 0 0 0 0 0 0 0 0 0
0 0 0 0 0 0 0 0 0 35 0 0 0 30 0 0 0 0 0 0 0 0 0 0 0 0 12 0 0 0 0 0 0 0 0 0 0 0 0 0 0 0 0 0 0 0 0 0 0 0 0 7 0 10 0 0 0 0 0 0 0 0 0 0 0 0 0 0 0 0
26 0 0 0 0 0 0 14 0 0 0 0 0 0 0 0 0 0 0 37 0 37 0 0 0 1 0 0 0 0 0 26 0 0 7 0 0 0 0 0 0 0 0 0 0 0 0 0 5 0 0 0 0 0 0 0 0 0 0 0 0 0 0 19 0 0 0 0 39 0
0 0 0 0 0 12 44 0 0 0 24 0 0 22 0 0 0 0 0 21 0 0 0 0 0 0 0 0 0 0 0 14 16 0 0 0 0 0 0 13 0 23 0 13 12 0 0 0 44 0 0 0 0 0 0 0 0 0 0 0 0 0 0 0 0 0 0 0 0 0
0 0 0 0 0 0 0 0 0 0 0 19 0 0 0 0 0 0 0 0 0 0 0 0 0 0 0 0 0 26 14 0 0 0 0 0 0 0 0 0 0 0 0 0 0 0 0 0 0 0 0 0 0 0 22 0 0 0 0 0 0 0 0 0 0 0 0 0 0 0
26 0 0 0 0 0 0 0 0 0 0 13 0 0 0 0 0 0 0 0 27 0 0 0 0 0 0 0 0 0 16 0 0 44 0 0 0 0 0 0 0 4 18 0 45 0 0 0 0 0 0 0 0 0 0 0 0 0 0 34 0 0 0 0 0 0 0 0 0 45
0 0 0 0 0 0 0 0 0 0 0 39 0 0 0 0 0 0 41 6 0 0 0 0 0 0 0 0 0 0 0 0 44 0 0 0 0 0 0 0 30 0 0 0 0 0 0 0 0 0 0 0 0 9 0 0 0 0 0 0 0 0 47 0 0 0 0 36 0 0
0 0 0 0 0 0 0 0 0 0 0 19 0 0 0 0 0 0 0 0 0 0 0 0 0 0 0 50 0 7 0 0 0 0 0 0 0 0 0 0 49 0 0 0 0 0 0 0 0 0 0 0 0 0 0 0 0 0 0 0 0 0 0 0 0 0 0 0 0 0
0 0 29 0 0 0 0 0 0 0 0 0 0 0 0 0 0 0 0 0 0 0 0 0 0 0 0 0 0 0 0 0 0 0 0 0 0 0 0 0 0 0 0 0 24 8 0 0 24 0 0 0 0 0 0 18 0 0 0 0 0 0 0 0 0 0 0 0 5 0
0 13 0 37 11 0 0 0 0 23 21 0 0 0 0 0 0 0 0 0 0 0 0 0 37 38 0 0 0 0 0 0 0 0 0 0 0 39 0 0 0 0 41 0 0 0 0 0 0 0 0 43 0 0 0 0 0 0 0 0 0 0 43 0 0 0 0 0 0 38
0 0 0 0 0 0 0 0 0 0 0 0 0 0 0 0 0 0 0 0 0 0 0 0 0 0 0 41 0 0 0 0 0 0 0 0 39 0 0 0 0 0 0 0 0 0 0 0 0 0 0 0 0 0 0 0 0 0 0 0 0 0 0 0 0 0 0 0 0 4
15 0 0 50 28 0 0 0 29 0 0 0 0 0 0 0 0 0 0 0 0 35 0 8 0 0 0 0 0 0 0 0 0 0 0 0 0 0 0 0 0 0 0 0 8 0 0 0 0 0 0 0 0 0 0 0 0 0 0 0 0 0 0 0 0 0 15 0 0 0
0 0 35 0 0 0 0 0 0 0 0 0 0 0 27 0 45 0 0 0 33 2 0 0 0 0 0 0 0 0 13 0 0 0 0 0 0 0 0 0 0 0 0 0 0 0 23 0 0 0 0 39 0 0 0 0 0 0 0 0 0 0 0 0 0 0 7 0 0 31
0 0 0 0 0 0 0 12 0 0 0 46 0 0 0 50 0 0 11 0 5 0 39 0 0 8 0 0 0 0 0 0 0 30 49 0 0 0 0 0 0 0 0 0 0 0 31 0 0 0 0 0 0 0 0 48 0 0 0 0 0 0 0 0 0 0 0 0 0 0
0 0 0 0 0 0 0 0 0 0 0 47 0 0 0 0 0 0 0 0 0 14 0 27 0 0 0 0 0 0 23 0 4 0 0 0 0 0 0 0 0 0 0 0 15 0 0 0 0 6 0 0 39 0 0 0 0 0 0 0 0 0 0 0 0 0 0 0 0 0
0 0 0 0 0 0 0 0 32 0 0 0 0 0 0 0 0 0 9 0 0 0 0 0 0 0 0 0 0 0 0 0 18 0 0 0 41 0 0 0 0 0 0 0 0 45 0 0 0 0 0 0 0 0 0 0 0 0 0 0 0 0 0 0 27 0 0 0 0 0
0 0 0 0 0 0 0 0 0 0 0 0 0 0 0 0 0 0 0 0 11 0 0 0 0 0 0 0 0 0 13 0 0 0 0 0 0 0 0 0 0 0 0 0 0 0 31 0 0 0 0 0 0 0 0 0 0 0 0 0 0 0 0 0 0 0 0 0 3 0
0 0 0 0 0 0 0 0 0 0 0 0 0 0 0 0 0 0 0 0 0 0 0 0 0 0 0 0 0 0 12 0 45 0 0 24 0 0 8 0 0 15 0 0 0 0 0 0 0 0 0 0 2 0 0 0 0 41 0 0 0 0 0 0 0 0 0 0 0 0
0 0 0 0 0 20 0 0 34 0 0 0 0 0 0 0 0 0 0 0 30 0 0 0 0 0 39 0 0 0 0 0 0 0 0 8 0 0 0 0 0 0 45 0 0 0 22 0 0 35 0 0 0 37 0 0 0 0 0 0 0 38 0 0 0 0 0 0 26 0
0 0 0 0 0 0 0 0 0 0 0 0 0 0 0 0 0 0 0 0 0 0 0 41 0 0 0 0 0 0 0 0 0 0 0 0 0 0 0 23 31 0 0 31 0 22 0 0 0 0 0 0 0 0 0 7 0 0 0 0 0 0 0 0 2 0 0 0 0 0
0 0 3 0 0 0 2 0 0 37 0 0 0 0 0 0 0 0 0 0 0 0 0 0 0 0 0 0 0 0 0 0 0 0 0 0 0 0 0 0 0 0 0 0 0 0 0 0 0 0 0 0 0 0 0 0 0 0 0 0 0 0 0 0 0 0 0 0 0 0
0 0 0 0 0 0 0 36 0 33 0 0 0 0 0 0 0 0 5 0 0 0 0 0 0 2 0 0 0 5 44 0 0 0 0 24 0 0 0 0 0 0 0 0 0 0 0 0 0 0 0 0 0 0 43 0 0 0 0 0 0 0 0 0 0 0 0 0 0 0
0 0 31 0 0 0 0 0 0 0 0 0 0 0 0 50 0 16 0 0 0 0 0 0 0 20 0 0 0 0 0 0 0 0 0 0 0 0 0 0 0 6 0 0 0 35 0 0 0 0 0 0 0 0 0 0 0 44 0 0 0 0 0 0 25 0 18 0 0 0
0 0 0 0 0 0 0 0 0 0 0 0 0 28 0 0 0 39 0 0 0 0 0 0 0 0 12 0 0 0 0 0 0 0 0 0 0 0 0 0 0 0 0 0 0 0 0 0 0 0 0 0 0 0 0 0 0 0 0 0 0 0 0 0 0 47 0 0 0 0
0 31 0 0 12 41 0 0 0 0 0 0 0 0 0 0 0 0 0 0 27 0 0 0 0 0 0 0 7 0 0 0 0 0 0 0 43 0 0 39 0 0 0 0 0 0 0 0 0 0 0 0 0 0 0 0 0 0 0 0 24 0 0 0 0 0 0 0 0 0
0 0 0 0 0 34 0 0 0 0 0 0 0 13 40 0 0 21 41 0 0 0 6 0 46 0 0 0 0 0 0 0 0 0 0 0 0 0 0 0 0 39 0 0 2 0 0 0 0 0 0 0 0 0 0 0 0 0 0 0 0 0 0 0 0 0 2 0 43 0
0 0 46 0 0 0 0 0 0 0 0 0 20 0 0 0 0 0 0 0 0 0 0 0 0 0 0 3 10 0 0 0 0 9 0 0 0 0 0 0 0 0 0 0 0 37 0 0 0 0 0 0 0 0 0 0 0 0 0 0 0 0 15 0 0 0 0 0 0 0
0 0 0 0 0 31 0 46 0 0 0 0 0 0 0 0 8 0 0 0 0 0 0 0 0 0 0 0 0 0 0 22 0 0 0 0 0 0 0 0 0 0 0 0 0 0 0 0 43 0 0 0 0 0 0 0 0 0 0 0 0 0 29 0 0 0 0 0 0 0
0 0 0 0 0 0 0 0 0 6 8 0 0 31 0 0 0 0 0 0 0 22 0 0 0 0 0 0 0 0 0 0 0 0 0 18 0 0 0 0 48 0 0 0 0 0 7 0 0 0 0 0 0 0 0 0 0 0 0 0 0 0 0 0 0 0 0 0 0 0
0 0 26 0 0 0 0 0 0 0 0 0 0 0 0 0 0 0 0 0 0 0 0 0 0 0 0 0 0 0 0 0 0 0 0 0 0 0 0 0 0 0 0 0 0 0 0 0 0 0 0 0 0 0 0 0 0 0 0 0 0 0 0 0 0 0 0 0 0 0
0 0 0 0 0 0 0 0 0 0 0 0 0 0 0 21 0 0 0 0 0 0 0 0 0 19 0 0 0 0 0 0 0 0 0 0 0 0 0 0 0 0 0 0 41 0 0 0 0 44 0 0 0 0 0 0 0 0 0 36 0 0 0 0 0 0 0 0 0 0
0 0 0 0 0 0 0 0 0 0 0 0 0 0 0 0 0 0 0 0 0 0 0 0 0 1 0 0 0 0 0 0 0 0 0 0 0 0 0 0 0 0 0 0 0 0 0 0 0 0 0 0 0 0 0 0 0 0 0 0 0 0 0 0 49 0 0 0 0 0
0 26 0 33 0 0 13 0 0 0 0 36 0 25 0 0 0 0 0 0 0 0 0 0 0 31 8 0 0 0 0 0 34 0 0 0 0 0 0 0 0 0 0 0 0 0 0 0 0 0 0 0 0 0 0 0 0 36 0 0 0 0 40 0 0 0 50 0 21 0
0 0 0 0 0 17 0 37 0 0 0 0 0 0 0 0 20 0 0 0 0 0 0 0 0 0 0 0 0 0 0 0 0 0 0 0 0 0 0 0 0 0 0 0 0 0 0 0 0 0 0 24 0 0 0 0 0 0 0 0 0 0 0 0 0 0 0 19 0 26
0 0 0 0 0 0 0 0 0 0 0 0 0 0 0 0 0 0 0 0 0 0 0 0 0 0 0 0 0 0 0 0 0 0 0 0 0 0 0 0 0 0 0 0 0 38 0 0 0 0 0 0 0 0 0 0 0 0 0 0 0 0 0 0 0 0 0 0 0 0
0 0 0 15 0 0 0 37 0 13 0 0 0 0 0 0 0 0 0 0 0 0 0 0 0 0 0 0 0 0 0 0 0 47 0 0 43 0 0 0 0 0 0 0 0 0 0 0 0 0 0 0 0 15 29 0 0 0 0 40 0 0 0 0 40 0 0 0 0 0
0 0 0 0 0 0 0 0 0 0 0 47 5 0 22 0 0 0 0 0 4 3 0 0 0 0 0 0 0 19 0 0 0 0 0 0 0 0 0 0 0 0 0 0 0 0 0 0 0 0 0 0 0 0 0 0 0 0 0 0 0 0 0 0 0 0 0 0 0 0
0 0 45 0 0 0 0 0 0 0 0 0 0 0 0 0 0 0 0 0 0 0 0 0 0 0 26 0 0 0 0 0 0 0 0 0 0 0 0 0 0 0 27 0 0 0 2 0 0 25 0 0 0 0 0 0 0 0 49 0 0 0 40 0 0 0 0 0 0 0
0 0 0 0 0 0 0 0 0 0 0 0 0 0 0 0 0 0 0 0 0 0 0 0 0 0 0 0 0 0 0 0 0 0 0 0 0 0 0 0 0 0 0 0 0 0 0 0 0 0 47 0 0 0 0 0 0 0 0 0 0 0 0 0 0 0 0 0 0 0
0 0 0 0 0 0 24 0 0 0 0 0 0 0 0 0 0 0 0 0 0 0 0 0 0 31 0 0 0 0 0 0 0 0 0 0 0 0 15 7 0 0 0 0 0 0 0 0 0 18 0 0 2 0 0 0 0 0 0 50 0 0 0 0 0 0 0 0 0 0
0 0 0 0 0 0 0 0 34 35 0 0 0 0 0 0 0 0 0 0 0 0 0 0 49 0 0 0 0 0 0 0 0 36 0 0 0 0 0 0 0 0 0 0 0 0 0 0 0 0 0 0 0 0 0 0 0 0 0 0 19 0 0 0 0 0 0 0 0 0
0 0 0 0 0 0 0 0 0 0 0 5 0 50 0 0 40 0 0 0 0 0 0 0 0 0 0 0 0 39 0 0 0 0 0 5 0 0 0 0 0 0 0 3 0 26 0 0 0 0 0 0 43 0 0 0 0 0 0 21 0 0 0 0 0 0 0 0 0 0
0 0 1 0 0 0 0 0 0 0 37 0 0 3 0 0 0 0 0 0 0 0 0 0 0 0 38 0 0 0 0 0 45 0 0 0 38 4 0 31 0 0 0 0 0 0 0 0 0 0 0 0 0 0 0 0 0 0 0 0 26 0 0 0 0 0 0 0 0 0
