1000
28342 78914540085018417099852087688209592577738687250577709200471
21349 841738510760007887014641434405576773783353097114302714596039684750588261450777709778199368
76481 6417662404993206121419198919185245391151552412050685376284589132230249498830491602247197897728431
7180 1339257154206368549191048394728229150353750503614918134757971189870869836550005
13006 687542210775532197645472656260833501709101459095887756981
39516 379373692923131387708179379221291479010972673960355926766499749004698313829948830535
78366 1561070614618615731586158318336836909256557
68174 58689397422353791581450708400113
73088 1289897074158220623504817003820367111165786988120331206748992621786527259644164478424237503434491
72014 07319103877584160576502536932581597940789702111559334851471741696906480042281672142
10719 30837301147555695542784659946518531113140231985464000708313255738428791753276846684
95560 35910161
44019 962531669605516111562087111523088765123039567466395124141463218048215
5972 23581818696663086193776
84434 7217860591393366644180491236057075953159477983544553750981037661258099923995116034020989929257313730
33871 4908799113571620614650971943964745534212528492083020487407808305307647571122136584654436251
17814 802220714505732525791753615242802519437374812005513078850017
76613 79462237323532001266724418334556729536935610362752797143020836556256368414313310453129406662612444
26057 8271
9493 418771335290633190252151534309312362001678264393308089
56368 219586055592784637439682566249618252621201627804650248417024353124678239488612763226
50782 5963492551839723739353885909431562407918868613915134
42642 3584604556569542220353042297774256356573571813594108298133450308498413453687651595
70721 9367245305511834893055212754189349108664570760956573615827988023897188358595
17602 317386953545392639602002966821789004876304960932810751649495863466
83732 97823441484964
99969 21113198401581661548469890733153858435
95402 8336
29982 4249252004149514766111662969876741312450786114422266683
13143 39455096783845978211183402486499922
97875 89399454469004117191950418817048997051402396876529198768718006
29424 2145359418293571881050001134893960075210209280669069629370500037769502817809105571260069
90926 67050861562084783302065990641609498451773232716804230998462406577651552
31115 451954966798128762129843165120
34179 0204450891930149690012555950464488716152389184057670594621
26680 4285364608272232174919960132884057508242536015851557626925780878718293674029403004
88697 86229832564440771365746427027771152364541797216340280782753661885654
42497 65652099866992937195326909924072103
44273 3993089511839831818438481
81368 2759424493137430326936110661849910830637021909112811938
61348 09418
1232 00873871014714684720022431809927
66013 74864094495641365756560115959468755173847836572317672074759526200183081617243263843156175356755948
69504 7774782502228297136512099258019517519
84105 269981031984276179287561971159505
43023 231036970241277902715291720110
96469 036559725048683970274878641499833475003418581883147797866966355239065181813
16120 5421495237957391308948047
61584 246546049201124037321
53472 3485796341347863551086990
81019 770295021738625223371446254698013837685867370916224320131625396042848020895566
68628 11194784773550216659358090746010824839264337303610309653212755069306
6904 88716567048568055054725371814104281777767986043753518401036564704
6487 2608787461208790136475513567767668316813833540540763690095748320590549007871195363055996203464
37828 296141767345121577572154139853478491420551218542119377194164998854103
83097 23678770106023068718792239976710
92858 670619235438502145080237041
41313 682439457922545477492703526388592656957549
83075 7396211104199423
44320 93242526164381389529589224463253199284886
26948 96790099991720375208123596310
21453 2489445734865696190909176146949119079798151576332289863896402601909843081095491
32792 93842687586875583073229052518476743057177922817668011807569214554229
32433 3786649059897466442803256549844749618616652193
97523 0729058474425921291995473903397413517594411712530458020547317751479091837372002925000
99808 070869884
30961 89652520888264741159911776474435556481667
50341 4580763974880003379446029184016234771107976155148081488440267481774635575813836723469208543
28990 477628095661336852967607241596106811607475329
88829 6163615442929782613352491778330448453964456997527383620656970977771429882875109398076440579780480042
87962 9931680055834601934803659011178276568817
23279 170594846855537860407931298006457056279187
21457 4583408
20567 9115907735442569285835408857235168489627986646846898724343670732856869439496372560796640479234
39358 8642426759653921645492776436260501963139952126494973966113073348377488124763
70146 915769354810
69529 289911217015528502296870896866213921035617166069839819144479999537832
42584 932937926
88385 95898329759190939593363285125768908907894834805539568253999404889741208793925541381997614359771
41712 12585392471
81170 6188355840
43929 95130935957005
39935 54
64783 540740626250635190019425754505697731967013122403611661777643994283622
45353 5616894574
1380 29263638788428084147029813778666333110018061628928110467768278968237824259324083846959066621
817 4264538375297947655697931756181596063871505346899825233220977018995780700488367644136423268199
63026 59634126212906827188294636822336780454277708485562412276989300961877298586059413387
4203 726913674842981234158101571717487123780
69253 521771634147886839534173708284600867622911265
55949 574374783975386539591298764006050506636003509989452924921330993000590003076553170579620947693
35492 50336
83588 331241466805259416105453676369034969993996858017
3951 3077535462056951641153231404061825942032324493769559826001210170875396398404539733743488
99580 4681964629491116719438242542
37391 285800542547377661930859269611077563523136997017698254971569951359377069
56197 8432467045958585337472976105905786561060101057521355185028850363091627655006552575010
57154 080509
35974 943912781726867255102762569567352608716313855
87325 0638747816671975720076540944270500309693307
85921 91743
66798 9405640540450443218707268
14670 584422508753775929657
40735 672372858616388951
19888 869418219468340724757306272901314490847242496446201848540403306089620041062247802505991089724482
70269 08112629505013628451924508051803329442654278280187953334772724472099429
1863 6193076253918984224419429523265187773467920316504531843322278776905
80166 7429860537029491326656872228101486187914
59482 84641099198035268920704020423083280763522174379274911167332866283
94629 9473809810812681005023674071793581918610143892252
79598 23769028175092095246629120009708587792496345537649475499757299462205265693377095123457662051
29181 31181689010295499825892778767476
56916 06087695117919930413350956774662253329893225801548846130785833258366407959656288812608147
79403 2323000
32145 38103832579241437937911046296500
54586 9412813921220550194206297059800209261200533466615111269330803629423656897441972709
50411 37372492227778239
97582 6191260971256980444887852686137487893966349264114626741527558707172376837988268531740
14332 413690844567734870190216086668970114959104915340545533
1595 66976215077321064680578133131
47118 08148956623901313859280499301258877564762615905751059303674653067715653
22146 964819401190656628786546289223430378220847378795728229015094437
64056 02067990299604586410198890570582146247996
8895 2267259380562462838821636448592524416
87819 482210233468109098713354304002374799429967531438437903617194540247250250413
58450 029262899948467898571431
27670 26770318511869202599815455
6137 49206203778757194396223451481459973628692
49935 54746
79441 49728982868937122137124564952194635289671782108084948572
55233 112587266893439928621950416611487474367036784534026965832012472239944
75678 33762285828585067181141526422028847515581362774437653713534612451
87663 482355651933101823418647100661462572251213126231785219771108943
8906 388592335800195
49544 71585454895297
96546 6004881103302415886684177669056100616436353257668884371501691969834067436153214235809889
20161 2298334449962086652259913911139559600079791271424168056777446895840
158 500476455097860453064781495
90182 6316133155496860815401140033554584224187504926596591039340794615308
82033 3444209119652934785817054560830207643200716214988838326637
54205 21002990376773953264057642435
7904 416931873744983392126415989814624019900485152005886692065348728507408910806661344868408783611
30109 504645588470860403750
71276 804540982449913318526492195997145397234108791181971981151642
40402 51591
18080 5614981856932774383907
25610 5503334672263330188517580211721685413711432046832927611775951979098368283616787875912232730673204864
11685 83987122812470014801784350053798344072889
58117 749881103870597881435169953120623028361873994879827059001555726848053171418492128916882068848480
47187 077175110080854970219717801739890074680703716163569259466527451844
77058 37259785128852116566326818711503409451850857656634284
33844 167085313923588
76603 6801987471487904981841863850384555762506262208047255
64133 49608977383759534809943057
5990 05727726958617743452697481315112465938776960888935
19356 675410372268063850747389854391388002411686503391484909833956879391702745958574018
14223 446319348678515877388503065797140850899619112433950723529316178660416515192622596877307
18955 1735652291619452274515142565410929466646136841502695371172289545890880618962362
48165 69352978762477184278011752
1006 925237
15090 987026363483883688315818557532762111888563
52267 89074340837876731645421773955650344698625528589041345661183949954369737309821538082193374
47102 4012548921739943827471607572825608788487645669447353311144721921741
46307 01085809396886690556340400184804191272
35844 9311523347135321132781772868398958
57820 7112220730639917386358272667449656748364
77875 4126450150030825956160139967330893030780264603959160637759137260852479325909234994189323822860665595
19072 7079855899801968337830062030458752746910512583430340620070891948594761089816
22228 56860606466161619903057709
20722 4693123351884714461049
11729 76813150360859509785355110361378082874
53297 9825853714924
30781 18891393994199638185
97571 509601176225633016197
22396 65881817106301667192298092833754897
5617 789057517140530587855215478119342030629835003237360304417284977
4196 2915262308695114120
36554 8597099928777529398863046146299794283
91956 7756903812535397784067859179371198168942716294243900802568
97145 645626701264234745857
47604 821831269825978551119035
43481 69359979162724721435873232537624278010716
96271 340999254008600607907892236386605345159923522990868856735620615181974119250155159105769339
30007 9729547836607015793794625988060596968445674772790041198372772315597633642468470917238722858663265493
99549 37811211133358511715848572831161372615255862007521069605138590
30643 570887
46885 91608913776876301211994675509168822499628338184675196
41442 6297446893875302348754759718638617645268675157676853341369101445949448713290448656260948
46017 98148645877668545778083814392003529290093
54970 249524689475181301544294233405729285196449654846255
9305 770043481113365184
64079 45116444188706643413187507941229762760843553592778511540270942871036173242043152870444279070055
6976 0406469519421510061519722744206989498064541654983162989158025503239216131683913417
33401 438804658271759081331217995327070
75306 004218064236575046286817621631512361420259113016225671999752551629
22140 7467066368365376709
56459 104345925257627665784991664687102154337577083717262780246334840018414230862201212578850785546748
13649 60057974057002637932600042264642514673052924587749877482692
82869 720758688732263052516935661545984047724647613
39945 24712455103713098324193024544409372491819600121970474564995
898 582560793637037709026366013053685905406162267986163148
29910 585242587816663511518218022727394708
85508 935746201720462211237763907101903602939370489
19709 852698999125971113642524873101915929829455818382456945231705553987061431758383116272879406985375
89020 48642084337965852805558952332023674754032486669
38069 0549988733857124331251299358997540987671897
97456 5633
39528 6692601624861070613563841195698582262777275038075219639802537861450
83977 15891780785200190478683151167267196938788356599697706242883602089761745574171560551251925779
66021 725068102682718257516254295430510
6820 779661683816849270508719803365075833563890426715058520230199053401724634300617
55363 2216405746927536060150334531984076
72486 846230503595846148316283659
77087 740627265197951639942085864990463425617997297731383211416991
2931 49388037
45850 40044740092
58513 87451708485636963494157302941
50337 19509376633000701465983485781153419904501604942053472253490669
31579 33963019745750804779386812053526577899534556291087744482965392901169282852990199402
15622 032427012174
27881 3647731549518741080664894780161810369
13265 52635432236937198559871606010926966364
2397 887038098416124736391
63141 0047239074677375975288677332211107625857186893658217893767492837687729732202595636783403986834869222
18415 391119525859945819957661626
47069 21037501735911978261324188
13569 1509010653327362993689658097031550828735432296124840486
52612 14649756246823475857535954794155
12094 07321925
6083 9062335043042197066968742697065895530
52 3439032802532628168969237987552788373300682648024
7746 8273268809602846692527145055344234656200870181618083058092103943471998
53901 3456910058313732650591181791300662927857535
78501 9071291985730021482310166010884169371906079598437356805897395556074926231635
63396 390248051667925086835622784635659651444014711662821033445701220585373623246
91790 02838804
67318 2811635000680118479810812784942231
15704 64078090295842825863430685484291377
22986 05881652172892488783145779530161
96034 5788
49023 5313975502514720388983123558153927566842920959643336013788472146978085466159403812888
73952 74074770795467771432397588559386813154542535231170560907807
84512 5503746985692476831559737213317624385267821715165103283678628571811937675711769771
81372 41475457091939432191180560984821960
42355 2846603131707966478220743329976191663929531380111746455632918880856
81347 26176155224325
40219 6534840453976045571062841068
18149 7285566628355688559
62603 767059364100549624657803837678878786605659278315610075395375971463588192484432477
58731 86306562093507233056099621638574595266328837895500
6225 5248643422051
70465 4709123064977769028392226047890502945269620440
63816 752942774613420246609593144445610367117229159424354885540330377585559366063116846712845
53355 065450909598418215822727373329217812129250286207823807644528773939612032237792308489524153
738 90930519306367055789609042353641788801774978
97715 26913167697169958712149
90781 611657557646128814140429599033280669307128819740129188511672485654370613
28464 353062567770742182236714176402
19374 41394912414636765638836275485119136296807774752632319
29201 30739489188560381043932914939392450086
68604 5868854369234871
40952 88597891939901705088195559961731947640440801087620633688332837478541617531038
42304 5481914224827315608932054399846168663348165229264860129539709866968934205
71849 20
34939 340972123179281658616033064374682949460447474728
35208 4461729552356747170190970836576317
19882 9508448
18214 788724888
35257 7560136183870278523485452008281006342035534363660953018367916331221600947198456
55465 1220552789402669194258
65123 5160960186298047
95559 96582753971730197752
62284 362965493665293391211976861346340124037435020752803870217360793468691058190106
80246 92521068095482454038202343
6577 23056775602789659932000649702908345
72075 50356668209547741308350149472164877475944772613352410656246479800756635017384828
48286 8512541501907468331238860542699850649982754200292988
4230 2281817250175717442226227672018231341810086997210034147761481949727709851
35778 89676200884243375433731805115231897246409751325306715236445049890885505609209299
85712 889098623247218809138842986321590897942492979517278670628801
72223 625258570
63953 0057666214725154292186022693352
92901 317574657742598454998544770673369426007004853403850
48549 5052592
22733 3555852268088875949808454225692382321120301
83062 61095450235650105586298034663513
86943 4467360802544833
14635 589716300504475723386519669611
43701 9399778864910671675105
91727 806447617639149040003962255699555113260831650966538405482567633196795371896
3738 0835650337318897037055676282470104080788383475844919590075274354421916303161034273141
32506 2059758640589707205582698169172
67352 84143094852413861728763620853376626444789484085201387665413956329282720956468173073480930127492179
24836 8814954250205331696880283526016981574315246572
80416 5419829229135810087095202884977689953015655763930
67468 03535743660
54651 36142
82020 3258741588877518435122639429057884023727354512
24435 894289884290976908545501388406740473
6223 424498149802621862118009644645546360256245673348142
17907 296060572658170035789263679336010667954705359
5552 7801685989606597458714667067042262528241
11396 05328156531333714616357633053799677294197324612529
91438 339
63691 47339390126946230762122099910565808092109864340942572776770029531918957018540042516227792189
50582 46588123038703930340665636636158317
31359 9981087519768527842658282645005120469342018719215443083653962513
90428 07153699627365054744610092704582561033233941422766272
78643 78413269896306264140170511402651527589352223028475912651226
62199 645728282414795222243573397077784871677209911565110531469667714
68309 237702212268294184300550846337054222135705387850274300301965182497195039671020075848965362191
47237 07040520769350
62965 9745386178715807341683286723590343537641859521843977964712656963495651661732504351779887238374624
59255 773308392019970964973306446101114955858192116661022893567218796624339540653142283327387
43550 24504524724773309104777044125302853734586730762549637489300
82364 772894910502614
32727 7326736010102870125166
93119 49371161133900407010040450211167283327397200434
84580 2339259781155592573680318771729529839719743293666617504151134334525648278289
16149 192674184
81313 4174136701222883672328217278092229072
86736 274538
39179 3080228598254825
2472 70906237076268502181062491200195654910104931147743
4871 01687571169436650788317655122866431743387807060777862747611568655164222118401515595606
26791 89006355982282584173
91224 7072734720587672546015532625417611900614505584810221161968
45324 635692433571
43245 50085368563564442117773560641796950838111978960776302586721033635869547573
11067 626916761156851779352801177970364672748
32576 0006599449634471933880049809603627600765014225422415570241338541157
29470 48851983678516293349832946147
13949 5836989255772275402184110643437479052854077965675874
9361 101148972730590144376898188311669927323032605
48523 14415447470630200876959997905320
25395 3973662770426631302668
54951 80151040071020153034726256270807024125851904539500550978345779180
76947 6168571319826720500
30473 814396954398838172618575694008895723569820830615910927044003351929732585333
13836 22392265447842563361251672280222216962030876
6886 56763975455
76064 5848909927097743614
33281 32493632464728675
3756 1924550191559635794064022426673502362423794919227614195
69482 8998013680971
47442 588408022046705029927794959368234435871239433867786797847
13137 73998355
82609 996649481809976359585174177138382107432197104935685029
56819 39792
22043 58279951938762413304301569598633532073269833984925574842201780675591170946
6033 18985637520913879045508739598128553625023717406
35911 992355
55795 6421289578184220939335552338170738444283038111288236816339894770253252767815984788384
92265 325044193915937935338791174018071129387479760182285905002703988513173829894
70948 612727139479330210317092316352620859633460485396497617688497597472539099786572713
75793 5476373542218648358408777265229157439013636346894431245453395382826608997079090
91879 38363621275714349301532715413529
17476 083240858837545357578
4171 73
94367 41807214973351671788454823444430970696183683049845127802346065869035
62623 2198766915630114256631722362192710550479847431690814576682674634393983985709004879546
70983 6880280471281886100948123898213
16818 495754723415890144195828155213535137832734803401843718382191029589641383188356266
92107 1686665922208979287258828469585
14596 201
22047 429664
47409 8590504970940750259
21876 4608345293833325560647976219
74735 44212078738588882811636399
95437 483795545906448163578500371152709532780916249559613694931823929515255944
39140 67366573626539385205
5158 178791086677009627705591607469761701195815720845570473837547196550056946336266226254215
16900 647354528348325127776684516251574580518695090514167594426956424227284707569
33068 78060342268512331521480522966201555023579051997425275542450816873922611026354301922381900
17048 419648608200239033199963370162868792654363981221525319213314377873734637568662350935790
66327 56741419400839575284858391566171909060329839163285946688141084746411660205220326456940419
24014 1173940723801968534376738191304460489147316973
29267 65189284461798832255733181975096757574921544998830771642078172
99102 5837932838713405113262796495419419314618708380299467080022226701797719046066796
59554 82616161749
72952 80688326450672237325339776810613317830908472361583782703321423244548049387451
16124 0988155000680226489763112843007923726914768727484195591969611963790929667915406243120521648
30468 451876565829401710589683941734
91396 952291909935311705324
47826 208681658815225011121770
60679 46766768110290462496315443958268780372755
66242 6212091678121282747168304292202955454732333394617521857768020343347634156363882445251
65816 1580472004637567421638808140171511383102012546299668025738542900599243693285603206489047576626848488
9255 20472
36784 779690659340102143928961383655863366785033368535742890377961724477368423747757403
93122 588439061935799986796649274340766225323112612689376055385189400
84745 9210042542652392976317904
9698 256425879202870005831562352963207432279
29542 87456224512232417324334789158317289428104738028240708350
8460 60584330858132430602125143066657335288482383602392558507120431567839153779
6795 31833397981712826562968
51858 546970616465964083538771328918969241510891972834084
71136 285992935104875205228091896594315358465426654749394877856308392
17378 07620246361997
69791 00417921640391167615191927653618030958457934484814534289540865769601996
78580 62904645169141915859706877175982730053819077616028786930427293777802903024218748534947194529303
22143 6846691663929433687942120383633660126842783692597493481006763
51610 40665067811975205011291084419503957762362050247384635
770 0141762977795905670
94694 35801226445312717361442087382514537840272050390351903588
98969 8491789826565826582840124333746169790
97781 422781141853351532023930337291432080939893130045440017882422220104980505285129469234199581098734
62104 158920980222521715
56988 8439977791098554713900649834560579999235803008197809318019594
70935 01527174760417912074724188530046750197447101410339
93306 64065042757977282470419165881572117587111135422952941
13188 12925546785787270567142974939490960645088195428873295130157791014298366716074
6544 278432982742065621362584242244552734646
76085 682882316293933142754177980373673689531315545647462297650396406987099104
97174 59
12620 19483740840401464
44180 14054684477978521157495309548258676588306996985129349612065067123802121385919000535410209
343 286482926978722596207731467613092191601238058394284342202456948
9079 192727978563410031346378095733780809416662201610598014210266814348580396375200766984751891246278101
12498 13
40593 53640232820037559813132913906844184004043813588
69471 59911472451581954201874159030678582650772506351630284483207
27294 67600249580318670032131105496127633365163571950086676022866
81309 77447032211049444473471857
11864 39835011744652619527066575014388864
45586 77411631103716642577005071029064189682642514324997168578493274819207511677788676032393100148
29894 38706289475553
38646 3057609046194071689924482136556665941867932635984
34973 7076300522081096554902011786674328787415
70648 77451852622955819577667782662866438857302234
95999 19365583820963098526056182575443962537952572001071002478486
87624 84901857289606393949503780547326884026
25334 977881872037540701445005144779710616
21085 44825647500702401269597936306724616396050355
53322 62
28823 92501833545220472607708785705418890532239449106895256481718798186686959037746138333287
41887 2069357474809593151014006
34040 6259314575
80567 05648818764856753330569351109475946525541785448895344894855334650476851228354
70301 808752448372875061935444593367
43423 014481557246667
63341 86063895179616305430404152403004353642024996871201493511575208229973187381192223846428
19440 31594210930957902186593082698289722
57879 49233265638443038397
60671 824222657953425
57833 151870027250336686514024138116511052686708828108411858014603029680861135
31049 82915259486805321091652
11359 5049690685380829561818952657578604491632709397801164735438057788374871859041687289378618584232712
73436 50555289198760434341790889071001087209549161258859620918264091269856459990618014472268035
72818 249114578142958017703385334163897442523861699845672735235150701377638043418
34774 53230666926813143651253269495561843000856016609798852076051895
13149 223510644396467526582890545762438481538273147655691157354610375007615127623764
75221 63100
65716 0183461792101763150774936701129159772866351946241931630215903774
81383 12804571334319853667516265308384604466107632359719394257227598451892506667755467989558970970
31553 09796214053367145262327620832698886431483380821689251
77526 420822453714420984516
12019 05429166115684701380666791075281366941450519173470334989709
38903 5410263245732616749336519620394157446904
9306 10298408282434628327726051113668199477569882517
82090 9849465497278547452116218606054922
30312 53645909864407469690762246588412892663549665
8127 44738622336003825408487759447216026814635882205582774642755257181516450356026
46128 00997559378792901750225144019871929823
26212 4709383750233647014488710042126800272350224308145147173300416662530167344958743739082426459
13079 5183653918767305399961607552419319514843599018515247848842027527555061178689735185283986811101279
53830 29807494709412303048204340647761780295734
41992 905284085740516244831346
34498 5886204095935824085465855854925121539289980
33476 035
13574 74673009908668473107217153710881261405121051662429698249492186193826311638377968932040
51570 238087866056331626460559709530618956478693382195374810933473965322838265782123892001
16836 62052069784733728395240248777745085175259759554583104
23876 59954498834
34527 429992567996171696547234
14380 7179282912782253804682772062146896974451936326788594366301444859265
78037 625354316830923481313403930980743294391779665889931778215714067290395921884616250281480387543785810
35423 6001717682596152196945779201233509625117287258530445097400379254663495147212734610873796451
69258 115860790098846841833245267413973341594572335386605676501914037979207344239844006732
73722 72865713175969236072921233059416603753088878108390041899
87711 55092314401224306350
63724 272268253909035
52982 42826
41507 211544404525162943
12886 7282952213814786543916600778836648325872014646924240380450148055098
16970 511295200908729791513072330856359041520
80221 3835213381421062747968677312386631166204553268739165538104864315
86804 40671376728565678792916709472245491781
43243 7873719994690501918637389161580304590306073500690800108505367236590827111807730978497515
82036 4184705848489688619018649753515221814785958505872862004067155099465151884600046906
24115 35477716349008144764943496418519490788885715962554564349124085272616873786977
58796 81290297388381416340666689729690495446981502562076297412547595480301368640
92100 7868082632623795555422046906044443261679594019122686825092961596850865515144153646201916875
60721 106051224056762156899874830602566066147868968975388716452
71881 038638840434097016828235004746018919732733337736535731754754201265886458282951758603266648
47943 600315866
62048 175662778004107067731683888997188505880120837836555812596306424908876394621372901470698346996585
29585 663729870458153931681788381075201743186526271898777705622450727550253084513147080
61187 8245842308173618936161408501434164796602451607154306
30044 106284407518047444444744377981521133178943117004373439985140819423153657030
97032 57702802818018478954211
56451 5377407782945054702987004096918
94969 130901385434210567827329493859324702550
8685 854811980162338322766318514360232187794702489037152530
95288 23511527088670546634952929589358983708972841498081259620245494460855580773559123
83623 3991444889504354
85517 11142147
15923 1565708325856791775425390310518855326939766537838755585108021753372680658702
31590 0850904811880345538219742455112206
36178 959582676060586915705845201353550417516962430378660075917448609504396230217426
46164 4854221917006354469615489358954640670294370343805839157129227384701436755865750
60549 46437443474858880318846164579
93230 88195929621243485590989939466378652439634110018982397841287275011676202080298696954587179363446
44775 01252022830216372218669319209094776609831351458767075434078831477901705974963
41752 7616994206990254471154762731192786696465473542444386884516614120474292
74304 67598658447136461899094875212583184254412109516309110932646715977320856922102589
27965 94824105255201465587081392080344711948
57753 711137659492898541819735195
17447 557671253116630659631116277820519629445389767339629364678459095932331333213251770095708
67055 90843379311809283627673649860621309201192679179563329587809594486171481235776206300282
4554 293533460215962002706058211971129783644468169996216487
27133 76467874120911305334226507114581886809454420308197457666230950038
45795 1448348704215279707507342442444599073527942621685757656118819650532815500882194
1511 17744
39627 1208136888559183050270796306721203892273273720160758306743416522475663089001320460463949575
43976 323892740192279092281735376546187300317157166433218656694960106699710919795608413329249889948
26026 556068094155963091898272120664105086516016816312338894740522630043988599383181476555452805143164424
61317 63685029044038829286721137970770489621774325892823213402412638500128163734021544107453642753962604
38427 12869758454130482731781
23258 845712748061937176381737967982182353382400395255150696
5875 475400998528177370841794224616598678049871679885234334453118865112646709615121685376307
75136 275204342187244385988090689805374581
13055 9842482369053936656139670293
54882 7757217183001459386198294692698185431664588024983117747638988489903528763076
50235 2496695236724329254541140414172470290630107803900724564648124223489
15613 0220044008289435909267760674260153931394783528376660780788981120
15996 6973672170507574916957771622032378419
94627 9798751370738819238760967244807812870885178262797
32883 1655462892404698195194732733112372618842538480388488591309561280835557099406535416992376412904793
78447 593089526900094493486586495
97823 5522083583766087
24102 67427255966780685503485701292400237243436324481964349585927907192993929
75656 319754726740513715902521831249037169
38862 10892098202
70908 522193122422587304131872808844284024429429081521119886408884250594060867296414478433
52277 04678133705414739313388939866299997236368349183108631
46094 818439354906526809168289777158418650560106615148791935
97794 23
87584 4177261409665498349903138401036291702659044250703255655460783177068238
45297 5483545857413363802323697224722900569916617554326828229
86269 96405067628632844477463028231943519340873930025788251331564
8830 31924873358921980637214993704097306037109908991171
95287 86568535
66728 8779064856044592250645458812800685051338925853988960039752582259797849375893613301880527588138008744
275 51217073022664399333026825029549501974
75867 99721405257472642553597334485937
53621 498533929172638096766407633130959974265986835364597363105345910384054754800049716968328
61332 95538453002548879002867416283
37669 5286608238927205729935505157159967831745507820374292132319034375791045989626406564837720668441153273
59190 0349807830417662660758898017650675785329141658004596536052060127078340753118825
30154 1459827872315207599559695
78617 82025729819259618129553998583413638002158987424596105443307300692571
21932 0972378641667413231099794914954259721544906342241752298628443345
62581 056182402782311692037463178968612968491942394747250867262324062
57777 0687094109933707417085787134047071701464
51103 8612631262907876232
56833 0454368519126324278756380361071978461677254120328840902688599921464341329445447046988663157764575
737 587241971546682721031283168066255681574332901598624865663
89837 49887052421821543281970363074289484398293568406267304688660379
79455 496291589422019493210987360700394749806994968017111564298084316255137899943580775554261202459
45678 681292159062139185318
60185 66343758011353775106892583771825523175780788053619772494511
18357 998653820916485019294984796440
92560 12859692029860442390287239998384281926014
1126 2821
9499 01350975340266971275371643762
31404 4452760401565201731896970538852981
71033 88836104166823745938994118524267040172608622295181082
21088 46599662563504903946762505505158274030
82574 940029486705197797194752612046360572536
91786 490494538540485696065431654712968231
29115 61349725647876046258345025403293710719503553150951883910096784100938999508912016866
244 2267737006886173761230456538475731793499
10893 34711309942379272605055863833364548126521802729340003851995660536093806754442812
9075 68495151628933714657738105603609195842667858000
30728 17397508521932208989449069489804486534372153111795989780221578830745814621688803333
29302 728109922331327616176154962167
9495 8340641081638543754615269847800115
31632 80387739457290017154223950018426316939682060166208534895458602148477088861782424
64031 330546651491661786216756353160451690370
70281 25490213152686032669674385147082209503683154014545605504729166203863970
68925 90382675595622311632089456561742702120828
86526 179037036509340651777441289433586753796124
79252 69014489556864144768728
80574 7115549481201328654586920827277899405754445364
9310 947410426
58024 331735219800882209248997793220853502945086872422227690464774377606268314126433521877918064359651444
9198 683596830583
68081 743516377881058922381563921774406397829468836593005220533883447941869695
71714 9328385715446829903126
72682 30196033744013325257396
21604 20555684596614969029577764675773
61318 5835464395763
95932 9836422419316474940859259
5827 24193800655174592964870527969808796
94493 799675474183517891923949169511876281778543638022426955576279640103192753033627109864414557
89824 9811439620314783014005574419331301764335891418649789974257684661090481776469
28121 456524055190338996271757142736351937852217839837644659
92227 885831722528914849619612146166967402
81800 0841741
97549 7638782625055486789186188341284385825665999230420590469984211428799959829
6466 3215687001419597567355426483449122918779484828226276291739514120422869354183718
26491 4379362063000648651703680740889355215627778813526560086118155657165960619355151070
56155 33049191772842775403337036692200849754175746191006707775720770403575383168962971306216
56474 54773200712006396862
55235 463577432043244532839634621594682312269133777522608
74294 0815327812650335366272491777749057380374260829995163831791448522574487301568283781420181008032328
28219 3951632706799798099016308614754519902154694725952270074880467356381972832892733061801074829584544416
48641 0365108087752446319659320985227
80544 93619993843919956501355
76582 94711417
6377 3764087148815517120988699543475716861745830708620868058686462973640255067226843915065010
19475 409481682054511290949432803576877927620856127281972650523349366285443519239909046064
77161 698
80964 1449767541833150609905561426755175728243343646875786021749823050310961773786238272275
36237 8583084518736458740871999577660900
42021 74805545383584743951975764091877772968641112337023511316832462146060288893540895792
55290 6916115743626913787246257947002565505946016
55710 837163047
18047 12323754994530725645177477217839822001491008247867615013
83625 98141
84588 552949847695792767986306327352595314
37839 362208
38696 387492440905171641635222386367997217658173878797224524221446
43981 866276718258857045956690519927856468786814064119671
82985 71759982853781890448106
30807 323120440446053819475560019772368491275321275497021359146401000
69308 948854462580883391
46335 5498664199261611530669064467832109245287088648854965734325461534811184175070248076881929031637
62092 928696036014148742756089270468
62741 484725676622056277282644918560520701827162639682
49267 929970441859510388877025512342628
34749 94161389341506462695085665289541850743062636333260097160
69227 02452701435751468654796368181621339992875920
74032 435181006083667783301344499907986511465109292235369114735552885290316048
89266 60267090205547540141302508505688887305665344208484174092603430987
75084 75373574941679722534487281828
78155 084594919068572270826428197040127533156176401426
93553 35
12638 0604812791773324664258323209582217017048582063
12954 786828125778526525408301194628
91434 47213258519534681148729673419761950480610609609974040024375198793021099885600840201084982
36526 02660
18048 189687909493028906848897219318588147
77721 468649901637062404682997341167840874437830249363851965396357572314795654498378
73497 0419263677361547764259377350458180292520040867
15857 739779628706207305554080589969966532871316405840511091125198982388905622506030561544500623617
87028 050691496151492804435806789115531039739115687
29292 896422409613668273270228836566054719987899714488335702470483
35934 66225255180124551013970545309372134978551909939104315002699165
27622 4913787490379470414123462966278402868572450100093330087715500600487680871335009070677131
72209 0171724063327261622242904247053187886981
44721 7345508560932728800522
19493 2936032848301108122383627472090495117609419685628960330653970346273689620638682992024346
92755 98639711767
19432 12298773921057033001387440576104516793446055457677
3830 51911600442151405811869319052340800456152
1127 6526905331050559363448587368019527898307600316181722
17054 55
51484 179057063021
89423 256552405182076139973500617373402492357475542466820570798839540430691160198703002527964
95620 1361387444650792402859292993280790867110414939079791
14477 9253684785116021
78031 557669780160021975700970367778275739274
65549 75920017705185095804889290231579454437537778681282059618248921368129505583693263865592391378952
40787 418187857058062637955114674092368153807238
32737 138693778693997567763485682075849177566277993201502322042571454255169025
97516 4107156754137915753270549915564443643979459808060185721202430903379587586
64883 5695090330109013601990430244802972186755476181944845362427809045277251742194
70019 771766662709813043
41389 517617662970510895861248712026789745818839102946169083937617733328950232154595776758695029
67857 292952886841
98642 464440174961869002765323240659551034574168716174994049442825644831634263673257913120407465
82818 63255242000843879825490003538122673083422080601018700503207
78626 094629168454287148999789868636139912645167143914306984
36592 499832125891467028055947748
60699 261564721828267303423880020260374791346117101933259885312203240453402365625879040495500532463
9116 27180673527988863553213233087621721764834097114318487500833717197351220912300045057460683541322
17641 37838397631373869734044741894901649216209740394
52105 1627456775073362969018842121457592208674817372222887552307677099599573610952159049465180860214292977
68649 19685840792710507497808974574418369545884244105404271369958610169629
43617 7807842840524142614658392033120896361766664204541920152145456561814
39755 6771161538894431266036678354732658290761565657510815615313
92072 038665561878852925485305962794764047294082336045102431841263
52294 23129581025041267839971
12915 800807915332
58024 562370842225160453103688184111155633024131856108541064345181204614240942428706535877052133
98798 7823039219892270829023375542351204741689747832637634749020406131449793665926367
18471 20519293081151474652819735915016145673383458912730346616325676572777605052404278
10445 526025688202051284452051279592502646449
87489 924104623913610391
51985 707996395103294343115777307206046640998396684357697214387947864771733008493317
37091 5554938920423086744025353457755713239202170248038638
23662 74572359214445823373887168475210325187982890535649563800945556183827
10124 212233384021142445201377162615143
70461 0292896335141429248406910137980854825105
80446 3844851333339280280359944301770667576988962
6051 57616
95116 1625802304517138668835177602278199194096598483834
5824 74517986622892884193030956768797
32302 858825355093627533393990721521476506756517416496780727526539196630183173595164810003619
52211 090295233556968102840814
2028 563440419044524435062373655890234022384857697775282490458441183154172150
64398 711040903681404739127681420799222048241850462720263914807654362620836006286961960342734578169
56755 7655140806117
42351 0041993908123978020904102302629070662060247496649564409475
81765 253992260074822
8369 75657079785787517130398224156671660749836026629256207571236253682635482593895931836576746767
50102 5507258
83564 995937036914346081157820421567550911055849914
90827 1983237946359748079134311608979554397593489060980658500740884067874001998904038
29923 178899872431548212520207927399149079368153033726624861058597896313922555811833930418151213408
2788 93623990736789285167070058383512610081
60471 3699288781737014943649012284404338058839302942821214107579484698808597359515907530061523102
76948 412126000118602087292577999258119417360306
82190 9816732366294227150079383470088218625158329080
55119 3661
3853 600596179596744587038184125450501854244403369106728322482397765206932804
69042 237171499489318967198829020057157252124516284984955
68834 628
4723 61039501711043311898804982692535945736794935813298288116487504134702122618672229466
99560 4789963888616
76033 6862000310327743572352425674600145269032890035
68725 8113654988094024850137923614146750126555207
58393 610709331832
91911 272065836495996182659811094438685117221664928573521014569708280073341255057185497094
80666 48321802090094352199
68547 718931818101299180815555257480880850964723074
32229 367187239200433149057043574558352062311252188059635349915417517787792539722935561935541
47350 39899725642215865133552198675780323663153262598939603140367117631291790366486452498193091265787
91311 64272554280541793770299487431263262273403
8712 498516085140759296698328829725178403143266511259471138
52316 931890663097399618402336613707701353191459
2783 93636613287682705800878229953394
64118 630051430532131499697254556
19243 4207000330907210918902506507714489455661111528513722958744419
11465 492800530342948280962393534992324244704052304357782366883497878778816
19897 9652588363834329119127204066284613822034818211315
48111 012306594356
57831 979746905256852
40098 97138224141315
728 11778123372721597809474723684938760280666157943899010561740
80853 659922140331350016839933491033328655374
59973 24372423532912936301360356887474798086358315886976026546259166616707177177292335724211658001749
45299 130615916764524818188856
76099 728299999448079051063417314520233616215437717552294676002174280534564289155425
20 6326290511799245286620821981768111423062050457134689070714487961134685482694407
1123 4394
56869 92046722496799627588017817594930575149905214675371508634686331521081879446091534445966997097
28910 120114928185563599268394951674849521193112991218153564105176912793543524937638345682025637
9340 788120
64377 54056040381320614384809
6537 15927073235864293235
75690 44877974725206124025524548544619897164216852232767371746678466850871343409321
68645 88891952756854313496837017113840835828295499469065368794
28526 647349397125126115403812979966102091554681503
61368 29921434561694592431178761859451677208116
45364 0893732755092330096672
37905 99337177986666568538073289
43553 2062033831209977522214220005815076751803353615382792654607
76078 48470740844853830600716052243730260908212109780924251175992476275942335171666154969419989529046
22016 83935914482
36122 70045816575250746410796617413051598300339243139718352008064862
85973 04395126486164799433165448973146377006597073405825375883714761
51681 659825826420341151702990073384047079517056615211409080968475643168097316357396662949265698
20278 296927338111419653388774749950129332070763710410676224247953405139460494784654009985662361394245454
70396 795840793748015909791033502990912587516655593302595173170341261
92703 3953801998519913826
18968 0771
78039 1653930864203231521462602694664561
75737 9626618468894860351616628025218343018108568729823409081424978997482109328085398081657834080
17545 4757350945256820466608834783735878545276604150504352459131772584186975417831011324592877024872
10518 967554528107704327096665907082968808513923132929220413067925889588062195577846867071874178815375
11142 1931
98606 1158000622315792580334266419004052538313743242143
32507 907403338141825134522782098037587267035037961264634
54494 0104169764943343931840367942228542559635344587881
90976 297632714732127691442219659333337574102337299988045246
28785 035186383626572250293847128810565182730808261358627283899395240037629478479157989496
96838 2587292464959915267
87780 6580463718701202817846022130380
85533 203109709376
62659 65558908050023363817288643158152476006590248969481004740179796168264779546130469
31293 08604987108106761761446437494547690991775843794895566282283374030363375787095899
94054 3624366703978847932754008109
4495 05224841239303899257257944898546062147346813941614501078917461098821
94538 3386040285450199277122952
44630 33865055263207608703004881273260719744848523
84840 8703369208263695696
15089 522635585510317109983729546284886176726584983714974936621395149087293331271791420905236246238814248
20515 62076142073976414096404215314831
47271 480813205945390374789037637747
73979 15234659817942432730640748213423090
33424 71959002827194820402415
64400 455044148761036236122103793599326084949883863667928712047
92647 73576158948947302380707252145919750
72152 8025386723019292906657373115356109600965444788335646700689150899349929145180441013504630676846
62267 345608999172770877056400187193015086860054241898383383439046399454650968267903107046954549520
64445 56512916442974450412784062057421432526566145662675503518322950940633815986377208641604913679
35002 6049257423486380053808030005934911211740429338458845050509626646459954706608464427013693889
64320 173
44661 779738111337877529417516341678488116588916514087660406360
1218 1060488807565503658212630506213930154100551255484
36910 719919173647450510585533267222043005120399930726279338285682764412764404825
3195 98288900818032961336362660225958273515605695550903
53563 368951022546524528840234873339592324834107710753033290276865047428022612800625752275
12543 63862994618211937863279073646704952483396366657500
54525 61149876384885166490815719566397825035962
93015 9223582311742546
84925 70310296480639231867501359862265275408906108
54304 53445897980476179356973729311610719907263718142857767854831164101017
48333 85558237910926630858053189320594472110485738963339548172631367342408302513718883911
86873 569517656
39389 1607481851881905139048866982740867336701394076342857715846110153132
72819 87508009533778666794045374628277697511872185937878763674
11019 9472441956854926983208332404904787059797059
38075 824132222302860878963037391651991236643597553207587886490729139204687495541622288478445986307121
24756 67181
76131 0507015813636492504754952873404915532091641662240952222533671773445193963967509
80398 777098784574729403901999557480633021591620011
26510 935319593429746105057238698106595361512932495710637941
91323 28366835447023195869133430450192057628726665832538865518193184875827205192986295678534828605303986
84463 06
51444 6832111059524728976212555019752257236833884305732
7012 90319600682174595365862925741286695794275533126508632810218636593002025778343413454280960222807
2068 89716489426425
31185 905861856717292905424724622307981862
44909 494687127566531632002239911195360429098337640780584753610746174
37742 357701374748196429026974041869624818262
95484 01698292809
83581 064755457929973105839020985942201812117192225687893085063887118201749253022348237212171
92797 912317442283635822508505520942210001135999633315623485426560641568214809860090210577851971
86279 77006
50071 36738896926727088132374587754741655400572256506908
13839 092393308634165356582492699405170367
53008 2631950335403329424533304
74032 81
6923 2277707033977010160681514572477503447103199451280840830625
28628 30731089598550940404960888230720961882357
67861 77106637357509370132943206313363256765458082976383728054203342911234712
18111 83508140481620558767516797605811
633 703132704401278603448357768041914756665364612828380374239849779725262909667655
36630 618832245350752399074720758875620047480529491739198
94844 718107832707101106707749024827848124537703037457657319589037611656774870443937187463277202
10747 280555522829720492970128231782365528
26516 26387271245120748413714445414163960593497901977160
36053 2047892441210402859419530
36336 9288164224000099
8604 8594933960529637880366754865147897241606439936829
57771 50549353337
33540 1619146097791961665640008696234860794810412704535
21961 437897706471301763312633
77895 2286566692038757702135723305234205066163164045119139355326158435515439131756545005070
71533 7178736519974365858793014754101623816442919618322570360240550502607882829331749016888291016638267000
86970 1431566765192139923640403
56642 8662394262979298222428714109518812061849119542578294919
40998 29110933843883667375230045715583647984525936344605123718935923537031126
10408 8931733485366363503213695724447936352938099919277812397271752442246901941676893
97 13141889024206101046683333840442663182529963367863280528441821915143768891824754263792325
57890 8531635542819018175565693274498467522889498622154602315062
46213 231646360249279074334454876233830307985726826486346222395016718314004
17787 88767721211756863602223
81115 20
31213 5682609301869025224
15359 5214402770138717320157551791746800724177851170728322
87385 84215003660285182025338854504773970133936414203
19634 058351803955108049514466
51826 395253357435085957584699548
4927 3094908693
39669 5456151108178542109987277738106741042589326804400408394235007979503768501503145314885472414312
7913 52705601480975439988128417308933594713342795096218575868616113841917910589479872970511
32332 147867035683566511195594802877712309230860998084313805938251827468
78319 8624277554029339829156317
99760 385832821583504555434442474
62484 43430547413311107545181352734228601035455486878559766510284305409202879458560858356333640558411190
29517 5421969506
2623 143226724632032301950636664251947376521935606414079931
14913 908511642172386136623237967810273220604211949
45041 458996957
81215 26524737723922638017695074101457879881122222231893168490817
30007 0627743086114851
74649 7874992281821086885589377092175985012969706817546476486689247837160442629688023277975597
19445 585931465138273463614187062245258949908235799544
76345 1594871618247394533164158323121335136540420767332518679321597562158
16695 416666334301169186979465971236799734925657649718038
77983 3843218281469247121849620690499579046338119739004
32302 0210981057078509527471171103372599628832705598427696542616843723510
22350 22156350475946787491777848798937683167363176333233276390426206298464030863
19922 5496635072024296808175863343769792832815742979612556689320697998816928363327830569171247911451071
28418 0987916727082931210368629997556053691494986766535551263485207944389076105998296827
52760 69964805161343931966591623326300097
41948 1099821432872652379642709317673346185512875449397921051481158760325222424117333
15782 416170934
113 763613330809213050964549
92420 87665223492207985015119579962203446441380443487665171524606920716885
24459 91635850957005077439212665914367332514729510869997253852445548873349264002961549715394519181038275
37943 928153385656061309435517340801554004237222510299676496912235024147373525975287941675409298699384
7951 9417533159226347975273927858318944138384574120587906
3270 7618811723903554282715118639735433
64058 4992762238950335082124936067129045902604059790099629444945197573030
54631 40814319370075724528880024995742345211643758539490906843482426765481702749482823
87444 05423425613131216911332350723821394608499287234815
44512 445838812701746270685986049115454278716433367016447037569290172130475847
6458 94993102825733197036537738910410176784605898353059025973868388575401276361
62843 2897587463363758486941951710099785696825040995009482104514316886587378902153755660
56188 062412812429224903988266767993689493292945250875944025760
9097 1302756388535576436867207319439345599810816372724582177330139849773198507059799295500395273
99906 14675813743356922817417579871330293674859260143707864217
785 11466701200002499633227215966272504171653019377
22982 3313425164390252282242095276667647204
16267 9003058800395238966860852582862
57111 6998131850150957048612161355094547930570556670690817
35284 00064946890109113360979062549406758938347290506874797789255678618201442509162
68027 43941895916919117611081373881594988414
10547 925361604156800512240524758812741411909587633637034722166052335231549360390859874
74486 773776932658681555228368
46084 425550597542207744315301760331133050201337948428243242773229483986062744072481181146031
56213 6063770131978187341788555968274537140
81201 30892543189473878810079120244388788959580717290
15755 14209550791855474803
47246 261445560740293627631279543486905482815272467455686807168132563276030691082
63560 73606844512123207773588440332057284454174886973394984056461
35199 8294019385131408981876215990826159
93951 29333205203647178356316952828720990427914540513444414538632394745045568316244970186769150
80238 18653803941635361036297597426269226625157672
46922 55183904414552050828199387249608108452440605226199849684818272368
31431 629490
17295 97304019462089681298335941718172613492375952816278967559925650171821
33841 10757852362525029502595357229781550218725778456793301
40884 5059556237126
56315 0302305528409881412
74680 7584808343697414350623000731335608322943527378
41329 51143610021398043173920955688880675333385992868799930310286881078410316185016919084819
72182 30670863750945847310195865223945342
39408 13440243129956495656473197042084859770603
42525 1127208427073263299439412784788590694462515710470184693646880855
40964 224623619
24948 7235697557460952343720844173514734198932937812589736151386889956249496040057394865474704
41526 0801436341981653230145254828958693167780533030250870172958027494472933
68021 4831201063803055087
88062 109166811805667612973677255689141017679593
32645 8844820184911082421170433591068777515277884375584397608763
11661 31871877947974
23740 322453420815
11269 18
42507 87482029999705
71736 40264535491875523290054232019010273274607837733266782967
93822 3097006250103975300002308854784040357069934910
87322 58300585469655731739254353611858843690402302032537636492360272161904176
92735 253992599664520132432460809280295973553999440794973142630483781
27437 02483782138877108265411575335119678712430625462279509568944968184718053666114342008768
42469 04255381963344234088140
55881 2020874156187438206978027125783946825300374680
98811 814951608312726964271224075209941286998504697153748
89592 30228486705137652509002598243601766570628614396829929782267313942348813135015486761315980240082
61978 272632855137361898049551499012265030091623894183440754598791007819960
86301 4482024822986
59805 09545304410812902
9003 92117586583576586918000867101
13887 82961038266586409363268961065247
84612 31649421537
98152 06936814497158060052584014287166744437050128825150535902333562219235240854416414963
94564 6974213814686203
58208 3337304654072591652367923428492340104876241840940399013130774807
62191 4020790649238130985488260582613747150111945845109032512976738670991835154
19408 632097528107908012700156774467961126300566532413874638198346313550
30350 412080160984143931862917735771119649
30086 5756172134325871688118066785292454961128075344618080628830568591893211862183906879085293
90589 3489142957978251739061711964097074935159049040558937585771376230330094172
2041 124635535856562746238099174669348793376132368965137538052742015514880854291719254801231844689270
17001 7817825710648320541644194458680542493871027126831
23680 4885215600427286377160574910898864394536054814624566437796663922304238807003969035443957739
60082 55040731244901301747401460197986194604341948532472966969640957140131
5994 36973654870012979909719184728869039743127913402833488672662
10549 14728251327301160279368
76998 3247876211652819233429397
82442 51390470068689804349311302310581845459225
15357 0472806502016028358687711326386482355858107803557228823357416446590042309152767624547
1452 213933650199253102351
61774 4379831927099968280408411014174453683063865202831313398816401
47367 8325681257339202118512622287808874740068763605748514766293394146589258088
65776 8160411662671964312656494022756121747336859691
18686 3915541648664413537506925313436168166535911633385549924670284
69871 3569160006585035589216830659016816396991295312298782647697284199357359718
25271 002315259065021104347541477360882261496287828787639642297
78718 36635696717851469272109943
30572 86767253809
95211 05672279664900068482146972273591258710279838629046357916554356075635355038425760
92161 59729900148824770116698387299163269303978399984252988300
16547 0190487890829735147667252186545097339670842083110775596203053
