70 70
33 44 47 31 40 69 32 48 17 55 37 18 36 38 5 53 22 34 51 8 52 50 43 10 28 1 15 65 68 16 27 11 35 67 61 25 2 20 63 9 26 62 12 39 41 14 0 45 60 6 56 46 57 42 54 29 49 7 4 59 66 24 3 19 23 21 58 13 30 64
33 0 4 0 27 0 31 0 0 0 0 0 3 0 0 0 0 0 0 0 0 3 0 0 0 41 0 0 0 0 0 0 0 0 0 0 0 0 0 0 0 47 0 29 0 0 0 0 0 0 48 6 0 0 0 0 0 0 0 0 12 0 0 0 0 0 0 0 38 0
0 0 0 6 0 0 0 0 0 0 0 13 36 0 0 0 0 0 26 0 0 0 0 0 0 0 0 0 0 42 0 0 0 0 0 0 5 0 13 0 0 0 0 0 18 0 0 41 0 14 0 0 35 25 0 0 0 0 22 0 0 0 0 0 0 0 0 0 43 30
0 0 0 45 0 2 0 0 46 0 0 0 0 0 0 0 0 0 0 0 0 2 0 0 0 20 0 0 0 0 0 0 38 0 40 0 0 0 0 0 0 0 0 0 0 0 0 0 37 0 0 0 0 0 0 0 0 0 0 0 0 0 0 48 1 0 0 0 0 0
39 0 0 0 0 0 0 0 5 0 0 0 0 0 0 0 46 0 0 0 0 41 0 0 0 0 9 0 0 0 0 0 0 0 0 0 0 0 0 0 0 0 0 0 0 0 0 0 0 29 0 0 0 0 0 0 0 0 0 0 0 0 0 0 0 0 49 0 0 0
0 0 0 0 0 0 0 0 0 0 0 0 0 0 0 0 0 0 0 0 0 0 0 0 0 0 0 0 0 33 0 35 0 46 46 0 0 0 0 0 2 0 0 15 0 0 19 0 40 0 0 0 0 0 0 31 0 0 0 0 0 37 16 0 0 0 0 0 0 0
0 0 13 0 0 0 0 0 0 0 14 11 0 0 0 0 0 0 0 0 0 0 0 0 0 0 0 0 36 0 0 7 0 0 0 0 0 0 19 0 0 0 0 0 0 0 0 0 0 0 26 0 0 48 0 0 0 0 0 0 0 0 0 0 0 0 0 0 0 28
0 0 0 0 0 0 0 0 0 38 0 0 0 0 0 13 0 0 0 0 22 0 31 19 0 0 0 14 0 0 0 17 0 0 0 0 9 0 0 0 0 0 0 0 0 29 39 0 0 0 0 0 0 3 0 0 0 39 0 0 0 0 0 0 0 36 0 0 10 0
0 0 0 22 0 0 0 0 0 35 0 0 0 0 47 0 0 0 37 0 0 0 0 0 0 0 25 0 0 0 0 0 42 23 0 5 0 0 0 0 0 0 48 0 0 31 0 0 0 0 0 0 34 0 0 0 0 28 44 0 0 0 0 0 0 0 0 0 0 16
0 0 0 0 0 0 0 47 0 0 0 0 0 0 10 0 0 0 0 0 0 0 0 21 0 0 0 0 0 0 0 0 0 0 0 0 0 0 0 47 0 1 0 0 0 0 0 0 0 0 0 0 0 34 0 0 0 0 49 0 0 0 0 0 0 0 0 0 0 0
0 11 0 0 0 0 0 0 0 0 0 0 0 0 0 0 0 0 0 0 0 0 0 23 0 35 0 0 0 45 0 22 0 0 0 0 8 0 16 0 0 0 0 17 0 0 0 0 0 0 0 0 0 0 0 0 0 0 0 0 0 0 0 0 0 41 0 0 0 0
0 0 0 0 0 0 0 0 0 0 0 0 0 0 0 0 0 0 0 0 0 0 0 0 4 48 0 0 0 0 0 0 0 0 0 0 0 0 0 0 0 0 0 0 0 0 0 0 0 14 0 0 0 0 0 0 0 0 0 0 0 31 0 0 0 0 0 0 0 0
0 0 0 0 39 0 0 0 0 0 0 8 36 0 0 45 0 0 0 0 0 0 0 0 0 0 0 0 0 0 0 0 0 0 0 0 0 0 0 4 0 0 0 0 16 0 0 0 0 0 0 0 0 0 0 0 0 0 0 0 0 0 0 0 0 0 0 0 0 26
0 0 0 0 0 0 0 13 0 0 0 23 0 4 0 0 0 3 0 0 14 0 0 0 2 0 36 49 0 0 0 0 0 0 0 0 0 0 0 0 29 0 0 0 0 0 0 0 0 0 0 0 0 0 0 0 0 0 0 0 0 0 39 0 0 3 0 0 0 0
0 43 0 12 0 0 46 0 26 15 0 0 0 0 0 0 0 0 0 0 0 34 0 0 0 0 0 0 0 0 0 0 0 0 4 0 0 0 0 0 0 0 0 0 0 0 0 0 11 0 0 0 0 0 0 0 0 0 0 0 0 0 0 0 0 0 0 0 0 40
0 0 0 0 0 0 0 0 0 0 0 0 0 0 20 0 15 0 0 0 0 0 0 27 0 0 24 0 0 0 44 0 0 0 0 0 0 0 0 0 0 30 0 0 0 0 0 0 0 0 0 0 0 0 0 0 20 0 0 0 0 33 0 0 0 0 0 0 0 0
13 0 0 0 0 0 0 0 0 0 0 23 0 32 0 0 0 0 0 0 0 0 0 0 0 0 46 0 0 0 0 0 0 14 0 0 0 0 0 0 0 0 0 30 43 0 0 0 0 0 0 0 0 26 0 0 0 0 0 0 0 0 0 0 0 0 0 23 0 0
0 45 0 0 0 26 0 0 0 0 0 0 0 0 0 0 0 0 0 0 43 34 0 0 0 0 18 0 0 0 0 0 0 0 0 0 0 0 0 16 0 0 0 0 0 0 0 0 2 0 0 0 0 0 0 24 0 0 0 0 40 0 0 0 0 0 0 0 0 0
0 0 0 0 0 0 0 0 0 0 0 0 0 0 0 0 0 0 0 0 0 0 0 0 0 0 0 0 0 0 0 23 28 0 0 5 0 0 0 0 0 0 0 0 0 0 0 0 0 0 7 0 0 0 0 20 0 0 0 0 0 0 0 0 0 0 36 0 0 0
0 0 19 0 0 0 0 0 0 0 0 0 0 0 0 0 0 0 0 0 0 0 0 42 0 31 0 0 0 0 0 24 0 0 32 0 0 0 0 0 0 0 0 0 0 0 0 0 0 0 0 0 0 0 0 0 0 0 0 0 0 0 0 0 0 0 0 0 7 0
0 0 0 0 0 0 0 0 0 0 5 42 0 0 0 0 0 0 0 0 0 0 0 0 0 0 0 36 0 0 0 0 0 0 39 0 0 0 0 0 0 0 0 0 0 25 0 6 0 0 0 39 0 0 32 0 0 0 0 0 0 0 37 0 0 0 0 0 0 0
7 0 0 0 0 37 0 0 0 0 17 0 0 0 0 0 0 0 33 0 0 9 0 19 0 0 0 0 0 0 0 0 0 0 0 0 0 0 0 28 0 0 0 0 0 0 0 12 0 0 43 0 0 25 0 0 0 28 0 0 0 0 0 0 0 0 0 0 0 0
0 0 0 0 0 0 29 42 0 50 0 0 0 47 0 7 0 0 0 0 0 0 0 0 0 0 0 0 0 0 37 0 0 0 0 0 50 0 0 0 0 0 0 12 0 0 0 0 0 0 0 0 0 0 0 0 0 0 0 0 0 0 0 0 0 0 0 4 0 0
0 0 0 0 0 0 9 0 0 0 14 0 0 0 0 0 0 0 0 0 0 18 0 0 0 0 0 0 0 0 0 0 0 0 0 0 0 0 0 0 0 0 0 18 5 0 0 0 0 0 0 0 0 0 0 0 0 0 0 0 0 0 0 0 0 0 0 0 0 0
0 39 18 0 0 0 0 0 0 0 0 0 0 0 0 0 24 0 0 0 0 0 10 0 0 0 0 43 0 0 0 0 0 0 20 0 0 0 0 7 0 0 0 0 0 0 0 0 0 0 0 0 0 0 0 0 0 0 0 18 0 29 0 0 0 0 0 0 0 36
0 0 19 0 0 0 0 0 0 0 0 21 0 0 0 0 0 0 0 0 0 26 0 0 0 0 0 0 0 0 0 0 0 0 0 0 0 0 25 0 0 0 0 0 47 0 20 0 0 0 0 0 0 0 31 0 0 0 0 0 0 0 0 0 0 0 0 0 0 0
0 0 0 0 16 0 5 0 0 0 0 17 0 0 0 0 0 0 0 0 0 0 0 0 0 2 0 0 0 3 0 0 0 0 0 0 0 36 18 0 0 0 0 0 0 0 0 0 0 0 6 0 0 0 0 0 0 0 0 0 0 0 0 21 0 0 0 0 0 0
0 25 0 0 0 0 0 0 46 0 0 0 0 9 0 37 0 0 0 0 0 0 0 0 0 0 0 36 0 0 28 0 0 0 0 0 0 0 0 0 0 0 0 0 0 0 0 0 0 0 0 0 0 0 32 0 0 0 0 0 19 0 0 0 0 0 0 0 0 0
0 0 39 0 0 27 0 0 0 0 27 0 13 20 24 0 0 0 0 0 0 0 0 0 0 0 0 0 0 0 0 0 0 3 0 0 0 0 0 0 0 0 0 0 0 39 0 0 16 0 0 0 0 0 0 0 0 0 0 0 0 0 0 0 0 0 0 0 0 0
0 0 0 0 10 0 0 0 0 0 0 10 0 0 0 0 0 0 29 0 0 0 0 0 0 0 0 0 21 0 0 0 0 0 0 0 0 0 0 0 0 19 0 0 0 0 2 0 26 0 0 0 18 0 0 0 0 0 0 0 0 0 0 0 0 0 0 0 0 0
0 0 0 0 0 0 0 0 0 0 0 38 0 0 11 0 0 0 0 44 5 0 15 0 0 0 0 0 0 0 0 0 0 0 0 0 0 0 0 0 0 5 0 0 0 0 0 18 15 0 0 0 0 0 0 0 0 0 0 0 0 41 0 0 0 0 0 0 2 0
1 0 0 0 0 0 19 0 0 0 0 0 0 0 0 0 0 0 0 0 0 0 0 0 0 0 0 0 0 0 0 0 0 0 0 0 0 0 0 16 0 0 0 4 0 0 0 0 0 0 0 0 0 0 37 0 0 0 0 0 0 32 0 0 0 0 0 0 0 0
0 0 0 0 0 0 0 0 0 0 0 0 2 0 0 0 0 0 0 0 5 0 0 0 0 0 0 0 0 0 0 0 40 0 0 0 0 0 0 0 18 0 0 0 0 0 0 0 29 0 0 0 0 0 0 0 0 0 0 0 0 49 0 0 0 0 0 0 0 0
0 0 0 0 0 0 0 0 0 0 46 0 0 0 0 0 27 0 0 0 0 0 0 0 0 0 0 0 0 0 45 0 0 9 0 0 0 0 0 1 0 0 0 14 0 0 0 0 0 0 0 0 5 0 0 0 0 0 0 0 0 0 19 0 0 50 0 0 0 0
0 0 0 45 0 0 0 22 0 0 0 0 44 0 0 0 0 0 21 0 0 0 0 0 0 0 0 0 0 0 0 0 0 0 0 0 0 0 0 0 0 0 0 0 0 0 0 0 0 0 23 0 0 0 0 0 0 0 0 0 0 0 0 0 0 0 0 0 0 0
0 0 0 5 0 0 0 0 29 0 0 0 0 0 0 0 0 0 0 0 0 0 0 0 15 0 0 0 0 38 0 0 0 0 0 0 0 0 0 0 33 0 0 0 0 11 0 0 14 0 0 0 0 17 0 0 0 0 0 25 0 0 0 0 39 0 0 7 0 10
39 0 0 0 0 0 9 0 0 31 29 0 0 0 0 37 0 0 0 5 0 0 0 0 0 0 0 0 0 0 0 0 0 15 0 0 0 0 0 5 0 0 16 9 0 0 0 0 0 0 0 0 25 0 0 0 0 0 0 0 0 0 0 0 0 0 30 0 0 0
0 26 0 0 0 0 0 0 0 0 0 0 0 0 0 0 0 3 38 0 0 0 0 0 0 0 0 0 0 41 0 0 0 0 0 0 0 39 0 0 1 0 0 0 0 0 0 10 0 0 0 0 0 0 0 0 36 11 0 0 8 0 0 0 0 15 0 0 0 0
0 0 30 0 5 0 0 0 40 0 0 0 0 0 0 0 0 0 0 0 0 0 4 0 0 12 0 0 0 11 33 0 0 34 0 0 0 0 0 0 0 0 0 0 0 0 0 0 0 0 0 0 0 0 0 0 0 0 0 0 0 0 0 0 0 0 0 0 0 0
0 0 0 0 0 0 0 13 0 0 0 0 0 0 0 0 0 0 0 26 47 0 0 0 0 0 21 0 0 0 0 0 0 0 29 0 0 9 0 0 0 0 24 0 0 0 0 0 0 0 0 0 0 0 0 0 0 0 0 0 0 0 26 0 0 0 0 0 40 41
0 35 0 0 0 0 0 0 0 0 0 0 0 0 0 8 0 0 0 0 20 0 0 0 0 49 0 21 0 0 35 0 18 0 42 0 0 0 0 0 0 0 18 0 0 30 0 0 6 0 0 0 0 0 0 0 0 0 0 0 0 0 0 30 0 0 0 0 0 0
0 0 25 0 25 9 0 0 0 0 0 0 0 0 27 9 0 0 0 0 0 0 0 0 0 0 0 0 0 0 12 0 0 0 11 0 0 0 0 0 0 0 0 0 0 0 0 0 0 0 0 0 0 0 0 0 0 0 0 43 0 0 9 0 0 0 0 0 0 0
0 0 0 0 47 0 0 0 0 0 0 29 0 0 0 4 0 0 0 0 0 0 0 0 0 0 0 0 0 0 0 42 0 0 2 0 0 0 0 0 1 9 0 32 0 0 0 0 0 0 0 46 0 49 0 0 0 0 36 0 0 0 0 0 0 0 21 0 0 0
0 6 0 23 4 0 0 0 4 0 0 0 24 0 0 0 0 2 0 0 0 0 0 0 0 0 0 0 0 0 0 0 0 0 0 0 0 0 0 0 0 0 0 37 0 0 0 45 0 0 0 0 0 0 0 0 0 0 0 0 0 0 0 0 0 0 0 0 0 0
0 0 0 0 0 0 0 0 0 0 0 0 0 0 24 0 0 0 0 0 0 0 0 0 0 0 0 0 0 0 0 0 0 28 0 0 0 13 0 0 0 0 8 0 0 0 0 0 0 0 0 0 0 0 22 0 0 0 0 3 0 0 0 0 0 0 0 0 0 0
0 0 0 0 0 0 28 28 0 0 0 0 0 0 0 0 0 0 37 41 0 0 49 0 0 0 0 0 0 0 0 0 0 17 0 0 0 0 0 0 0 0 0 0 0 0 0 0 43 0 0 0 0 0 0 0 36 37 0 0 0 0 0 0 0 0 0 0 0 0
0 0 0 0 0 0 0 0 0 0 0 0 0 0 0 0 0 0 0 0 0 0 0 10 0 0 0 0 35 0 0 0 0 0 0 0 0 0 7 0 0 0 0 0 0 34 0 0 0 0 0 38 0 0 0 0 0 0 0 48 0 0 0 0 0 0 0 3 0 0
0 0 0 0 0 12 0 0 0 0 0 0 0 0 0 0 1 0 0 0 0 12 0 0 0 0 0 18 0 0 10 0 0 0 14 0 0 0 13 0 0 8 0 0 0 0 0 0 0 33 0 18 0 0 26 0 0 17 0 0 0 0 0 0 0 0 0 0 0 0
0 0 0 0 0 0 0 0 0 0 0 0 4 0 0 0 0 0 0 0 0 0 0 0 0 0 0 0 0 0 0 0 0 0 0 0 0 0 0 0 0 0 0 0 0 0 0 0 0 0 0 0 0 0 8 0 0 34 0 0 0 0 0 0 0 0 0 0 0 0
0 0 0 0 0 0 0 0 0 14 50 0 0 0 0 0 0 0 0 0 0 0 0 5 0 0 0 0 0 0 3 0 10 0 0 0 0 0 20 25 28 4 0 0 0 0 0 0 0 0 0 0 25 0 0 0 0 0 0 0 0 0 0 0 0 0 0 0 0 0
0 0 0 0 0 0 0 7 0 0 21 0 0 0 0 0 0 16 31 0 0 0 0 0 0 0 0 14 0 0 0 1 0 0 47 25 0 0 0 0 0 0 17 0 0 0 0 0 2 0 0 0 0 0 0 0 0 4 0 0 0 0 0 0 49 0 0 0 0 0
0 0 0 1 0 0 0 0 8 0 0 0 0 0 0 0 0 0 0 0 50 0 0 0 0 0 36 0 0 0 0 0 0 0 0 0 0 0 0 0 0 0 0 0 0 0 0 0 17 0 0 0 0 0 0 0 0 0 0 0 4 0 0 29 0 0 0 0 0 0
0 0 44 0 45 0 0 0 0 12 0 0 0 0 0 0 0 0 0 0 0 0 20 0 0 0 0 0 0 0 0 0 8 0 0 0 39 0 0 0 0 0 0 0 0 0 0 0 0 0 0 0 0 0 0 0 0 0 0 0 0 0 0 45 0 0 0 18 0 13
0 41 0 0 0 0 0 0 0 0 0 0 0 0 0 0 0 0 0 0 0 0 0 0 0 0 0 0 0 0 0 40 0 0 24 0 0 0 0 0 0 0 13 43 0 34 0 43 0 0 0 0 0 0 0 0 0 0 0 0 0 0 0 0 0 44 0 0 0 0
0 0 0 0 42 0 0 0 0 31 0 0 0 0 0 0 0 0 0 0 0 0 41 0 0 0 0 0 0 0 0 0 0 0 0 0 0 0 0 0 0 0 0 0 0 0 0 0 0 0 5 0 0 0 19 0 0 0 0 0 0 0 0 0 24 0 0 0 0 0
12 0 0 0 28 0 0 0 0 47 0 0 0 0 0 0 0 0 0 0 0 0 0 0 0 0 21 0 0 0 0 0 0 0 0 0 0 0 0 0 0 0 0 0 0 0 0 0 0 0 7 0 0 0 0 38 0 0 0 0 0 0 0 0 0 0 0 0 0 0
0 0 22 0 0 0 0 0 0 0 0 0 0 0 6 0 0 0 0 0 0 0 0 0 0 10 0 0 0 0 0 0 0 0 0 0 50 0 0 0 0 0 0 0 0 0 0 0 43 0 0 4 0 0 0 0 0 0 0 0 0 0 0 0 0 0 0 47 0 0
0 0 0 0 0 0 0 0 0 0 0 0 0 0 0 35 0 0 0 0 0 0 0 0 41 0 0 0 0 0 0 0 0 0 0 0 0 0 0 0 0 0 0 0 0 0 0 0 0 0 0 0 0 29 0 0 0 0 0 0 0 0 0 0 0 39 0 0 0 0
0 0 0 0 0 0 0 0 0 0 0 30 0 0 0 0 0 0 0 0 0 2 0 5 15 0 0 0 0 0 0 1 0 0 0 0 0 10 0 0 0 0 0 32 0 0 0 0 0 42 0 0 45 0 0 0 0 0 0 0 0 0 0 0 14 0 0 0 0 0
0 0 0 0 0 0 0 0 37 0 0 0 0 0 4 0 14 0 0 0 0 0 0 46 0 0 0 2 0 0 0 0 4 0 0 0 0 0 0 0 0 24 0 0 0 0 0 0 18 0 50 0 29 0 0 0 0 0 7 17 0 0 0 0 0 0 0 0 0 0
0 0 0 8 0 0 0 0 0 50 26 0 0 0 0 0 30 0 0 0 0 0 0 0 0 0 0 0 0 0 0 0 0 0 50 0 0 0 0 0 0 0 0 0 0 0 35 12 0 0 0 0 0 0 0 37 0 43 0 0 0 0 0 0 38 0 0 0 0 0
0 0 0 0 0 0 0 0 48 0 0 0 47 0 33 0 0 0 0 12 0 0 0 0 0 0 0 6 11 0 0 0 0 0 0 0 50 26 0 0 0 0 0 14 0 0 0 0 0 0 46 0 0 29 0 0 21 0 2 0 0 0 0 0 0 0 0 0 0 0
0 0 0 0 0 0 0 0 0 29 0 0 0 0 0 0 0 0 0 0 0 0 0 0 0 0 0 0 0 0 0 0 0 20 6 0 0 0 0 0 12 0 0 21 0 0 0 0 0 12 0 0 0 0 0 0 0 0 49 0 0 0 0 0 0 0 0 42 0 0
0 0 0 0 0 0 33 0 36 0 0 0 0 0 0 0 0 0 0 0 0 0 0 0 0 0 0 0 0 0 0 0 0 0 0 0 0 0 0 0 0 46 0 33 0 0 39 0 35 0 29 0 0 32 0 0 0 0 34 0 0 0 10 0 0 4 0 0 0 0
0 0 0 0 0 50 0 9 0 0 0 0 0 0 0 0 0 0 0 0 0 23 0 0 0 0 27 0 0 44 0 0 0 0 27 0 0 0 0 0 16 0 0 0 2 0 0 0 0 0 0 33 0 0 0 0 0 0 0 24 0 0 0 0 0 12 0 0 0 0
0 0 0 0 0 0 0 0 0 0 0 0 0 0 0 0 11 26 0 0 0 0 0 0 0 0 0 0 0 0 0 0 0 0 0 0 0 0 0 50 0 0 0 0 0 0 0 0 0 0 0 12 0 0 0 46 0 0 0 13 0 0 0 0 0 0 0 0 0 0
0 0 0 0 0 20 0 0 1 11 0 0 0 0 0 0 0 0 0 0 0 0 0 0 0 50 0 0 0 0 0 0 0 0 0 0 0 0 0 0 0 0 0 0 0 0 0 0 0 0 24 0 0 0 0 0 0 0 29 0 0 0 0 0 0 0 0 0 0 0
0 0 0 0 0 0 0 0 0 0 0 0 0 0 5 0 0 0 0 0 0 0 0 0 0 0 0 0 0 0 0 0 0 0 0 1 0 35 0 0 0 0 0 0 0 0 0 0 0 0 0 0 30 13 0 0 0 18 0 0 0 0 0 0 0 0 44 37 44 0
0 0 0 0 0 0 0 0 0 0 0 0 0 0 0 0 0 39 0 0 0 0 0 0 0 0 0 0 23 0 13 0 0 0 0 0 0 0 0 0 0 0 45 0 0 0 0 0 0 0 0 50 0 0 0 44 21 0 0 0 0 0 0 6 0 0 0 0 0 14
0 0 1 0 0 44 0 0 0 0 27 0 0 36 0 0 26 0 0 0 1 0 0 0 0 0 0 50 0 0 0 0 0 19 0 0 0 37 0 0 0 0 0 0 0 0 31 0 23 0 0 0 0 0 0 0 0 0 0 36 42 0 0 0 0 3 0 0 29 0
0 0 0 0 30 0 0 0 0 0 0 0 0 0 0 0 42 0 0 0 0 0 0 0 0 0 0 0 0 25 0 0 0 0 0 0 0 0 0 0 0 0 0 0 0 4 0 1 0 0 0 0 0 0 0 0 0 0 0 0 0 0 0 0 0 0 0 0 0 0
0 0 0 0 0 0 0 0 4 0 0 0 36 40 0 0 39 0 0 0 0 0 0 0 0 0 39 0 0 0 0 0 0 0 0 0 40 0 0 0 0 0 0 14 0 0 0 0 0 0 0 0 0 0 0 0 0 47 0 0 0 0 0 0 0 0 0 0 0 0
0 0 0 0 0 0 0 0 0 0 0 0 0 0 0 0 24 0 27 0 0 0 0 0 0 0 0 0 0 0 0 0 0 0 0 0 0 0 0 0 42 0 0 0 0 0 0 0 0 0 0 0 0 0 0 0 0 0 0 0 0 0 0 0 0 0 0 0 0 0
0 0 0 0 0 0 0 0 0 0 0 0 0 33 0 0 0 0 0 0 0 0 0 0 36 6 0 0 0 5 0 0 0 0 0 0 0 0 0 0 0 0 0 0 0 0 0 0 0 0 0 0 0 0 0 0 0 0 0 0 0 0 0 28 0 0 0 0 0 9
0 0 0 0 0 0 0 0 0 0 0 0 0 16 0 0 0 0 0 0 0 0 0 0 0 0 0 0 29 0 0 0 0 0 0 0 0 0 0 0 0 0 0 0 2 0 5 0 0 0 0 0 0 0 39 0 0 0 0 0 0 0 0 0 0 0 0 0 0 0
0 0 0 0 0 0 0 0 0 0 0 44 0 0 0 0 35 0 0 16 0 0 0 0 0 5 0 0 14 0 0 0 0 0 12 0 0 0 0 18 13 0 0 0 0 0 1 0 0 0 0 0 0 0 26 0 0 0 0 0 0 0 0 0 0 0 0 0 0 0
0 0 0 0 0 0 0 0 0 0 0 2 0 0 0 0 0 8 0 0 0 0 30 0 19 0 0 0 0 0 0 0 0 0 0 0 12 37 0 0 0 0 0 43 0 0 26 0 0 0 0 34 46 0 0 0 0 0 0 0 0 0 37 0 0 0 0 0 0 0
0 0 0 0 0 0 0 0 0 0 0 0 0 0 0 0 0 0 7 0 0 0 0 0 0 0 0 0 0 0 0 0 0 0 0 0 0 0 0 9 0 0 47 0 37 0 0 0 0 0 0 0 0 0 0 0 0 13 0 0 0 0 0 0 0 0 0 0 43 0
0 0 0 0 0 0 0 0 0 0 0 0 0 0 0 0 40 0 0 0 30 34 0 0 15 0 0 0 0 0 0 0 0 0 0 0 0 0 0 0 0 0 0 0 0 0 37 0 0 0 0 0 25 0 0 0 0 0 0 0 0 0 0 0 0 0 16 50 0 16
4 0 0 0 0 0 0 0 0 0 0 0 0 0 0 0 0 0 0 0 28 0 0 0 0 0 0 23 0 0 0 0 0 0 0 0 0 0 0 0 0 0 0 0 0 0 0 0 0 23 0 0 0 0 0 0 5 0 0 47 18 0 0 0 0 0 0 0 0 0
0 0 0 0 0 0 0 0 0 0 0 0 0 0 0 0 0 0 0 0 0 0 0 0 0 0 0 0 11 0 0 0 0 0 0 0 0 0 0 0 0 0 0 0 0 0 22 0 0 0 0 0 0 0 0 0 0 0 0 0 0 0 0 0 0 0 0 0 0 0
0 0 0 0 0 0 0 0 0 0 0 0 0 0 0 13 0 0 39 0 0 0 0 0 0 0 0 0 0 0 0 0 0 0 0 0 15 0 0 0 0 0 0 0 0 8 0 0 0 0 0 0 3 0 0 0 0 0 0 0 0 0 0 0 0 0 0 0 0 2
0 0 0 0 44 2 0 0 0 0 0 0 0 0 0 0 0 0 42 0 0 0 0 0 0 0 34 0 0 0 0 0 0 0 0 0 0 0 0 0 0 0 0 0 0 0 0 0 0 0 0 0 0 14 0 0 0 0 0 0 0 0 0 0 0 0 0 0 0 0
36 0 0 0 0 0 0 0 0 0 0 0 0 0 0 0 0 0 0 0 0 0 0 0 0 0 0 0 28 0 0 22 0 0 0 0 0 0 0 0 0 0 0 37 0 0 0 0 0 0 0 0 0 0 0 0 0 0 0 0 0 0 0 0 0 0 0 0 0 0
40 0 33 16 0 0 0 0 0 0 0 0 0 0 0 0 0 0 0 50 24 0 0 0 0 0 0 0 0 0 0 0 0 0 0 0 0 0 0 0 0 0 0 0 0 0 0 0 39 0 0 0 0 0 0 0 0 0 0 0 0 0 0 0 0 25 0 0 0 0
0 0 0 0 0 0 0 0 0 0 0 0 0 0 0 0 0 0 0 0 37 0 0 0 0 0 0 0 0 0 0 19 0 0 50 0 0 0 0 0 0 0 0 0 0 0 0 0 0 0 0 0 0 0 0 0 0 0 0 0 0 0 0 0 10 0 0 0 0 46
0 0 0 0 0 0 0 0 0 0 13 0 0 0 0 0 0 0 0 0 0 20 0 16 0 0 0 0 0 6 0 0 0 0 0 0 0 0 0 0 0 0 0 0 0 0 3 43 0 0 0 0 0 0 0 0 0 0 0 0 14 0 0 0 0 0 0 0 0 0
39 24 0 0 35 0 0 40 0 0 0 0 0 0 0 0 0 0 0 3 0 0 24 0 37 0 0 0 0 0 0 0 0 0 0 0 0 0 0 0 20 0 0 0 0 0 0 0 0 0 0 0 0 0 0 0 0 0 0 0 0 0 23 0 0 0 0 28 0 0
0 0 0 0 0 8 0 0 0 0 0 0 0 0 0 0 0 0 0 0 0 0 31 0 0 0 0 45 0 0 11 0 0 0 0 0 0 0 0 0 0 0 0 0 0 0 0 0 0 0 0 0 0 0 0 0 0 0 0 0 0 0 0 0 0 0 3 0 0 0
0 27 0 0 0 0 7 0 0 0 39 42 0 0 0 0 0 0 0 0 0 0 0 27 0 0 0 0 0 0 0 0 36 0 0 0 0 0 0 0 0 6 0 0 0 0 0 0 0 0 0 0 0 0 0 24 0 0 0 0 0 0 0 0 0 0 0 0 0 0
0 0 0 0 16 0 0 0 0 0 0 0 0 50 0 0 3 0 0 0 0 0 0 0 0 0 29 0 0 0 0 0 0 0 0 0 0 0 28 0 0 0 0 0 0 31 0 0 0 0 0 0 0 0 0 0 0 0 0 0 0 0 0 0 0 0 0 0 0 0
0 0 0 0 0 0 0 30 28 0 0 0 0 24 37 0 0 0 0 0 0 0 0 0 0 0 0 24 0 14 0 0 0 0 0 0 0 0 0 0 0 0 0 0 0 0 0 0 0 0 0 48 0 43 0 0 0 0 0 0 0 0 0 17 0 0 0 0 0 0
0 0 0 0 0 0 0 34 0 0 0 0 0 0 0 20 0 0 0 0 0 0 0 0 0 0 0 0 0 0 0 47 0 0 0 0 0 0 0 0 0 0 0 0 0 6 0 0 0 0 0 0 0 32 0 0 0 0 0 0 0 0 0 0 0 0 0 0 0 0
0 0 0 0 0 30 0 0 0 0 0 0 0 0 0 0 24 31 0 0 0 0 0 0 0 0 0 0 0 0 0 0 0 13 0 0 0 0 0 0 0 0 0 0 0 0 0 0 9 0 0 0 0 0 0 30 0 0 0 0 0 0 0 0 0 30 0 0 0 0
0 0 0 0 0 0 0 0 0 0 0 0 0 0 0 16 0 0 27 0 0 0 0 0 0 0 0 0 0 0 0 0 25 18 0 0 26 0 0 0 0 8 49 0 0 0 0 0 0 0 0 0 0 0 0 0 0 28 0 0 0 0 0 0 0 0 0 0 0 50
0 0 36 0 0 19 0 15 0 0 0 0 0 0 0 0 37 0 0 0 0 0 0 0 0 0 0 28 0 0 0 2 0 0 0 0 0 31 0 0 0 0 0 0 12 15 0 0 0 0 0 0 0 0 0 0 0 0 0 0 0 0 0 0 0 0 0 0 0 0
0 0 6 0 5 0 0 0 0 0 0 0 0 0 0 0 0 0 0 0 0 0 0 0 0 0 0 0 0 42 36 0 0 0 0 0 0 0 0 0 0 0 0 0 0 0 0 0 0 0 0 0 0 10 6 0 47 0 0 0 0 0 0 0 0 0 0 0 0 32
39 0 0 0 0 0 0 0 0 0 0 34 0 0 0 0 0 0 0 29 0 0 0 0 0 0 0 15 0 0 0 0 0 0 0 0 0 0 0 0 0 0 0 0 0 0 0 0 49 0 0 0 0 0 0 0 14 0 0 0 0 0 0 0 0 0 0 21 0 0
0 0 0 0 0 0 0 0 23 0 0 0 0 0 0 0 0 45 0 0 24 0 0 0 28 0 15 0 0 0 0 0 0 0 0 0 0 0 0 0 0 0 18 0 0 0 44 0 0 0 0 0 0 0 0 0 0 0 0 0 0 0 0 0 0 0 0 48 0 0
0 0 0 29 14 0 0 0 0 11 0 0 28 0 0 0 0 0 0 0 0 0 0 0 0 0 0 0 0 0 0 0 0 0 1 0 0 0 0 0 0 0 20 0 0 0 0 0 0 0 0 0 0 0 0 48 0 42 0 0 0 0 0 0 0 0 0 0 0 0
0 0 5 0 0 0 0 0 0 0 0 0 0 0 0 6 0 0 0 0 14 0 0 0 0 42 0 0 0 0 0 0 0 0 14 0 0 0 0 0 0 38 0 0 0 0 0 0 0 0 0 0 0 0 0 28 0 2 0 0 0 0 0 0 0 0 0 0 0 0
0 0 0 0 0 0 0 0 0 0 0 0 0 0 0 0 0 11 0 0 0 0 0 0 0 36 0 0 0 0 0 0 0 0 0 41 0 0 0 0 0 0 0 0 30 0 0 0 0 41 0 29 0 0 8 0 12 0 0 0 0 0 0 0 0 0 0 46 0 0
0 0 0 0 0 0 0 0 0 0 0 0 22 0 19 0 0 0 0 0 0 47 0 0 2 0 0 0 0 0 0 0 0 0 0 0 0 0 0 0 0 0 24 39 40 0 23 0 0 0 0 0 0 0 0 0 0 0 0 0 0 0 11 0 0 0 0 0 21 0
0 0 0 0 0 0 0 0 0 0 0 0 0 0 0 0 0 0 36 0 0 0 0 25 0 0 0 0 0 0 0 0 0 0 0 0 0 0 0 0 0 0 0 0 0 0 0 0 0 0 0 0 0 0 0 0 0 0 0 0 41 0 0 0 0 0 0 0 0 0
0 0 0 0 0 0 0 0 0 0 0 0 0 0 0 0 0 0 0 0 0 0 13 18 0 0 0 0 0 0 0 0 0 0 0 0 0 0 0 0 0 0 0 0 0 0 0 16 0 0 0 0 0 0 0 0 0 0 0 0 0 0 0 0 0 0 0 0 0 0
0 0 0 0 12 0 0 0 0 0 0 0 0 0 50 0 0 0 0 0 0 0 0 0 0 0 0 0 1 14 0 0 0 0 0 0 0 0 0 0 0 26 0 0 0 0 0 0 0 0 0 0 0 0 17 0 13 0 43 0 0 0 0 0 0 0 0 0 0 0
0 0 0 0 0 0 0 0 0 0 0 0 0 0 0 0 0 0 0 0 0 0 0 0 0 0 0 0 0 0 41 0 0 0 0 0 0 0 0 0 0 0 0 0 0 0 0 0 0 0 0 0 0 0 0 0 0 0 0 0 0 14 0 0 0 0 0 0 0 0
40 0 0 0 0 12 0 0 0 0 15 0 0 0 0 0 0 0 0 0 0 0 0 26 0 0 0 0 0 0 0 0 0 0 0 0 0 0 0 0 0 0 0 2 0 0 0 0 38 0 0 0 0 0 0 0 0 0 0 0 0 0 50 4 0 0 0 0 0 0
0 0 0 0 0 37 0 0 0 0 0 0 0 0 0 0 0 0 0 0 0 0 0 0 31 0 0 0 0 0 0 0 0 0 0 0 0 0 0 0 0 0 0 0 0 0 35 0 0 9 0 0 0 0 0 0 0 0 0 0 0 0 0 0 0 0 0 0 0 0
0 0 0 0 0 0 0 0 0 0 0 0 0 0 0 0 0 0 0 28 0 0 0 0 0 0 0 0 0 0 0 0 0 0 0 0 0 0 0 0 0 0 0 0 0 0 0 0 0 0 0 0 37 0 0 0 0 0 0 0 0 0 0 0 0 0 0 0 0 0
0 0 0 0 18 0 9 0 0 0 0 0 0 0 0 0 0 0 0 0 0 0 0 0 0 0 0 0 0 0 0 0 0 0 0 0 0 0 0 0 0 0 0 0 0 0 0 0 0 0 0 0 0 0 21 0 0 0 0 0 0 0 0 26 0 0 0 0 0 0
0 42 0 0 13 0 0 0 0 0 0 0 0 0 0 0 20 0 0 0 0 0 0 0 0 0 0 0 0 0 0 0 0 0 0 0 0 0 0 0 0 0 39 0 0 0 0 19 0 0 0 0 0 0 0 0 18 0 0 0 0 20 0 0 0 0 0 0 0 0
0 0 0 0 0 0 0 0 0 0 0 0 0 0 0 0 0 0 6 0 0 0 0 8 0 0 0 0 0 38 0 0 0 0 26 0 0 0 0 0 0 0 0 0 0 48 0 0 0 0 0 0 29 0 0 0 0 0 0 0 7 0 0 0 16 0 0 0 0 0
0 0 0 0 0 0 47 0 0 0 0 0 0 0 0 0 0 0 0 0 0 0 0 49 0 0 0 18 20 0 0 24 0 0 0 0 0 0 0 0 39 0 0 0 6 0 0 0 0 0 0 0 0 0 0 0 9 0 0 0 0 40 0 0 30 0 0 0 0 0
14 0 0 0 0 43 0 0 0 0 0 0 37 0 0 0 0 0 0 0 0 0 0 0 0 0 0 0 0 0 0 39 0 0 0 0 2 0 0 0 0 0 0 0 0 0 0 0 0 0 0 0 0 0 0 50 0 0 0 0 0 0 0 0 0 0 0 4 0 0
0 0 0 2 0 0 37 0 0 0 0 0 0 0 0 0 0 0 0 0 0 0 0 0 12 0 0 0 0 0 30 40 0 0 0 0 0 0 0 0 0 0 6 0 0 0 0 0 0 0 0 0 0 0 0 0 0 0 0 0 0 0 0 0 0 0 0 0 0 0
0 0 0 0 0 0 0 0 0 0 8 0 0 0 0 0 0 0 0 31 0 6 0 0 15 0 0 0 0 0 0 0 0 0 0 0 0 0 0 0 0 48 0 0 0 0 0 0 0 0 0 0 30 0 0 0 0 0 0 0 0 0 0 0 0 0 0 0 0 0
0 0 0 5 1 26 0 37 0 22 0 0 0 0 0 3 0 0 0 0 0 0 0 0 0 0 0 44 0 0 0 23 0 0 0 0 0 35 0 0 0 0 0 0 0 0 0 0 0 0 0 0 0 0 0 0 0 0 0 0 40 0 0 0 0 0 27 0 0 0
0 0 0 0 0 0 0 0 0 0 0 0 0 0 0 43 0 0 0 0 0 0 0 0 0 0 0 0 0 0 0 0 0 16 0 0 0 0 0 0 19 0 0 0 0 0 0 0 0 0 0 0 39 0 0 0 0 0 0 0 0 0 0 0 0 0 0 0 0 0
0 0 0 0 0 0 0 0 0 0 0 0 0 39 0 0 0 0 0 0 0 0 9 0 0 0 49 0 0 0 0 0 0 0 0 0 38 0 0 0 0 0 0 0 0 0 0 0 0 0 0 0 0 0 0 0 0 0 0 0 0 21 0 0 0 0 0 0 0 0
0 0 0 0 0 0 0 0 23 0 0 0 0 0 0 0 0 0 0 0 0 0 0 0 0 0 0 0 0 0 41 0 0 0 0 0 0 9 0 0 0 0 0 0 0 0 0 0 0 0 5 0 0 0 0 0 0 0 0 0 0 0 0 0 0 0 13 0 0 0
0 0 0 0 0 0 0 0 0 0 0 0 0 0 0 0 0 0 0 0 0 0 0 0 0 0 0 0 0 0 0 0 0 0 0 0 0 0 0 0 0 0 0 0 0 0 0 0 0 5 0 0 0 0 0 0 0 0 0 0 0 0 0 0 0 0 0 0 0 0
0 0 0 0 0 34 0 0 0 0 0 0 0 0 0 0 0 0 0 0 48 0 0 0 0 0 0 0 0 0 29 0 0 0 0 0 0 0 0 0 0 0 0 0 0 0 0 0 0 0 0 0 0 4 0 0 0 49 9 48 0 0 0 0 0 0 0 0 15 0
0 0 0 0 0 46 0 25 0 0 3 0 0 0 0 0 0 0 0 0 0 0 0 0 0 0 0 0 0 0 0 0 0 0 0 0 0 0 37 0 0 29 0 0 0 30 0 39 0 0 0 0 0 0 25 0 0 0 0 0 0 0 0 0 0 0 0 0 0 0
0 0 0 0 0 0 0 0 0 0 0 14 0 0 0 0 0 0 0 0 43 32 0 0 0 10 0 0 0 0 0 0 0 0 0 0 0 0 0 0 0 0 0 0 0 0 0 0 0 0 0 4 0 0 6 0 0 0 0 2 0 39 0 0 0 0 0 0 0 0
0 0 0 39 26 0 0 0 0 0 0 0 0 0 0 0 0 0 0 0 0 0 0 0 0 6 0 0 0 0 8 0 0 0 17 0 0 0 0 21 0 0 0 0 0 0 0 0 0 0 0 0 25 6 0 0 0 0 50 0 0 0 0 0 0 0 47 0 0 0
0 0 0 0 0 0 0 0 0 0 0 0 0 0 0 0 0 0 24 0 0 0 30 0 0 0 0 0 48 28 0 0 0 0 0 0 0 0 0 0 0 0 0 50 0 0 0 0 0 0 0 0 0 0 0 0 0 0 0 0 0 0 0 0 0 0 0 0 0 0
0 0 0 0 0 0 0 0 5 0 0 0 0 0 0 0 0 0 0 0 0 0 0 0 0 47 14 0 0 0 12 0 0 0 13 0 0 0 0 0 18 0 9 0 0 0 0 0 0 0 0 0 0 0 0 0 0 0 34 0 15 16 0 0 0 0 0 0 0 0
47 0 0 0 0 0 13 0 0 0 0 0 0 0 0 0 0 0 0 0 0 0 0 28 0 0 0 0 42 2 0 0 0 0 0 0 0 0 0 0 0 0 0 0 0 0 0 0 0 0 0 49 0 0 0 0 0 0 0 0 0 0 0 0 0 0 0 0 0 0
0 0 0 0 0 0 0 0 0 0 0 0 0 0 0 0 0 0 0 0 0 0 0 0 0 0 0 0 0 0 0 0 0 0 43 0 0 0 0 0 0 0 0 0 0 0 0 0 0 0 0 9 0 0 50 0 34 0 0 0 0 0 0 0 0 0 0 0 0 0
0 0 0 0 0 0 0 0 47 0 0 0 0 0 0 0 0 0 0 0 0 0 0 0 0 0 0 0 0 0 0 0 0 0 0 0 0 0 0 0 0 0 0 0 0 0 0 0 0 0 0 48 0 2 0 0 0 0 0 0 9 4 0 0 0 0 0 0 0 0
0 0 0 0 0 0 0 0 18 0 0 0 0 0 0 14 0 0 0 0 0 0 0 0 0 0 0 0 0 0 0 0 41 0 0 0 0 0 0 0 0 7 0 0 0 0 40 0 0 0 0 0 0 0 0 0 15 0 0 9 0 0 0 0 0 0 0 0 0 16
0 0 0 0 0 0 0 0 0 0 0 0 0 0 0 0 0 0 0 0 0 0 0 0 0 0 0 0 0 0 0 0 0 0 0 14 0 0 0 0 20 0 40 0 0 0 0 0 21 0 0 0 0 39 0 0 16 0 0 4 0 0 0 0 0 0 0 0 0 0
0 0 0 0 0 37 0 0 0 0 0 0 0 0 0 0 23 0 0 0 0 0 0 0 0 0 0 0 0 0 0 11 0 0 0 0 50 0 0 0 0 0 0 0 0 0 0 0 0 0 0 0 0 0 0 0 0 0 0 0 0 0 0 0 0 0 0 0 0 10
0 0 28 0 0 0 0 0 0 0 0 0 0 0 0 0 0 0 0 0 17 0 0 0 0 0 0 0 0 0 0 0 0 0 0 0 4 0 0 26 0 0 0 0 0 0 0 0 0 0 0 0 0 0 0 0 0 0 0 0 0 0 0 0 0 0 0 0 0 0
0 0 0 0 0 0 0 0 0 0 0 0 0 0 10 0 0 0 0 0 0 0 0 0 0 0 0 0 0 0 0 0 0 0 0 0 0 0 0 0 0 16 30 0 0 0 0 0 0 0 0 0 0 0 0 0 0 0 0 0 0 0 0 0 0 0 0 19 0 0
0 0 0 0 0 0 0 0 0 0 0 0 0 25 0 0 0 0 0 0 0 0 30 0 0 0 0 0 0 0 0 0 0 0 0 0 0 0 0 0 0 0 0 0 0 0 0 0 0 0 0 0 0 0 0 0 0 0 0 0 0 0 0 0 0 0 0 0 0 0
0 0 0 0 0 0 0 16 0 0 0 0 0 0 0 0 0 3 0 0 0 0 0 0 0 0 0 0 0 0 0 0 0 0 0 0 0 0 0 0 0 0 0 0 0 0 27 0 0 13 0 0 0 0 47 0 0 0 0 0 0 0 0 0 0 0 0 0 0 0
0 0 0 0 0 0 0 50 0 0 0 0 0 0 0 0 28 0 0 0 0 0 0 0 0 0 21 48 0 0 46 0 0 0 0 0 0 0 0 0 0 0 0 4 0 0 0 0 0 0 0 0 0 0 0 0 0 0 0 0 0 0 0 0 19 0 0 0 0 0
0 0 0 0 0 0 43 0 0 0 0 0 0 0 0 0 0 0 0 0 0 0 0 0 0 0 0 0 0 0 0 21 0 0 0 0 0 0 0 0 0 0 0 0 0 0 0 0 0 0 0 15 0 0 0 0 0 0 0 0 0 0 0 0 0 0 0 0 0 29
0 0 9 0 0 0 0 16 0 0 2 0 0 0 46 0 0 0 0 0 0 0 0 50 0 32 0 0 0 0 0 0 0 0 0 0 0 0 0 0 0 0 0 0 0 0 0 0 0 0 0 0 0 0 0 0 0 0 0 0 16 0 10 0 0 0 0 0 29 0
