70 70
904888 524858 645280 32939 62140 253043 335593 326966 627680 224247 618904 563829 436173 947781 782780 639021 900775 121810 640158 980707 626092 722120 882131 450756 632422 664721 208224 74151 70882 644761 48577 558699 373983 687100 248231 771787 50582 826503 522828 285159 70958 454274 851501 961840 141940 570400 60440 314376 523846 737906 934059 184126 794680 904585 695091 666988 198349 100825 204621 106493 768030 445473 678898 46830 119592 433594 811946 1641 825582 452296
13 13 6 47 38 49 30 15 30 14 43 32 2 41 11 13 33 1 25 4 19 50 12 5 31 27 16 3 1 45 39 8 9 34 24 20 0 34 34 33 41 46 22 31 10 15 7 33 39 34 50 13 47 25 21 14 7 30 50 22 10 43 44 40 11 12 48 0 20 0
2 32 38 36 0 1 20 31 24 3 12 14 48 1 3 49 40 2 7 23 34 0 20 25 47 20 7 16 26 34 1 17 8 28 7 35 35 18 37 21 46 48 16 17 5 34 38 28 34 26 29 18 21 23 50 18 46 40 14 47 32 2 25 6 45 33 6 26 19 34
23 19 1 45 35 27 43 14 24 22 33 3 11 28 7 36 42 15 37 47 22 50 11 30 8 39 39 8 28 9 17 40 19 34 49 25 23 2 0 34 15 0 38 29 4 38 38 26 3 22 5 2 1 17 31 12 3 47 19 2 26 24 7 16 11 14 3 12 18 14
19 48 49 21 10 46 19 10 47 27 24 20 13 4 42 43 15 3 9 10 49 6 34 18 10 34 18 17 7 2 15 11 7 43 23 11 39 12 16 36 27 14 48 5 2 7 3 8 27 37 43 5 50 49 48 50 13 0 17 7 14 16 32 17 15 15 39 15 14 25
0 19 16 17 12 41 45 21 27 26 21 26 6 30 15 28 21 26 35 41 39 44 4 46 50 49 38 35 22 13 38 23 12 35 46 3 4 49 6 6 0 40 11 43 0 35 17 38 5 48 20 4 9 32 30 39 37 14 47 31 48 31 3 9 38 45 30 8 6 34
12 10 28 3 33 9 1 36 18 30 47 22 3 36 13 6 12 36 34 42 41 19 26 23 26 26 15 4 23 28 26 35 23 42 38 46 4 43 10 19 4 45 5 26 8 8 47 13 32 43 13 34 2 24 37 13 1 27 4 35 31 6 43 12 34 21 31 6 46 1
1 5 16 45 28 37 15 33 6 16 10 6 43 11 46 49 33 26 31 13 8 29 34 2 29 33 44 4 36 0 29 42 46 18 41 7 9 49 42 13 44 26 37 46 22 1 37 28 6 25 42 39 25 40 18 32 18 21 33 4 11 0 37 16 29 36 9 41 4 23
8 6 38 4 9 15 49 32 42 42 31 47 15 5 38 30 23 46 26 14 34 32 45 47 0 25 45 26 25 22 44 17 0 47 3 13 9 29 44 45 20 27 49 45 9 15 32 15 17 39 13 42 11 42 40 24 45 8 9 15 47 16 45 41 26 50 39 31 22 29
5 23 38 21 11 34 15 30 9 2 40 38 37 19 15 44 27 48 33 15 3 45 24 6 29 26 35 1 19 40 45 28 0 36 37 32 42 2 46 17 28 0 27 25 36 43 15 21 46 7 11 5 21 34 7 32 30 48 16 24 24 50 31 13 6 14 43 25 3 36
24 17 6 41 49 11 17 48 29 5 25 14 28 2 2 11 39 18 19 31 4 3 45 32 27 26 1 34 48 9 26 25 14 47 17 26 18 26 45 11 41 25 46 38 49 5 40 30 14 34 44 34 21 36 8 21 12 26 14 9 4 47 49 20 50 18 7 38 16 45
0 44 5 21 30 33 17 16 45 28 26 13 30 38 35 25 15 37 12 13 43 4 46 13 41 13 47 19 10 28 18 26 49 19 46 41 35 19 19 7 32 44 12 16 21 48 11 43 1 37 34 27 34 26 12 3 44 14 46 37 19 37 31 49 19 19 16 49 29 44
44 7 11 13 0 15 1 19 1 4 40 36 43 31 22 44 44 3 3 28 40 26 40 41 50 28 38 17 50 1 9 45 27 9 9 20 3 27 40 47 17 24 39 21 24 24 0 37 12 3 22 23 2 50 33 37 9 32 4 30 19 10 32 11 1 50 24 0 25 29
31 50 9 27 31 50 13 10 42 38 5 34 28 8 27 27 18 9 37 43 25 49 31 5 12 28 10 44 15 10 10 26 24 0 8 17 13 33 40 31 28 36 36 24 39 5 20 19 9 19 31 40 3 34 49 37 30 16 33 9 46 25 29 7 3 28 38 49 43 3
8 38 47 35 29 16 45 1 24 10 37 7 7 16 28 6 48 50 8 26 18 17 1 29 0 32 5 22 15 33 37 46 43 38 41 46 36 39 19 36 29 9 37 25 15 25 28 11 44 29 7 15 0 16 24 11 15 37 29 32 6 1 45 13 5 39 30 0 5 13
23 43 26 39 12 1 41 41 23 13 27 27 45 21 7 4 25 48 30 20 2 37 42 47 49 47 44 50 0 42 15 29 33 23 11 25 40 6 16 29 46 49 16 26 23 6 5 42 45 20 45 6 49 22 26 46 44 15 6 6 22 18 4 48 17 28 26 31 11 34
35 31 5 43 26 32 37 45 34 34 12 1 17 16 40 17 22 41 41 37 24 47 44 37 19 44 41 41 20 0 12 3 45 26 35 12 20 18 18 27 11 50 40 3 17 22 49 15 48 0 4 33 35 24 41 20 4 29 8 46 13 11 41 0 31 37 2 1 9 35
50 7 22 0 16 47 37 26 46 9 40 36 34 46 29 9 20 50 37 45 33 3 31 46 27 24 39 16 22 48 24 13 0 3 17 1 46 29 7 17 7 39 24 7 45 16 20 20 8 33 32 0 13 3 17 44 23 3 27 17 50 30 13 38 5 24 20 44 25 28
17 37 37 6 14 16 16 41 44 44 43 37 40 20 39 23 29 1 46 44 32 4 7 42 37 20 33 34 22 31 18 36 46 20 44 9 39 2 9 34 35 24 1 37 11 48 37 1 34 19 38 24 14 26 10 6 4 25 49 19 14 42 20 41 37 20 9 27 34 35
18 20 6 37 26 18 34 0 6 29 41 9 23 34 30 8 36 38 47 26 5 11 27 49 29 8 4 25 11 7 27 4 35 35 29 32 43 13 32 22 8 40 13 27 2 31 32 24 17 20 26 13 19 48 25 17 9 25 42 32 40 21 46 37 11 32 16 37 20 7
24 17 37 4 45 26 46 40 1 2 14 25 45 50 8 1 29 40 37 10 32 48 44 35 40 49 5 16 3 3 4 1 25 17 45 17 42 43 26 1 20 25 23 29 30 33 45 6 27 22 17 23 22 48 0 47 27 16 44 50 43 16 43 15 21 27 25 3 25 16
34 7 29 50 16 28 21 34 28 48 14 3 15 23 8 44 31 6 22 5 39 9 13 16 21 46 34 4 2 11 49 14 30 31 44 1 29 7 9 31 21 3 5 29 28 30 33 26 9 38 6 16 0 35 31 20 37 14 3 46 7 39 40 11 32 8 0 31 42 47
38 16 14 47 12 10 36 45 6 23 32 15 35 26 17 1 26 37 18 27 49 24 41 30 19 3 42 32 9 11 9 27 4 16 20 43 10 16 39 23 6 3 47 24 40 31 40 27 40 50 32 36 39 13 0 24 15 4 18 1 34 40 48 50 24 12 6 23 36 2
26 16 24 18 5 2 42 22 20 39 4 39 24 40 49 20 3 36 50 9 37 29 38 1 5 32 46 22 24 18 44 37 25 34 8 27 8 17 50 33 45 7 43 4 29 6 8 11 40 11 23 37 1 45 46 47 13 6 46 7 26 13 25 26 33 1 46 19 21 11
14 36 36 6 49 6 2 40 50 10 25 2 5 39 1 2 34 30 34 39 45 46 35 24 18 8 41 5 7 1 45 46 48 0 9 41 23 20 24 35 31 23 4 36 46 15 45 36 23 40 13 37 2 23 1 11 22 48 49 12 42 13 13 13 29 31 24 5 36 37
37 29 23 4 43 17 32 16 4 50 36 2 12 25 50 43 6 49 37 28 39 45 41 26 13 34 37 49 3 34 24 38 34 31 0 7 4 44 20 27 38 8 47 33 41 16 24 6 7 25 45 20 1 10 16 7 22 38 27 3 35 25 29 24 14 1 45 8 34 27
39 40 17 47 8 13 28 12 35 36 30 14 10 34 34 22 41 30 16 50 47 24 20 39 9 39 36 43 40 26 39 25 43 22 37 38 34 16 50 25 16 17 48 27 0 49 38 40 4 9 47 23 22 1 9 50 36 24 30 49 37 25 38 21 6 44 38 48 38 11
37 13 50 34 14 14 27 25 14 24 25 48 8 3 39 38 20 26 20 34 42 0 17 45 9 38 10 20 45 40 10 36 28 1 30 46 34 6 16 27 0 43 11 45 3 19 18 39 28 40 15 14 4 37 46 8 50 40 19 17 7 37 9 11 28 21 34 42 23 28
27 46 48 8 3 48 2 42 1 45 7 16 14 11 21 0 19 18 47 5 39 5 50 23 34 19 46 21 15 28 27 49 27 5 46 30 43 25 39 11 26 2 49 1 39 23 5 33 29 13 50 10 26 20 42 32 46 38 8 18 28 10 35 40 48 29 14 5 12 3
35 4 16 12 17 28 42 44 17 27 47 29 19 29 13 4 48 18 10 29 19 48 28 31 14 9 49 31 18 37 41 34 8 33 16 1 35 41 18 5 43 31 10 32 15 13 47 42 7 12 31 36 32 26 49 38 42 48 14 13 17 42 41 34 41 13 6 9 49 6
38 30 49 3 38 2 24 31 32 49 16 12 22 35 42 11 14 0 20 21 2 33 16 50 43 19 40 3 10 9 24 20 24 36 45 38 44 30 2 3 9 24 19 42 34 17 33 31 30 21 48 9 23 1 38 48 1 12 47 25 9 22 23 4 21 34 50 31 8 26
14 38 31 10 36 32 42 2 47 7 3 42 18 40 7 43 50 0 37 8 10 17 30 15 47 7 7 7 45 35 19 16 49 15 3 21 12 3 0 42 15 16 6 14 12 3 50 5 26 5 28 42 16 26 46 13 17 7 37 29 26 2 3 34 7 2 0 20 3 17
32 31 31 4 48 42 6 29 4 32 42 38 50 20 39 17 39 0 27 28 22 32 41 21 14 30 42 40 44 38 2 47 30 37 31 35 11 19 22 45 25 34 47 4 45 31 2 21 20 22 46 6 5 8 9 36 19 25 50 13 31 33 45 9 17 46 4 16 3 30
25 32 0 49 22 34 50 6 35 44 44 26 2 18 20 17 25 31 47 5 23 22 25 50 1 10 13 44 42 13 4 26 43 48 13 33 6 46 37 46 36 49 35 48 24 33 46 26 0 26 43 22 16 16 41 41 11 35 2 35 7 34 41 43 38 48 10 42 28 21
41 43 40 18 12 43 14 30 44 24 19 42 31 14 48 19 9 40 43 41 12 40 25 6 9 32 49 46 44 24 17 10 47 19 50 13 40 11 22 9 40 34 41 25 28 23 28 18 40 40 26 28 21 16 6 27 23 20 6 44 40 37 44 50 29 42 8 15 47 13
40 27 2 12 36 45 16 4 37 2 27 36 22 47 27 23 6 21 15 50 46 1 45 49 20 45 20 41 27 42 29 4 27 44 35 8 31 13 18 4 29 41 2 42 37 41 30 31 43 13 26 7 38 17 20 41 28 28 25 44 40 15 2 21 25 17 18 48 34 28
41 11 23 6 25 33 46 49 35 42 26 19 21 25 32 0 6 27 36 14 9 0 16 6 39 48 48 17 36 22 11 33 35 16 50 21 18 41 2 14 6 48 27 50 10 10 10 39 7 20 31 9 39 31 37 13 35 38 21 4 14 26 29 31 20 2 23 9 5 26
28 43 31 6 14 23 8 0 34 11 9 29 1 49 31 21 38 50 10 3 25 6 4 47 44 32 7 22 34 39 32 31 19 30 19 13 10 50 38 23 31 17 8 22 15 14 23 46 46 11 20 39 39 14 0 6 25 40 0 43 28 7 31 25 39 30 28 38 50 13
5 9 44 30 14 33 3 23 45 31 40 20 25 49 44 13 25 15 19 29 41 37 34 48 41 40 14 17 48 11 7 13 20 26 0 34 18 36 29 13 19 22 29 30 4 14 36 21 3 2 1 41 48 1 10 21 10 1 16 22 14 1 50 11 22 38 9 16 33 43
12 35 50 50 41 41 10 33 9 13 34 8 24 30 33 21 32 19 21 50 21 28 30 6 37 5 44 41 14 42 49 12 5 20 34 11 10 30 44 15 20 31 0 26 41 3 0 28 1 17 32 18 0 17 45 50 24 24 5 35 22 12 33 33 36 8 32 27 47 15
20 46 15 9 32 26 37 35 24 12 28 5 16 8 18 11 11 7 0 31 8 9 1 46 23 49 46 5 27 12 22 17 31 13 16 23 30 19 42 28 7 9 14 17 47 5 42 0 19 12 10 6 44 11 19 28 21 28 11 45 31 12 1 32 29 32 42 14 11 41
49 37 49 25 28 10 14 47 38 21 32 26 49 42 3 18 5 27 42 30 32 39 43 42 24 15 41 17 17 36 48 0 6 27 13 11 10 42 26 17 34 49 20 29 29 5 18 47 48 11 23 3 9 23 35 14 38 38 2 31 46 45 50 1 13 6 45 33 48 15
15 13 20 14 34 1 28 30 6 30 20 23 37 22 13 48 44 27 4 3 23 9 47 22 42 5 14 43 34 21 21 26 24 48 22 7 35 26 47 39 9 13 18 31 31 18 38 31 34 42 37 44 41 42 20 31 31 14 8 12 6 12 20 36 29 23 23 6 48 37
27 18 47 4 47 49 36 5 28 17 41 10 18 31 25 48 17 11 27 47 12 12 24 35 23 5 6 0 39 43 7 0 35 29 8 29 42 23 14 5 37 40 38 0 7 50 8 10 23 38 43 7 47 0 7 31 31 49 46 40 36 19 22 34 23 0 30 31 27 36
10 22 24 17 14 48 18 3 14 12 12 5 48 30 48 12 3 45 4 33 9 48 38 17 5 29 50 20 25 4 41 3 4 40 3 33 16 46 29 49 20 49 15 24 17 26 32 22 17 14 33 43 30 41 32 15 11 17 2 49 37 5 3 23 49 34 14 9 4 22
13 8 22 7 45 18 19 48 0 15 24 8 15 21 27 49 45 20 18 42 14 13 19 10 21 31 27 0 49 32 30 5 29 27 16 21 17 10 40 19 43 12 27 7 16 44 48 38 5 19 27 14 34 17 43 2 28 38 30 40 4 12 36 33 6 13 42 3 43 8
21 39 18 10 40 41 6 22 19 11 4 19 46 37 34 42 42 11 49 23 35 14 18 49 45 22 14 43 35 14 41 44 29 3 12 38 12 17 5 21 30 12 4 19 36 2 34 43 10 12 16 3 7 20 9 22 40 30 47 0 26 41 10 4 30 10 49 12 36 47
38 38 40 13 29 8 9 36 3 20 6 7 41 23 49 39 9 43 1 7 10 29 8 44 28 13 43 3 49 32 14 2 9 39 50 7 38 25 47 23 47 21 14 7 13 32 44 42 34 48 48 14 44 11 1 3 24 35 24 42 21 13 13 13 8 7 3 9 6 18
5 11 33 1 35 27 12 10 26 7 47 16 48 44 42 48 3 27 27 33 24 46 6 11 32 10 36 7 41 12 34 44 18 40 33 38 37 5 20 11 3 8 28 20 13 47 20 31 22 31 31 29 43 10 40 8 20 30 21 22 37 25 42 38 40 17 15 3 33 37
24 22 13 21 48 46 20 17 45 35 28 41 8 23 45 17 48 42 15 23 20 9 17 38 31 27 44 11 43 42 15 34 34 49 16 46 24 50 8 10 29 34 38 7 3 17 28 25 25 19 15 19 10 24 41 49 6 40 21 4 5 32 2 39 1 35 9 31 1 6
25 7 14 14 43 19 45 25 24 7 32 27 37 12 34 33 49 44 23 29 10 4 37 23 7 48 1 7 35 36 23 19 22 30 2 16 12 29 17 10 15 17 40 29 18 13 1 30 1 12 33 40 24 18 4 38 22 48 11 38 21 10 6 30 2 32 7 11 34 11
17 46 7 0 44 20 19 40 22 15 0 12 30 31 6 30 37 43 21 16 28 50 18 45 22 45 26 9 16 48 25 19 40 2 16 11 38 31 7 8 49 39 17 46 37 22 21 29 22 43 12 23 44 38 23 40 22 3 32 30 30 16 41 27 34 19 5 40 25 21
23 18 12 25 12 37 26 48 26 34 37 34 29 41 43 43 17 47 24 45 50 23 24 44 14 11 38 24 4 27 24 2 33 3 15 5 11 3 5 8 20 3 0 40 9 15 7 10 40 50 39 17 20 7 37 9 16 44 24 18 15 38 16 9 50 21 19 19 12 36
23 24 12 44 8 28 12 14 19 18 8 31 25 24 50 6 38 26 47 45 9 14 15 5 41 40 24 6 6 18 43 35 36 48 43 15 9 2 31 23 46 29 34 6 48 0 48 48 4 7 6 34 29 4 49 24 32 40 30 4 4 10 40 12 5 12 30 23 47 34
17 18 23 10 48 0 21 49 8 42 10 45 39 10 23 33 18 19 50 29 48 24 29 32 9 25 34 32 43 37 24 50 33 22 11 14 6 35 14 45 44 32 50 22 22 13 43 30 43 27 25 24 3 20 9 48 22 27 16 32 9 18 7 40 42 34 39 45 10 50
43 46 26 26 25 5 7 26 42 50 34 17 12 1 44 4 29 10 12 35 7 37 18 4 6 36 46 30 15 17 15 0 44 31 31 23 30 38 27 21 30 38 16 45 39 33 9 27 43 2 12 11 6 17 47 49 39 12 12 29 50 12 18 20 8 12 46 36 48 48
36 37 39 7 13 5 29 35 32 0 40 7 34 8 44 10 28 10 19 20 49 3 15 10 25 26 13 29 22 32 3 32 41 0 25 45 34 4 28 19 35 35 11 32 15 28 6 13 19 41 18 29 48 5 30 46 5 45 40 35 21 17 40 49 22 27 32 48 21 44
19 6 19 29 2 4 25 25 19 7 38 35 6 22 43 20 46 31 22 34 50 7 12 38 41 11 31 46 5 41 2 7 23 31 6 42 27 43 33 13 50 41 9 26 31 30 13 31 49 23 19 16 16 50 18 23 40 24 50 12 37 5 21 35 7 20 11 25 45 20
11 30 34 42 14 46 0 2 41 0 26 42 18 11 28 5 5 41 32 7 16 32 1 11 24 17 35 21 19 3 44 12 37 20 39 40 3 18 40 41 15 7 1 17 15 39 36 36 25 8 22 28 7 50 31 49 38 36 31 35 45 39 10 28 6 26 23 39 32 3
37 3 50 16 2 20 41 17 32 12 30 43 22 31 24 39 39 0 35 23 22 21 27 13 40 18 33 1 44 25 32 20 23 28 41 15 46 2 46 11 48 29 11 12 7 11 38 32 34 17 2 31 45 35 22 19 48 22 12 16 32 35 20 36 4 16 32 35 18 33
28 34 14 41 44 49 11 30 4 13 35 2 25 6 34 20 13 29 48 39 16 32 24 13 22 27 36 1 11 19 14 29 19 27 35 9 41 32 40 22 7 48 39 13 32 32 32 47 16 32 17 28 40 18 7 5 18 48 34 22 50 30 35 9 7 24 32 7 18 14
1 32 9 6 37 19 18 3 12 44 44 6 19 32 10 16 49 23 10 14 41 19 26 13 40 2 36 21 49 21 48 3 34 50 1 27 30 17 14 34 45 28 35 23 29 27 2 22 32 21 34 8 34 26 25 3 32 46 10 47 45 41 43 35 18 50 49 15 12 43
9 48 9 29 27 36 33 15 45 35 14 31 26 40 13 31 31 12 46 8 38 31 46 9 25 48 13 16 47 5 3 0 38 46 28 25 46 36 38 8 12 44 28 46 2 21 19 4 17 43 46 14 20 1 14 21 43 1 31 14 10 25 19 45 42 9 12 49 46 13
22 36 43 29 30 21 50 18 36 42 44 39 27 41 4 44 13 5 5 33 16 19 8 5 13 43 37 6 31 49 0 24 47 18 33 0 12 16 23 37 20 37 35 40 26 27 43 37 24 43 5 8 22 48 0 45 3 41 48 8 28 25 19 31 12 5 25 42 12 12
14 26 14 7 21 12 34 31 26 50 9 30 48 42 38 10 31 36 19 42 32 29 44 29 21 18 48 19 42 35 19 17 33 42 44 7 49 26 42 50 29 17 49 12 41 22 8 39 23 49 50 9 50 31 24 15 33 12 5 25 3 38 36 15 6 29 10 38 9 43
3 22 17 44 48 40 21 35 23 21 42 33 4 36 5 33 5 18 33 36 42 39 29 29 45 37 4 50 6 27 39 49 24 27 20 41 49 3 14 15 44 25 46 19 12 28 28 20 29 32 29 24 15 9 22 12 6 26 2 3 48 50 34 16 23 0 25 30 26 35
6 8 41 24 41 39 5 12 49 16 28 39 23 1 40 17 24 10 12 44 41 15 43 19 39 21 11 3 18 3 25 31 7 18 28 40 20 5 8 41 43 10 45 1 0 26 18 17 12 31 46 39 24 26 46 45 1 12 35 18 38 46 10 9 13 25 6 25 26 26
42 28 28 14 49 13 0 14 2 22 30 33 27 6 47 27 14 40 16 48 19 8 5 34 3 5 0 37 43 19 7 18 17 43 7 0 3 14 46 5 22 6 34 47 30 13 2 8 35 12 20 19 47 0 40 47 22 5 11 13 0 44 37 10 32 14 10 47 46 41
29 1 23 11 9 0 44 12 23 16 12 35 4 32 18 32 23 41 39 11 7 50 31 26 19 45 21 5 29 13 31 24 4 38 16 28 18 43 20 10 29 44 27 3 42 45 14 18 4 42 21 35 35 41 13 46 3 15 46 32 10 24 30 1 8 43 3 43 43 15
10 0 19 29 3 40 11 25 45 45 30 48 7 29 2 10 11 3 42 9 7 27 12 8 19 6 39 10 9 36 47 41 42 38 46 21 40 14 13 13 50 42 11 46 11 13 49 2 23 10 13 9 41 19 5 44 31 34 12 34 49 6 32 46 39 30 18 6 30 33
8 34 9 13 36 30 32 46 39 0 29 32 33 43 4 12 48 32 1 4 44 6 14 38 13 20 24 7 25 32 39 29 44 23 30 47 1 9 25 37 22 34 4 45 34 50 49 22 39 30 23 34 20 22 41 38 42 6 37 49 16 13 14 37 28 8 26 39 41 14
0 0 1 1 0 1 0 0 1 0 1 1 0 0 0 1 1 1 0 1 0 0 0 0 0 1 0 0 1 1 0 1 0 1 1 0 1 1 1 1 1 1 1 1 0 0 1 0 0 1 0 0 0 1 0 1 0 1 0 1 0 1 0 1 0 1 1 0 1 1
0 0 1 1 0 1 1 1 1 0 1 0 0 1 0 1 1 1 0 1 0 0 0 0 1 0 0 1 0 1 1 0 0 1 0 0 1 0 1 1 0 1 1 0 1 1 1 1 0 1 1 1 1 1 1 0 1 0 0 0 1 0 0 0 1 1 0 1 0 1
1 1 0 0 1 1 1 0 1 1 1 1 1 1 1 1 1 0 0 1 1 0 1 0 0 1 0 1 0 1 1 1 1 0 0 0 0 1 0 0 0 0 1 1 1 0 1 0 1 0 0 0 0 0 1 0 0 1 0 0 1 0 0 1 1 1 0 1 1 0
1 1 0 0 1 1 0 1 1 1 1 1 1 0 0 1 0 0 0 1 1 1 0 0 1 0 1 1 0 0 1 1 0 0 0 1 1 0 1 1 1 0 1 0 0 0 0 1 0 0 0 1 1 1 1 0 1 0 0 0 1 1 0 1 1 0 1 0 1 0
0 0 1 1 0 1 1 0 1 1 0 1 1 1 0 1 0 1 0 0 1 0 0 1 0 0 0 0 0 0 1 1 0 1 1 1 0 0 1 1 0 1 0 0 0 1 0 0 0 1 0 1 0 1 0 0 0 1 0 1 1 0 1 0 0 0 1 1 1 1
1 1 1 1 1 0 0 1 1 0 0 1 0 1 1 0 0 0 1 1 0 0 0 0 0 0 1 1 1 0 0 0 1 1 1 1 0 1 0 0 1 0 1 1 1 0 1 1 1 0 0 1 0 1 1 1 0 1 0 0 0 0 0 0 0 0 1 1 1 1
0 1 1 0 1 0 0 0 1 1 1 0 0 1 1 1 1 0 1 1 0 1 1 1 1 0 1 1 0 0 1 0 1 0 0 0 1 0 0 0 1 1 1 1 1 1 0 0 0 0 1 0 0 1 0 1 0 0 0 1 1 1 0 0 0 0 1 1 0 0
0 1 0 1 0 1 0 0 1 1 0 0 1 1 0 1 1 1 0 0 1 1 0 1 1 0 0 0 0 0 0 1 0 1 1 1 0 0 0 0 1 1 0 1 1 0 1 1 0 1 1 1 0 1 1 0 0 0 0 1 0 0 0 1 1 1 0 0 1 0
1 1 1 1 1 1 1 1 0 0 0 1 0 0 1 0 0 0 1 1 0 1 0 1 1 1 0 1 1 1 1 0 0 0 0 0 1 0 0 1 0 0 0 1 1 0 1 1 1 0 1 1 0 0 1 1 1 1 0 1 0 0 1 0 1 0 1 0 1 0
0 0 1 1 1 0 1 1 0 0 1 1 0 0 1 1 0 0 0 1 1 1 1 0 1 0 1 1 1 1 0 0 0 0 0 0 0 1 0 0 0 0 1 1 0 0 1 0 1 0 1 0 1 1 0 1 1 0 0 1 1 1 0 0 1 0 1 1 1 1
1 1 1 1 0 0 1 0 0 1 0 0 1 1 1 1 0 1 0 0 1 1 1 0 0 1 0 0 1 0 0 1 0 0 1 1 0 0 0 0 0 0 0 0 0 1 0 0 0 0 1 1 0 1 1 0 0 1 0 0 0 0 0 1 1 0 0 1 1 0
1 0 1 1 1 1 0 0 1 1 0 0 1 1 1 1 1 0 1 1 1 0 1 1 1 0 0 0 1 0 1 1 0 1 0 0 0 0 0 1 1 0 0 0 0 0 1 0 1 0 1 1 1 0 1 0 0 1 1 1 0 1 1 0 0 0 1 1 1 0
0 0 1 1 1 0 0 1 0 0 1 1 0 0 0 1 1 1 1 0 1 0 1 0 1 0 1 0 0 1 0 0 0 1 0 0 0 0 0 1 1 1 1 0 1 1 0 1 0 0 1 1 0 0 0 0 1 1 0 0 0 0 1 0 1 1 1 1 0 0
0 1 1 0 1 1 1 1 0 0 1 1 0 0 1 0 1 1 1 0 0 0 1 0 1 0 1 0 1 1 1 1 0 1 1 1 0 1 1 1 0 1 1 1 1 1 0 0 1 1 1 1 0 1 0 0 0 0 0 1 0 1 0 0 0 1 1 0 0 1
0 0 1 0 0 1 1 0 1 1 1 1 0 1 0 0 1 0 0 1 0 0 1 0 0 0 0 0 0 1 1 0 1 1 0 1 1 1 0 0 0 1 1 1 1 0 1 0 0 0 0 1 1 0 1 1 1 1 1 0 1 0 1 0 1 0 0 1 0 1
1 1 1 1 1 0 1 1 0 1 1 1 1 0 0 0 1 0 0 1 0 1 0 1 0 1 0 0 1 1 0 0 1 1 1 0 0 0 0 1 1 1 1 1 0 0 1 0 0 0 1 1 0 0 0 1 1 1 0 1 1 1 0 1 1 0 1 0 1 0
1 1 1 0 0 0 1 1 0 0 0 1 1 1 1 1 0 1 1 1 0 1 1 0 0 0 0 0 1 0 1 1 0 1 0 0 1 0 1 0 0 0 0 0 0 0 1 0 1 0 0 0 0 0 1 0 0 0 0 1 0 1 1 0 0 1 0 0 1 0
1 1 0 0 1 0 0 1 0 0 1 0 1 1 0 0 1 0 1 0 1 1 1 0 0 0 1 0 0 0 0 0 1 0 0 1 0 1 0 1 1 1 0 0 0 1 0 0 0 0 1 0 0 0 0 0 1 1 1 1 0 0 1 0 0 0 0 1 0 0
0 0 0 0 0 1 1 0 1 0 0 1 1 1 0 0 1 1 0 0 0 0 0 1 1 1 0 1 0 0 0 1 1 1 1 0 0 1 0 0 0 1 0 0 0 0 1 1 1 1 1 0 1 1 0 1 1 0 1 1 0 1 0 0 0 0 0 0 0 0
1 1 1 1 0 1 1 0 1 1 0 1 0 0 1 1 1 0 0 0 0 0 1 0 0 1 0 1 1 1 1 0 1 0 0 1 0 1 1 1 1 0 0 0 1 0 1 0 0 0 0 0 1 1 1 0 0 0 0 1 0 1 1 0 1 0 1 1 0 0
0 0 1 1 1 0 0 1 0 1 1 1 1 0 0 0 0 1 0 0 0 0 0 0 1 1 1 1 1 1 0 1 1 0 0 1 1 1 0 0 1 0 0 0 0 0 1 1 1 0 0 1 1 0 1 0 1 1 1 1 1 1 1 0 1 1 0 1 1 1
0 0 0 1 0 0 1 1 1 1 1 0 0 0 0 1 1 1 0 0 0 0 0 0 1 0 0 0 0 0 1 0 1 1 0 0 1 0 0 0 0 0 1 1 1 1 1 1 0 1 1 0 0 0 1 1 1 0 1 1 1 0 1 1 0 0 1 0 1 0
0 0 1 0 0 0 1 0 0 1 1 1 1 1 1 0 1 1 0 1 0 0 0 1 1 1 0 1 1 0 0 1 1 0 1 0 0 1 0 0 0 1 1 0 0 0 0 1 1 0 1 1 0 0 0 0 0 0 1 0 1 0 0 1 1 1 1 1 1 1
0 0 0 0 1 0 1 1 1 0 0 1 0 0 0 1 0 0 1 0 0 0 1 0 0 1 0 1 0 0 0 0 1 1 1 0 0 1 0 1 0 1 1 1 1 0 1 1 0 0 0 1 0 0 0 1 1 1 1 0 1 0 1 0 0 0 0 0 0 0
0 1 0 1 0 0 1 1 1 1 0 1 1 1 0 0 0 0 1 0 1 1 1 0 0 0 1 1 1 1 1 0 0 1 1 0 1 0 1 0 1 1 0 1 1 1 1 1 1 0 0 0 0 1 1 1 1 0 0 1 1 1 0 0 1 0 0 0 0 0
1 0 1 0 0 0 0 0 1 0 1 0 0 0 0 1 0 0 1 1 1 0 1 1 0 0 1 0 1 1 0 0 1 0 1 0 0 1 0 1 1 0 1 0 1 1 1 0 1 0 0 0 1 0 1 1 1 0 0 1 1 0 0 1 1 1 1 0 1 0
0 0 0 1 0 1 1 0 0 1 0 0 1 1 0 0 0 1 0 0 1 0 0 0 1 1 0 1 0 0 1 1 0 0 0 1 0 0 0 1 1 1 1 0 0 1 0 1 0 0 0 1 1 0 1 0 0 0 0 1 0 1 0 0 1 0 1 0 1 1
0 1 1 1 0 1 1 0 1 1 0 0 0 0 0 0 0 0 1 1 1 0 1 1 1 0 1 0 0 0 0 1 1 1 1 0 1 1 0 0 1 0 1 1 1 0 1 0 0 0 1 1 1 0 0 0 1 0 0 0 0 0 1 0 1 0 0 1 1 0
1 0 0 0 0 1 0 0 1 1 1 1 0 1 0 1 1 0 0 1 1 0 1 0 1 1 0 0 0 0 0 0 0 1 1 1 0 0 1 0 0 0 1 0 0 1 0 1 0 0 0 0 0 0 0 1 1 1 0 0 1 0 0 0 0 0 0 1 1 1
1 1 1 0 0 0 0 0 1 1 0 0 1 1 1 1 0 0 0 1 1 0 0 0 1 1 0 0 0 0 1 0 1 1 1 1 1 1 0 0 0 0 0 0 0 0 0 0 1 0 0 0 0 0 1 0 1 1 0 0 0 1 1 0 0 0 0 1 0 1
0 1 1 1 1 0 1 0 1 0 0 1 0 1 1 0 1 0 0 1 0 1 0 0 1 0 1 0 0 1 0 1 0 1 1 1 1 1 0 0 0 0 0 0 1 1 1 1 0 0 1 1 1 1 1 0 1 1 0 0 0 1 0 1 0 0 0 1 1 0
1 0 1 1 1 0 0 1 0 0 1 1 0 1 0 0 1 0 1 0 1 0 1 0 0 0 1 1 0 0 1 0 0 1 1 1 0 1 0 1 0 1 1 1 1 0 0 0 1 0 0 1 0 1 0 0 0 0 0 1 1 1 1 1 1 0 1 1 1 0
0 0 1 0 0 1 1 0 0 0 0 0 0 0 1 1 0 1 1 1 1 1 1 1 0 1 0 1 0 1 0 0 0 1 1 0 1 0 1 0 0 1 0 0 1 0 1 0 1 0 0 1 1 1 0 0 1 0 0 1 0 0 1 1 1 1 0 1 0 0
1 1 0 0 1 1 0 1 0 0 0 1 1 1 1 1 1 0 1 0 0 1 0 1 1 0 0 1 1 1 1 1 1 0 0 1 1 1 0 0 0 1 0 1 0 1 1 0 0 0 1 0 1 1 1 1 1 1 0 1 1 0 0 0 1 0 0 1 1 0
1 0 0 0 1 1 0 1 0 0 1 0 0 1 0 1 0 0 1 0 0 0 1 1 1 1 0 1 1 1 1 1 1 0 0 0 0 0 1 1 0 1 0 1 1 0 1 0 0 0 0 1 0 0 0 1 1 1 1 1 0 0 0 1 0 1 0 1 1 0
0 0 0 1 1 1 0 1 0 0 1 0 0 1 1 0 0 1 0 1 1 0 0 0 0 0 1 0 1 1 1 1 0 1 0 0 0 0 1 0 1 1 0 0 0 0 0 1 1 0 1 1 0 1 0 0 1 1 0 1 0 1 0 1 0 1 1 0 0 0
1 1 0 1 0 0 1 0 1 0 0 0 0 0 1 0 1 0 0 0 1 1 0 0 1 0 0 1 0 1 1 0 1 1 0 0 0 0 1 1 0 1 1 1 1 0 0 1 0 1 1 1 0 1 0 1 1 1 1 0 1 1 1 1 0 1 1 0 1 0
1 0 1 0 0 1 0 0 0 1 0 0 0 1 1 0 0 1 1 1 1 0 1 1 0 1 0 1 0 1 1 1 0 1 0 0 0 0 1 0 0 0 1 1 1 0 1 0 0 0 0 1 0 0 1 0 1 0 1 1 0 0 0 1 1 1 1 0 1 1
1 1 0 1 1 0 0 0 0 0 0 0 0 1 0 0 1 0 0 1 0 0 0 0 1 0 0 0 1 0 0 0 1 0 1 1 1 1 0 0 0 1 0 0 0 0 1 1 1 1 0 1 1 1 0 0 1 0 0 0 0 0 0 1 1 0 0 1 1 0
1 1 0 1 1 0 0 0 1 0 0 1 1 1 0 1 0 1 0 1 0 0 0 1 0 1 1 0 0 0 0 1 0 0 1 0 1 0 0 0 1 0 0 0 0 0 0 1 0 1 1 0 0 0 0 1 1 0 0 1 0 0 1 0 1 1 1 1 0 1
1 0 0 1 0 1 1 1 0 0 0 1 1 0 0 1 0 1 0 1 1 0 0 0 1 1 1 1 0 0 0 0 0 0 0 1 0 0 0 1 0 1 0 1 1 1 0 0 0 1 0 1 0 0 1 1 0 0 0 0 1 0 0 0 0 0 1 1 1 0
1 1 0 0 1 0 1 1 0 0 0 0 1 1 1 1 0 1 1 0 0 0 1 1 1 0 1 0 0 0 0 1 1 1 1 1 1 0 1 0 1 0 1 0 1 0 1 0 1 0 0 1 0 0 1 0 1 0 0 0 1 1 0 0 1 1 0 1 0 1
1 1 1 1 0 1 1 0 0 1 0 0 1 1 1 1 0 0 0 0 0 1 1 1 0 1 1 1 1 0 0 1 0 0 0 0 1 1 0 0 0 1 0 1 0 1 0 1 0 1 1 0 0 0 0 1 0 1 0 1 1 0 1 1 1 0 1 0 0 0
1 0 1 0 0 1 1 1 1 1 0 0 0 1 1 1 0 0 0 0 0 1 0 1 1 0 0 1 0 0 0 1 0 1 1 0 1 1 0 0 1 0 1 0 0 0 0 0 1 0 1 0 0 1 0 0 0 0 0 0 0 1 0 1 0 1 1 1 0 0
0 1 1 0 0 1 1 1 1 0 0 0 1 1 1 0 0 0 0 1 0 1 0 1 1 1 0 1 0 0 1 1 1 0 1 0 1 1 0 0 1 1 0 0 0 1 1 1 0 0 1 1 1 1 0 1 1 1 1 1 0 0 1 1 0 1 0 0 1 1
0 1 0 0 1 0 1 0 0 0 1 0 1 1 0 0 0 1 0 0 0 1 0 0 1 1 1 0 1 0 1 0 0 1 0 0 0 0 0 0 1 0 1 0 1 0 0 0 1 1 0 1 0 1 1 0 0 1 0 1 1 1 1 1 1 1 0 1 0 1
1 1 1 0 0 1 0 1 1 1 0 1 0 0 1 1 1 0 1 1 1 1 0 1 1 1 0 1 0 0 1 0 1 1 1 0 0 1 1 0 0 1 0 0 1 0 0 1 0 1 1 0 1 1 0 0 0 0 1 0 1 0 1 0 1 0 0 0 1 0
0 1 0 1 0 1 0 1 1 0 0 0 1 0 0 0 0 0 1 0 1 1 1 1 1 0 1 0 1 0 1 0 0 0 0 1 1 0 1 1 0 0 1 0 1 0 1 0 0 0 0 1 1 1 0 0 1 0 0 1 1 1 0 0 1 0 0 1 1 1
0 0 1 0 0 1 0 0 1 1 0 1 0 1 0 0 1 0 1 0 1 0 1 0 1 1 0 0 0 1 0 1 1 0 0 1 0 0 1 0 0 1 0 1 0 1 0 0 0 0 1 0 1 0 0 0 1 1 0 1 1 1 0 0 1 1 0 1 0 1
1 1 0 0 1 0 0 1 0 0 0 0 0 1 0 0 0 0 1 0 0 1 0 0 0 0 0 0 0 0 0 0 0 0 0 0 1 0 1 1 1 0 1 0 0 1 1 0 0 0 1 1 1 1 1 0 1 1 1 0 1 0 1 1 1 0 0 1 0 1
0 1 0 0 0 0 1 1 1 1 1 1 1 1 0 1 0 1 1 0 0 1 1 0 0 0 0 1 0 0 1 0 0 1 0 1 1 0 0 1 0 0 1 1 1 0 1 0 1 1 0 0 1 1 1 1 1 1 0 0 1 1 1 1 1 0 1 1 0 1
0 1 0 1 1 1 0 1 1 0 1 1 1 1 1 1 0 0 0 0 1 0 1 1 0 0 1 1 0 0 1 1 1 0 1 1 1 1 1 0 1 1 0 0 1 1 0 1 0 1 0 0 0 0 0 1 1 0 0 0 1 1 1 0 0 0 1 0 0 1
0 1 0 1 0 0 0 0 0 1 0 1 0 0 1 0 0 0 1 1 1 0 0 0 0 1 1 1 0 0 1 0 1 1 0 0 0 0 1 0 0 0 0 0 1 0 1 1 1 1 1 0 0 0 1 0 1 1 1 1 1 0 1 0 0 1 1 1 0 0
1 1 0 1 1 1 1 1 0 1 1 0 0 1 0 0 0 0 1 1 0 0 0 0 1 0 0 0 0 0 1 1 1 1 0 1 1 0 1 0 0 0 0 1 1 1 1 1 0 1 1 0 0 0 1 0 1 0 0 1 0 0 0 0 0 1 1 1 0 1
0 1 1 1 0 1 0 1 1 0 1 1 0 0 1 0 1 0 0 1 1 1 0 0 1 1 1 0 0 1 1 0 0 1 0 0 0 1 0 0 1 1 0 0 0 1 0 0 0 1 1 0 1 1 0 1 0 0 0 1 1 0 1 1 0 1 1 1 1 1
1 0 0 0 0 1 1 0 1 1 0 0 0 0 1 1 0 0 1 0 0 1 0 1 1 1 0 0 1 0 0 0 0 1 1 0 1 0 0 1 1 0 1 0 1 0 0 0 0 0 1 1 0 0 1 0 0 0 1 0 1 1 0 1 1 1 1 0 1 1
0 1 0 1 0 0 0 0 1 1 0 0 1 0 1 1 0 1 1 0 1 1 0 1 1 1 0 1 1 1 1 0 1 1 1 1 1 1 1 1 0 1 0 0 1 0 0 1 1 1 1 1 1 1 0 0 0 0 1 0 0 0 0 1 0 0 0 0 1 1
1 0 1 0 1 1 0 0 1 0 1 1 1 0 1 1 0 1 0 0 1 0 0 1 0 0 0 0 1 1 1 0 0 1 1 1 1 0 0 0 0 0 1 0 1 1 0 0 1 1 1 0 1 0 0 0 0 0 0 1 0 1 0 1 0 1 0 1 0 1
0 0 0 0 0 0 0 0 0 0 0 1 0 0 1 0 0 1 1 0 1 1 1 1 0 0 0 0 0 0 0 0 0 0 1 0 1 1 0 0 0 0 0 0 1 0 1 0 0 1 0 0 1 0 0 1 1 0 0 0 1 1 0 1 1 0 0 0 1 1
1 0 0 0 1 0 1 1 1 1 0 1 0 1 0 1 1 1 1 1 1 1 0 0 1 1 1 0 0 0 0 1 1 1 1 1 0 1 0 1 0 0 1 0 1 1 0 1 1 0 0 0 1 1 1 0 0 1 0 0 1 1 0 1 1 0 0 0 0 1
0 1 1 1 1 0 1 0 0 1 0 0 0 0 1 1 0 0 0 0 1 1 1 1 1 1 0 0 1 0 0 1 0 1 0 0 1 0 0 0 1 1 1 0 0 1 1 1 1 1 1 1 1 0 1 1 0 0 1 1 0 1 0 0 1 0 0 1 0 1
1 0 0 1 0 0 1 0 0 1 0 1 0 1 0 1 1 0 1 1 1 0 0 0 1 0 1 0 0 1 1 1 0 0 0 1 1 0 0 0 0 1 0 1 0 1 0 1 1 0 1 1 0 0 0 1 0 1 1 1 1 0 0 0 1 1 1 0 1 0
0 0 0 0 1 0 0 0 1 0 0 1 1 0 1 0 1 1 0 1 1 1 0 1 0 0 0 1 0 1 0 1 1 0 0 0 1 0 0 1 0 0 1 0 1 1 1 0 0 1 1 1 1 0 1 0 0 0 0 0 0 0 0 1 0 1 0 1 0 1
1 0 1 1 0 0 0 1 0 0 1 0 0 0 0 1 0 0 0 0 0 1 1 0 0 1 0 0 0 0 1 1 1 0 1 1 1 1 1 0 0 0 1 1 1 1 0 0 0 1 1 0 0 0 1 1 1 1 1 1 0 0 1 0 0 1 0 0 0 0
0 1 1 1 0 0 0 1 1 1 1 0 1 0 1 1 0 0 0 1 1 0 1 0 1 1 1 1 0 0 0 1 1 1 0 0 0 1 1 1 0 1 1 0 0 1 1 1 1 1 1 0 0 0 0 1 0 0 1 1 1 1 0 0 0 1 1 0 1 1
1 1 1 0 0 0 0 1 0 0 0 0 1 1 0 0 1 0 0 0 1 0 1 0 0 1 0 0 0 0 0 0 1 0 1 1 1 1 0 1 0 1 0 1 1 1 0 0 1 0 0 0 1 1 1 1 0 1 0 0 0 1 1 1 1 0 1 0 1 1
1 0 0 1 1 1 1 0 1 1 0 1 1 1 0 1 0 0 0 1 0 1 1 0 0 1 1 0 0 0 0 1 0 0 0 1 1 1 0 1 1 0 1 1 0 0 0 0 0 0 1 1 1 1 1 1 0 0 0 0 0 1 0 0 1 1 0 0 1 1
0 1 1 0 1 1 1 0 0 1 1 1 1 0 1 0 0 1 0 1 1 0 1 0 0 0 0 1 1 1 1 1 1 1 1 0 0 0 1 1 1 1 0 1 0 1 0 1 1 1 1 0 1 1 1 0 0 1 0 0 1 0 1 0 0 0 0 0 1 0
1 0 1 1 1 1 0 1 1 1 1 1 0 0 0 1 1 0 0 0 1 1 1 0 0 1 1 1 1 0 1 1 0 1 1 0 1 1 1 0 1 0 0 0 1 0 1 1 0 0 0 0 0 0 1 1 1 0 1 0 0 1 0 0 1 1 1 1 0 1
1 1 0 0 1 1 0 0 0 1 0 0 0 1 1 0 0 0 0 0 1 0 1 0 0 0 1 0 1 1 0 0 0 0 0 0 0 1 0 1 0 1 0 0 1 1 0 1 1 1 1 1 0 1 1 1 1 1 1 1 1 0 1 0 1 1 1 0 1 0
