7
0 2 -19
3 4 15
5 6 5
0 0 19
0 7 -11
0 0 12
0 0 2
500
-17 19
-6 -2
5 9
3 18
18 20
8 17
-18 14
3 19
20 20
17 17
20 20
13 14
3 20
13 19
-11 12
19 20
14 16
16 16
13 20
15 18
10 17
20 20
20 20
15 19
3 18
8 15
13 13
9 17
-19 18
-7 10
4 19
16 19
-19 -17
17 20
20 20
-14 -14
-15 -15
15 20
15 19
-1 2
16 18
14 14
0 19
16 16
14 14
1 15
6 8
-14 3
5 5
-15 20
20 20
-18 17
13 15
20 20
-16 16
4 20
-19 3
-10 13
20 20
3 20
-18 3
13 14
7 17
-20 20
8 8
20 20
20 20
10 14
-19 20
6 19
14 14
20 20
-14 3
-16 14
-6 19
9 19
12 18
10 10
6 15
-18 18
15 16
-11 6
20 20
3 3
3 12
11 16
-19 20
17 20
-12 2
6 12
13 19
-20 -16
17 17
16 17
-7 2
16 16
13 15
13 14
14 19
6 13
14 16
-20 20
-3 12
-20 -14
-15 15
4 14
20 20
20 20
20 20
4 10
-20 14
17 18
15 20
14 18
3 9
-14 0
17 20
20 20
10 20
17 18
-20 13
10 18
-14 7
-8 -3
-20 -20
4 17
17 17
-17 14
5 10
-20 -20
-19 14
-17 12
19 20
-15 9
15 20
20 20
19 20
-12 15
-18 -13
-20 -8
-20 -3
20 20
-4 12
-19 -18
-12 12
20 20
6 16
14 14
17 19
16 16
13 19
4 15
8 15
-14 -13
-15 -9
-13 3
-20 14
16 16
16 19
2 20
16 18
-20 19
-20 -20
5 12
13 15
16 19
11 19
3 4
-15 13
14 15
-19 12
14 14
18 20
-19 15
-18 18
20 20
5 15
13 20
4 15
14 14
3 18
2 10
5 15
15 20
13 19
3 14
20 20
7 16
7 19
13 20
3 3
20 20
18 20
18 20
15 19
-5 3
-13 20
-11 -5
-16 19
5 20
-20 5
13 13
8 17
20 20
-17 -12
17 17
6 7
-8 18
-12 -3
-13 18
17 17
5 12
15 20
4 16
17 17
7 19
-2 9
-3 0
-12 -5
13 17
13 19
-4 -2
13 20
-13 10
4 13
-19 12
17 19
17 20
-17 7
-12 2
-3 3
-16 -13
6 13
-9 5
13 13
18 19
-18 -12
-12 18
15 20
3 7
13 13
-1 20
16 16
14 19
6 14
1 20
16 17
-19 10
13 19
17 19
-14 20
5 15
9 15
3 6
6 6
-20 20
13 13
20 20
13 14
20 20
20 20
16 18
-12 -12
5 5
14 18
15 15
3 20
-6 20
18 18
-15 -11
4 5
-12 18
14 17
20 20
3 14
6 20
-20 -16
13 14
3 19
-9 3
14 15
20 20
13 14
13 13
20 20
-3 9
-20 -2
13 15
7 19
3 20
-12 16
13 19
-15 10
20 20
9 9
5 14
4 19
6 7
16 18
10 12
-20 -7
18 18
13 20
9 14
4 19
-5 14
17 18
-15 -2
1 15
14 19
13 18
-20 9
-11 19
13 13
20 20
13 15
20 20
13 13
2 9
17 17
-20 17
6 16
-5 0
-19 14
-13 -9
18 19
6 10
20 20
20 20
-19 -19
17 20
0 12
16 19
-20 -20
14 14
6 8
13 15
-1 -1
15 20
-7 18
-19 19
1 17
5 11
3 19
5 19
-20 8
15 15
-5 20
15 17
16 18
-20 17
11 19
-17 15
-6 20
-19 3
-20 -15
16 18
-1 3
-9 15
-16 3
20 20
-3 9
12 19
13 20
1 16
20 20
-7 16
-20 20
13 17
16 18
-14 -13
-18 -15
5 20
13 18
20 20
4 19
-7 14
20 20
-17 -12
3 4
20 20
4 20
4 17
-20 -13
20 20
15 17
-3 3
15 15
20 20
4 19
6 13
-20 -20
12 14
-20 4
16 20
14 16
3 4
3 14
5 20
-8 2
-15 4
-20 -7
5 9
10 12
3 17
12 15
-20 -6
-19 18
16 16
7 20
-11 2
-6 18
17 18
16 18
3 3
-19 2
1 8
17 18
-6 3
20 20
16 18
-20 20
6 9
5 20
16 17
8 9
14 20
-1 5
-16 -12
11 15
1 3
-14 13
0 20
16 18
-16 4
13 14
-20 2
-20 -6
17 17
0 17
19 19
16 17
20 20
16 19
4 4
15 16
-19 17
15 16
1 13
5 11
20 20
16 20
-13 -13
3 3
-20 13
12 15
16 16
11 14
-15 2
13 13
11 19
-6 17
18 19
13 13
-17 18
2 2
8 17
-4 -4
-2 12
-11 6
-18 20
-13 18
8 15
15 16
2 3
16 18
10 20
-8 11
-2 6
-20 -20
20 20
15 19
-18 0
-10 15
-3 5
5 9
-17 13
-18 -17
-5 19
-15 -12
-7 2
8 20
6 12
14 19
16 18
16 16
11 20
4 4
10 16
14 19
