30 30
9 75 51 13 49 6 21 91 88 54 86 27 83 92 80 40 32 92 70 68 9 85 17 98 27 23 10 69 0 78
10 29 8 27 24 27 9 25 26 14 9 25 15 13 15 1 14 16 30 28 2 11 28 24 19 22 20 9 30 8
15 0 22 26 15 28 15 12 3 28 5 12 22 25 16 19 12 8 7 14 20 22 7 11 27 2 2 24 21 28
11 28 11 8 15 28 16 28 27 16 28 6 22 26 12 28 24 13 15 21 8 11 19 12 24 12 4 23 30 11
9 8 5 8 5 12 28 29 5 5 28 8 7 16 7 28 3 16 30 11 10 15 28 3 6 21 30 5 18 1
5 24 14 11 22 23 14 21 7 12 4 4 29 16 14 14 0 20 25 1 27 23 8 0 23 16 4 13 13 5
3 1 29 18 16 17 19 25 2 8 23 5 2 12 27 2 2 27 28 0 26 6 22 2 15 4 3 12 2 2
4 8 27 20 28 12 22 30 19 13 15 15 15 13 4 14 26 7 25 23 17 17 12 7 5 4 0 25 9 5
2 11 25 12 29 22 2 23 3 3 13 17 28 4 16 21 0 10 19 16 1 22 22 27 30 2 21 30 2 25
20 9 29 15 5 19 30 16 10 10 23 10 17 14 28 18 28 7 28 27 16 2 13 14 0 14 12 20 5 1
4 11 23 20 12 10 9 18 7 3 1 20 30 4 19 11 24 11 19 13 12 24 8 23 9 15 18 10 13 4
6 12 21 12 17 29 12 3 27 12 7 19 14 28 27 13 18 21 6 5 27 30 29 1 19 13 29 14 5 28
25 6 19 7 17 17 29 3 25 13 14 18 1 0 0 15 20 22 28 21 29 6 2 20 7 13 12 4 30 12
10 6 14 15 15 15 4 16 18 24 0 26 0 26 10 27 11 23 25 29 22 21 14 25 29 0 11 15 16 27
6 9 27 29 15 9 5 5 13 17 5 21 8 13 3 19 1 20 20 7 5 30 19 7 26 30 24 27 0 28
5 20 7 18 14 25 4 5 12 20 0 11 11 22 19 13 17 10 27 27 14 27 16 23 7 17 20 19 8 18
4 25 0 26 10 23 21 11 5 16 11 0 19 6 22 18 0 13 5 4 1 17 8 2 24 12 30 11 8 7
29 17 5 25 9 16 2 3 29 22 17 26 9 25 2 3 4 28 7 13 7 14 17 3 6 19 25 11 27 1
28 20 22 17 13 29 5 24 23 9 27 6 28 6 16 6 0 21 16 6 18 23 11 7 23 10 11 14 10 21
11 18 7 14 28 1 16 20 13 3 22 4 7 4 19 0 9 27 0 28 11 13 14 2 13 6 3 4 13 25
18 9 27 29 8 12 18 16 30 12 7 17 20 19 20 17 27 7 4 27 24 10 15 3 2 25 29 13 3 6
27 19 19 27 1 20 25 27 5 10 29 8 16 22 30 28 9 0 0 24 9 17 12 6 25 23 20 29 13 9
15 15 15 28 4 13 29 17 10 18 11 13 3 2 6 3 8 14 10 17 26 6 6 15 4 4 26 8 4 19
12 3 6 1 29 25 18 16 8 23 21 18 3 30 20 30 29 13 0 25 20 16 2 8 22 23 22 5 18 13
10 7 20 25 4 26 19 11 2 19 28 12 1 10 19 0 15 1 22 15 28 19 15 29 10 3 12 23 30 16
7 10 12 2 5 30 30 23 28 29 28 4 4 7 23 8 0 25 13 24 23 24 25 2 23 30 21 30 25 1
4 11 24 8 17 30 21 27 18 3 22 18 10 16 13 7 14 13 22 6 11 25 29 20 30 11 0 17 28 28
9 14 0 3 2 26 9 0 3 5 17 13 26 7 22 3 5 22 5 27 11 27 25 1 12 10 3 27 24 17
8 8 13 6 29 7 21 21 8 16 1 22 19 8 11 3 19 24 1 25 19 25 17 15 16 6 12 21 24 23
2 0 21 29 8 1 14 29 15 25 26 5 22 30 28 4 20 25 14 14 16 16 24 6 6 18 5 19 23 1
12 7 20 2 3 2 4 25 21 6 29 4 7 14 29 20 5 23 2 18 24 30 29 20 15 24 18 14 19 20
0 1 7 9 2 0 4 4 3 10 5 2 5 9 6 0 6 4 4 9 2 1 9 9 6 3 2 9 7 8
1 0 2 2 7 2 3 2 9 7 9 2 8 2 6 6 10 10 1 6 2 7 5 9 8 7 2 3 4 7
7 2 0 5 3 7 1 4 2 2 4 4 6 8 7 4 10 1 10 9 1 3 1 0 5 9 4 3 4 8
9 2 5 0 4 3 8 6 2 4 3 5 3 5 2 0 3 6 9 8 8 0 8 2 6 3 0 3 10 7
2 7 3 4 0 2 1 9 9 3 5 5 10 7 4 1 6 5 6 2 4 3 2 3 5 6 9 3 0 2
0 2 7 3 2 0 2 7 1 7 10 1 4 10 10 6 10 5 6 10 10 2 0 7 10 10 10 1 6 7
4 3 1 8 1 2 0 4 4 9 10 1 7 3 7 10 10 7 4 3 0 9 6 10 9 9 6 1 10 0
4 2 4 6 9 7 4 0 1 0 9 6 1 3 0 9 10 0 2 0 6 6 5 3 8 9 1 5 8 5
3 9 2 2 9 1 4 1 0 6 6 5 10 1 5 5 6 9 5 10 1 2 5 9 2 0 9 0 6 1
10 7 2 4 3 7 9 0 6 0 4 2 1 1 2 8 1 4 4 7 8 5 8 9 5 2 6 10 4 8
5 9 4 3 5 10 10 9 6 4 0 5 1 7 2 3 6 6 5 4 9 6 4 0 9 10 1 10 10 5
2 2 4 5 5 1 1 6 5 2 5 0 5 2 8 9 5 5 7 7 0 7 8 2 8 2 3 3 1 9
5 8 6 3 10 4 7 1 10 1 1 5 0 3 7 6 6 2 9 6 8 1 8 1 10 2 7 3 5 3
9 2 8 5 7 10 3 3 1 1 7 2 3 0 2 7 9 0 1 9 9 8 5 8 10 2 3 2 8 6
6 6 7 2 4 10 7 0 5 2 2 8 7 2 0 2 5 2 5 2 1 0 6 0 9 4 4 6 10 2
0 6 4 0 1 6 10 9 5 8 3 9 6 7 2 0 4 5 1 7 9 8 5 7 8 10 8 1 1 7
6 10 10 3 6 10 10 10 6 1 6 5 6 9 5 4 0 6 4 3 7 4 5 0 7 8 9 6 10 5
4 10 1 6 5 5 7 0 9 4 6 5 2 0 2 5 6 0 6 6 10 5 3 3 2 9 8 3 5 1
4 1 10 9 6 6 4 2 5 4 5 7 9 1 5 1 4 6 0 0 0 7 9 8 7 3 4 5 10 9
9 6 9 8 2 10 3 0 10 7 4 7 6 9 2 7 3 6 0 0 9 2 6 9 0 7 8 4 8 8
2 2 1 8 4 10 0 6 1 8 9 0 8 9 1 9 7 10 0 9 0 6 3 4 10 10 6 2 2 4
1 7 3 0 3 2 9 6 2 5 6 7 1 8 0 8 4 5 7 2 6 0 2 6 6 2 6 8 0 10
9 5 1 8 2 0 6 5 5 8 4 8 8 5 6 5 5 3 9 6 3 2 0 0 1 4 5 10 2 7
9 9 0 2 3 7 10 3 9 9 0 2 1 8 0 7 0 3 8 9 4 6 0 0 1 10 4 8 5 1
6 8 5 6 5 10 9 8 2 5 9 8 10 10 9 8 7 2 7 0 10 6 1 1 0 3 4 8 9 6
3 7 9 3 6 10 9 9 0 2 10 2 2 2 4 10 8 9 3 7 10 2 4 10 3 0 0 5 6 7
2 2 4 0 9 10 6 1 9 6 1 3 7 3 4 8 9 8 4 8 6 6 5 4 4 0 0 4 8 1
9 3 3 3 3 1 1 5 0 10 10 3 3 2 6 1 6 3 5 4 2 8 10 8 8 5 4 0 7 10
7 4 4 10 0 6 10 8 6 4 10 1 5 8 10 1 10 5 10 8 2 0 2 5 9 6 8 7 0 0
8 7 8 7 2 7 0 5 1 8 5 9 3 6 2 7 5 1 9 8 4 10 7 1 6 7 1 10 0 0
