50 50
8236 8551 9818 5612 3179 6165 6759 7802 6660 5816 1262 4644 9404 6048 4576 7753 6885 7118 9637 7592 7150 6212 4757 41 9731 4893 8290 8698 1910 4617 6644 4253 1701 8751 3568 3932 6236 9139 6868 8213 9320 9805 5209 4491 6920 9821 1306 5261 4608 1119
12 35 15 45 47 31 9 41 4 34 29 7 6 16 49 39 13 16 31 37 35 20 12 23 49 46 1 43 9 35 34 48 2 28 26 45 40 50 22 35 7 29 28 37 5 24 16 12 48 22
14 11 13 33 10 42 30 47 47 43 49 2 20 17 26 19 30 35 5 48 10 31 48 38 12 32 30 43 30 49 18 31 0 19 8 19 41 30 36 47 36 48 13 10 46 39 32 42 31 45
23 38 48 1 35 13 37 27 12 41 10 39 14 32 46 20 50 14 13 32 47 48 5 39 47 32 42 13 11 24 18 29 16 47 35 41 37 14 33 47 39 15 25 44 37 45 40 5 19 45
12 20 33 14 46 18 46 13 33 43 32 12 18 39 39 7 11 38 26 18 35 17 10 8 31 25 25 30 9 23 30 36 2 17 32 15 34 3 26 23 27 39 28 17 0 30 30 3 13 41
16 43 27 23 47 16 44 45 40 15 16 49 36 28 23 26 31 42 5 36 48 28 28 21 13 20 29 49 14 13 49 44 31 3 47 45 28 42 6 38 21 46 22 25 19 14 10 44 25 7
49 49 28 23 12 34 10 5 9 40 43 31 32 14 1 18 16 22 46 9 0 29 22 37 31 16 8 24 27 33 44 23 6 14 32 36 1 6 24 6 16 7 31 47 10 40 43 21 28 46
26 18 34 10 1 19 36 13 10 22 21 14 24 0 42 9 7 2 22 35 39 26 10 32 35 40 6 45 19 44 14 15 41 10 28 49 13 32 31 26 40 32 28 39 41 50 16 34 4 42
24 3 26 43 37 45 4 48 16 49 30 4 1 21 25 10 27 4 18 49 12 21 8 20 20 30 48 49 7 2 25 5 25 4 2 46 13 0 47 22 22 23 36 9 34 13 46 13 43 17
32 8 31 33 21 1 48 45 45 8 46 23 4 18 14 28 30 6 39 23 37 14 29 37 37 23 2 40 38 30 30 48 2 10 9 37 4 24 7 43 34 1 32 17 21 20 12 6 29 16
26 42 4 42 31 44 33 12 17 33 50 41 16 43 18 27 28 17 36 27 0 20 22 11 25 0 50 16 32 24 21 31 39 7 50 11 49 50 13 29 2 11 50 1 14 19 20 13 32 16
37 11 18 36 7 3 17 24 23 7 9 4 8 18 12 15 38 22 46 34 42 11 15 6 36 15 42 41 31 7 49 48 40 21 2 25 30 11 39 8 0 47 20 20 44 7 7 41 36 20
29 23 9 33 43 13 50 15 45 39 0 23 42 20 45 14 35 10 19 20 35 12 47 43 22 29 32 36 17 6 47 3 46 39 49 18 16 43 48 9 3 50 40 45 39 38 42 16 47 15
3 12 21 3 9 25 43 43 31 27 12 9 22 6 23 48 31 29 10 36 34 46 21 0 43 30 11 26 18 47 17 45 41 14 16 25 34 27 28 44 42 32 27 16 43 33 10 17 1 7
32 18 14 20 43 39 24 41 4 11 10 15 37 42 2 34 2 16 31 50 41 1 29 14 17 35 19 48 41 22 46 15 26 34 13 32 0 13 0 7 2 15 41 6 34 20 36 14 16 50
2 50 47 49 41 26 23 20 50 4 2 48 11 29 47 33 2 24 0 15 1 0 11 14 50 37 42 15 28 37 50 11 25 22 7 30 16 42 47 6 50 9 8 29 44 47 12 50 44 1
9 8 30 29 46 34 10 14 32 29 17 40 39 50 5 45 2 21 44 37 37 26 34 35 13 10 38 18 4 0 31 38 42 24 13 27 23 50 39 17 32 43 44 30 30 22 8 24 24 17
15 11 28 39 11 43 49 32 32 36 41 16 3 11 41 1 1 43 29 50 42 50 14 50 11 9 50 31 30 34 47 30 11 35 8 22 9 40 36 7 36 37 7 9 18 31 36 23 4 4
42 17 29 34 43 47 12 33 12 23 21 41 11 48 43 27 31 46 1 31 26 22 5 21 45 50 28 30 47 7 1 1 45 2 38 46 44 18 23 26 47 50 10 33 1 16 29 41 35 50
21 28 48 23 0 25 1 9 17 20 13 0 22 15 36 22 27 28 6 11 44 13 26 28 18 37 14 13 50 39 20 9 0 21 48 28 34 45 44 29 13 14 5 1 15 7 46 24 26 37
22 2 3 12 2 4 7 23 0 37 36 28 36 25 49 9 37 4 35 1 29 49 17 38 22 32 9 16 46 13 50 34 28 34 36 23 15 12 36 50 30 22 8 2 14 38 0 38 18 20
36 28 4 17 47 24 13 5 5 8 28 11 28 7 26 28 2 5 27 17 32 48 32 47 8 17 48 46 8 35 17 3 33 40 38 10 3 42 7 46 47 38 10 18 7 20 43 29 49 32
45 42 19 48 7 17 46 16 34 32 34 41 45 9 19 18 9 39 35 1 5 21 43 32 44 36 29 21 8 1 19 4 23 20 9 12 33 33 15 27 42 8 43 3 45 41 16 11 2 46
35 5 43 12 39 12 33 34 6 25 1 42 29 47 23 13 23 45 21 25 15 34 16 10 11 48 22 25 49 39 8 25 14 26 19 21 14 24 11 25 45 13 4 11 15 26 17 24 4 12
29 8 21 47 40 11 41 5 18 33 6 16 49 21 24 48 29 49 46 14 45 9 31 14 40 33 34 12 27 45 46 10 25 7 12 47 38 43 19 27 7 5 10 36 50 41 30 23 21 35
25 3 46 32 18 48 7 45 14 19 32 22 31 29 32 46 16 47 9 25 50 24 35 14 12 26 31 41 23 7 40 8 43 19 34 5 49 48 21 49 15 13 33 6 41 6 33 13 20 3
25 31 27 9 28 7 42 9 31 6 11 32 37 8 6 37 43 18 3 5 12 28 9 48 3 32 50 31 29 36 0 4 33 23 2 9 43 45 29 40 42 21 44 10 35 49 10 21 48 15
38 44 32 18 13 43 15 31 9 49 33 17 49 12 29 4 48 48 11 45 35 32 43 1 34 42 31 20 43 33 26 36 20 49 31 29 22 38 2 1 32 42 31 31 39 28 48 22 3 5
5 21 0 0 45 42 49 2 27 6 34 9 26 44 50 6 18 28 33 3 18 33 16 46 50 35 35 10 17 29 37 1 43 24 11 22 25 9 21 46 18 38 6 24 14 1 36 3 12 2
23 48 22 6 38 2 30 24 7 19 40 19 25 18 45 39 20 29 48 18 24 45 32 44 45 16 6 20 6 22 39 4 25 38 16 40 16 30 49 30 0 24 12 37 0 9 44 7 44 47
30 17 1 12 8 6 14 9 37 19 18 23 4 23 23 22 23 24 45 32 32 15 17 42 13 23 47 46 35 0 36 41 41 28 44 9 3 34 32 48 30 11 34 10 26 47 16 15 12 5
36 4 17 4 27 50 14 50 1 9 1 46 42 19 22 19 13 42 0 11 23 33 3 0 43 0 33 46 25 38 31 4 1 34 34 47 26 10 31 20 2 50 45 11 7 44 18 30 11 12
5 41 22 21 47 33 22 0 0 44 43 23 31 44 2 15 41 7 47 0 17 7 15 42 26 50 48 47 26 32 35 32 22 18 48 1 24 0 24 31 8 19 1 31 23 26 15 17 2 18
2 50 8 38 47 30 32 35 38 22 21 46 5 4 7 14 11 24 14 36 26 1 26 10 21 46 4 21 25 30 42 26 17 32 28 29 34 21 8 35 32 34 0 8 16 30 4 23 10 45
27 0 48 22 23 50 4 18 22 13 0 24 18 17 9 34 13 29 22 22 34 2 3 50 29 27 23 26 19 49 44 12 44 18 44 5 40 17 19 30 27 16 26 10 50 43 45 15 33 35
44 13 42 3 5 28 2 43 7 37 15 6 45 2 47 49 16 50 50 33 42 50 17 43 36 2 7 35 27 20 40 4 27 27 36 30 30 48 25 38 20 0 45 15 13 25 14 38 29 6
28 41 46 30 41 3 43 31 18 22 7 13 40 17 14 31 40 13 22 22 26 13 16 46 10 28 2 34 20 23 17 13 25 20 9 30 4 33 49 4 46 29 41 9 29 6 37 1 38 27
30 25 22 16 8 40 14 7 26 25 14 48 15 6 18 11 17 26 47 14 16 37 41 2 40 25 26 42 45 11 32 29 32 20 2 44 38 28 22 25 15 10 31 9 21 46 25 28 0 18
5 31 17 8 0 4 13 14 32 5 16 41 32 8 2 37 23 40 17 42 9 46 27 32 13 31 22 32 43 6 32 4 18 31 12 40 26 26 4 40 48 2 25 37 49 47 19 49 10 36
11 0 6 18 37 18 1 50 39 50 26 50 28 0 13 22 22 49 11 10 24 40 6 49 43 1 6 36 18 30 16 7 20 11 5 41 6 32 0 19 40 43 37 14 2 5 48 17 8 40
4 34 17 11 17 4 40 14 49 11 48 24 4 33 45 27 3 23 37 0 35 21 1 45 7 42 12 46 28 19 10 38 27 40 44 24 36 41 20 43 20 44 23 38 47 6 14 11 37 34
4 21 37 49 7 22 3 39 40 19 23 5 20 1 32 40 48 3 39 37 20 44 31 8 48 26 49 11 29 38 39 21 26 47 32 26 18 37 7 14 34 23 9 24 46 38 34 26 38 43
12 35 27 35 49 9 38 13 1 46 34 41 16 28 45 10 34 19 15 4 36 19 26 20 27 38 34 2 3 9 9 44 33 24 34 19 4 39 21 24 34 7 14 41 11 3 29 24 14 27
29 45 30 36 37 26 13 10 15 37 6 24 33 36 48 12 26 32 47 19 25 46 12 13 19 25 1 2 33 17 10 13 15 0 0 12 1 27 43 43 37 14 43 5 30 40 48 42 3 7
7 17 20 29 7 15 12 30 13 29 31 40 10 9 9 25 49 26 38 0 7 42 31 48 20 49 33 48 21 26 19 15 20 42 12 10 15 28 6 0 15 1 22 47 24 29 1 20 17 28
17 34 7 39 24 35 26 7 39 41 29 4 19 41 22 24 4 11 26 15 7 46 47 42 19 11 30 17 5 25 33 17 34 45 48 29 43 35 21 12 13 38 41 38 0 24 15 50 23 49
20 6 29 5 14 43 31 40 1 43 32 23 43 45 43 15 49 2 48 35 20 1 46 24 44 25 23 43 47 26 18 4 37 38 31 21 18 47 22 35 0 41 7 23 17 34 45 29 42 41
15 36 24 35 14 44 45 21 40 2 40 3 7 12 11 39 47 35 3 29 37 41 17 18 19 43 21 18 40 13 28 41 7 9 33 8 46 32 42 27 26 7 10 5 50 1 11 4 27 31
31 36 6 19 16 30 13 35 12 17 12 21 37 46 5 30 48 7 27 16 11 6 36 21 6 13 46 38 29 46 33 38 8 37 22 31 49 22 8 34 19 20 5 49 38 28 50 24 20 3
23 4 21 9 28 41 15 2 37 34 39 31 45 14 1 13 16 27 28 0 3 11 4 21 41 12 23 18 21 0 12 25 26 8 6 17 1 3 19 25 12 24 22 41 18 41 10 29 36 21
38 33 30 19 1 47 36 35 19 15 20 20 12 46 37 22 34 26 14 44 36 24 16 14 5 23 28 29 6 39 48 32 38 3 49 37 45 15 9 18 42 4 0 0 5 7 48 9 26 30
0 0 4 1 8 8 10 7 1 1 6 4 7 1 8 5 6 5 8 10 10 3 4 0 3 5 6 5 3 9 9 1 8 1 2 1 5 8 4 4 1 5 0 6 8 10 6 10 3 2
0 0 6 3 6 0 10 4 1 6 3 2 8 3 6 6 2 8 8 1 7 9 0 5 3 7 5 7 3 5 8 1 8 3 8 7 1 4 9 8 7 8 7 4 6 8 6 6 5 9
4 6 0 10 5 8 10 4 3 9 1 7 8 2 0 9 7 0 0 6 9 4 2 1 8 4 0 8 6 0 4 9 4 3 4 1 4 7 2 5 9 3 0 8 0 2 1 6 0 3
1 3 10 0 2 4 4 3 3 5 3 10 2 10 6 4 6 9 0 9 0 10 8 4 1 2 7 0 10 2 0 0 8 2 5 10 6 6 9 1 1 10 2 1 9 0 6 2 7 5
8 6 5 2 0 7 0 4 8 9 3 2 1 1 4 0 6 5 8 7 4 3 7 0 4 9 7 9 10 0 0 8 1 9 5 2 5 4 4 7 3 2 6 4 2 5 9 7 1 9
8 0 8 4 7 0 4 2 1 7 6 7 10 6 9 3 10 4 6 4 2 1 5 4 7 0 8 1 6 7 7 3 6 10 6 3 9 2 5 3 5 10 5 10 3 2 0 7 4 6
10 10 10 4 0 4 0 10 6 3 0 1 1 10 8 3 8 7 3 1 8 10 8 6 5 7 5 2 3 10 9 2 10 5 1 2 1 2 0 5 5 9 1 0 1 0 9 5 5 4
7 4 4 3 4 2 10 0 3 7 3 3 2 9 6 2 3 8 0 3 8 2 5 1 6 9 5 8 7 6 5 5 4 5 3 8 3 9 8 5 8 4 0 7 4 9 4 3 6 1
1 1 3 3 8 1 6 3 0 9 10 10 9 4 1 1 5 8 7 7 9 6 0 8 2 1 0 4 7 4 8 10 8 0 3 2 9 4 4 0 6 0 5 8 9 4 4 1 1 6
1 6 9 5 9 7 3 7 9 0 2 3 9 3 7 5 8 6 10 6 6 9 6 4 8 10 3 4 8 10 1 4 10 2 10 2 9 4 5 3 9 7 4 6 7 6 10 10 4 7
6 3 1 3 3 6 0 3 10 2 0 8 3 9 6 7 0 9 10 10 4 8 0 1 7 1 0 4 7 9 2 1 0 4 0 0 9 2 1 2 8 10 10 6 10 10 10 4 5 2
4 2 7 10 2 7 1 3 10 3 8 0 4 5 9 8 9 9 1 1 2 3 2 9 7 9 6 7 8 8 3 6 5 5 1 8 5 1 1 0 10 2 8 7 5 10 1 1 1 7
7 8 8 2 1 10 1 2 9 9 3 4 0 10 10 10 3 5 5 4 2 3 7 3 0 9 10 1 7 9 0 8 10 5 10 9 8 4 2 1 6 2 7 6 9 0 5 8 3 10
1 3 2 10 1 6 10 9 4 3 9 5 10 0 9 0 10 10 3 4 6 6 2 6 2 3 5 4 8 7 3 5 1 1 4 8 3 10 7 7 6 1 2 7 9 9 7 0 7 5
8 6 0 6 4 9 8 6 1 7 6 9 10 9 0 7 6 10 2 9 6 10 3 2 5 4 10 10 0 8 4 0 1 2 0 3 4 9 9 10 4 3 0 0 7 1 6 6 6 0
5 6 9 4 0 3 3 2 1 5 7 8 10 0 7 0 8 3 9 1 5 4 7 2 6 7 3 0 3 4 7 1 10 5 5 3 6 1 9 9 10 6 3 1 9 1 3 8 1 7
6 2 7 6 6 10 8 3 5 8 0 9 3 10 6 8 0 1 6 7 8 7 0 5 5 8 2 2 9 6 0 9 6 7 3 5 6 9 10 3 0 5 0 1 6 9 4 8 7 0
5 8 0 9 5 4 7 8 8 6 9 9 5 10 10 3 1 0 1 4 10 3 8 7 10 1 4 3 7 5 5 0 3 2 5 3 10 1 0 1 6 10 1 0 0 3 3 7 2 7
8 8 0 0 8 6 3 0 7 10 10 1 5 3 2 9 6 1 0 9 2 7 10 8 9 1 0 10 10 8 8 8 2 3 5 5 7 8 9 5 3 1 10 2 0 2 3 4 1 8
10 1 6 9 7 4 1 3 7 6 10 1 4 4 9 1 7 4 9 0 2 7 10 3 9 1 9 6 5 2 9 7 3 5 0 6 2 6 1 6 10 0 6 6 2 1 9 5 8 3
10 7 9 0 4 2 8 8 9 6 4 2 2 6 6 5 8 10 2 2 0 5 9 2 3 6 0 8 0 9 3 5 7 1 8 0 1 9 0 2 5 2 4 6 8 0 0 9 8 3
3 9 4 10 3 1 10 2 6 9 8 3 3 6 10 4 7 3 7 7 5 0 1 8 6 4 1 6 10 1 5 2 9 0 8 2 7 3 9 2 6 1 9 6 1 8 10 1 5 4
4 0 2 8 7 5 8 5 0 6 0 2 7 2 3 7 0 8 10 10 9 1 0 0 2 8 6 1 7 6 10 0 6 7 7 4 3 8 0 9 8 1 5 4 10 2 8 4 1 2
0 5 1 4 0 4 6 1 8 4 1 9 3 6 2 2 5 7 8 3 2 8 0 0 2 7 0 7 8 3 6 6 3 8 6 8 3 7 3 7 6 0 5 8 9 0 2 8 6 5
3 3 8 1 4 7 5 6 2 8 7 7 0 2 5 6 5 10 9 9 3 6 2 2 0 9 10 10 2 3 6 5 5 5 8 2 1 6 2 5 1 5 7 2 2 4 0 8 2 7
5 7 4 2 9 0 7 9 1 10 1 9 9 3 4 7 8 1 1 1 6 4 8 7 9 0 8 3 4 1 9 9 10 4 8 2 0 7 4 5 0 7 10 4 3 4 6 2 4 0
6 5 0 7 7 8 5 5 0 3 0 6 10 5 10 3 2 4 0 9 0 1 6 0 10 8 0 0 7 1 4 6 5 2 3 1 1 7 4 5 6 9 6 6 10 5 2 9 9 5
5 7 8 0 9 1 2 8 4 4 4 7 1 4 10 0 2 3 10 6 8 6 1 7 10 3 0 0 7 2 9 5 5 6 1 8 9 5 7 7 1 5 0 7 2 1 1 9 9 2
3 3 6 10 10 6 3 7 7 8 7 8 7 8 0 3 9 7 10 5 0 10 7 8 2 4 7 7 0 1 0 3 0 3 1 6 6 9 5 10 3 7 2 8 1 1 8 10 3 7
9 5 0 2 0 7 10 6 4 10 9 8 9 7 8 4 6 5 8 2 9 1 6 3 3 1 1 2 1 0 7 4 7 9 3 4 4 7 9 3 1 4 8 7 6 7 10 2 0 2
9 8 4 0 0 7 9 5 8 1 2 3 0 3 4 7 0 5 8 9 3 5 10 6 6 9 4 9 0 7 0 5 1 7 3 10 10 6 1 0 4 9 1 5 6 8 9 5 7 0
1 1 9 0 8 3 2 5 10 4 1 6 8 5 0 1 9 0 8 7 5 2 0 6 5 9 6 5 3 4 5 0 5 10 3 7 2 2 6 5 9 7 8 4 1 9 10 10 7 9
8 8 4 8 1 6 10 4 8 10 0 5 10 1 1 10 6 3 2 3 7 9 6 3 5 10 5 5 0 7 1 5 0 4 3 1 0 6 8 10 3 1 5 8 1 3 1 7 0 4
1 3 3 2 9 10 5 5 0 2 4 5 5 1 2 5 7 2 3 5 1 0 7 8 5 4 2 6 3 9 7 10 4 0 3 6 1 5 5 8 6 1 7 5 9 2 0 3 1 2
2 8 4 5 5 6 1 3 3 10 0 1 10 4 0 5 3 5 5 0 8 8 7 6 8 8 3 1 1 3 3 3 3 3 0 3 6 2 7 10 7 4 4 8 3 7 9 1 10 10
1 7 1 10 2 3 2 8 2 2 0 8 9 8 3 3 5 3 5 6 0 2 4 8 2 2 1 8 6 4 10 7 1 6 3 0 3 6 2 4 1 0 2 3 5 7 3 4 5 2
5 1 4 6 5 9 1 3 9 9 9 5 8 3 4 6 6 10 7 2 1 7 3 3 1 0 1 9 6 4 10 2 0 1 6 3 0 3 10 8 8 10 8 5 5 2 10 0 10 5
8 4 7 6 4 2 2 9 4 4 2 1 4 10 9 1 9 1 8 6 9 3 8 7 6 7 7 5 9 7 6 2 6 5 2 6 3 0 9 8 4 8 7 4 2 0 4 4 3 2
4 9 2 9 4 5 0 8 4 5 1 1 2 7 9 9 10 0 9 1 0 9 0 3 2 4 4 7 5 9 1 6 8 5 7 2 10 9 0 3 10 7 0 2 4 0 7 4 0 0
4 8 5 1 7 3 5 5 0 3 2 0 1 7 10 9 3 1 5 6 2 2 9 7 5 5 5 7 10 3 0 5 10 8 10 4 8 8 3 0 7 10 7 8 8 5 10 8 8 8
1 7 9 1 3 5 5 8 6 9 8 10 6 6 4 10 0 6 3 10 5 6 8 6 1 0 6 1 3 1 4 9 3 6 7 1 8 4 10 7 0 2 5 6 1 9 8 5 6 8
5 8 3 10 2 10 9 4 0 7 10 2 2 1 3 6 5 10 1 0 2 1 1 0 5 7 9 5 7 4 9 7 1 1 4 0 10 8 7 10 2 0 6 1 1 10 2 5 5 1
0 7 0 2 6 5 1 0 5 4 10 8 7 2 0 3 0 1 10 6 4 9 5 5 7 10 6 0 2 8 1 8 5 7 4 2 8 7 0 7 5 6 0 8 10 0 3 6 9 6
6 4 8 1 4 10 0 7 8 6 6 7 6 7 0 1 1 0 2 6 6 6 4 8 2 4 6 7 8 7 5 4 8 5 8 3 5 4 2 8 6 1 8 0 4 5 9 1 2 5
8 6 0 9 2 3 1 4 9 7 10 5 9 9 7 9 6 0 0 2 8 1 10 9 2 3 10 2 1 6 6 1 1 9 3 5 5 2 4 8 1 1 10 4 0 0 10 6 2 7
10 8 2 0 5 2 0 9 4 6 10 10 0 9 1 1 9 3 2 1 0 8 2 0 4 4 5 1 1 7 8 9 3 2 7 7 2 0 0 5 9 10 0 5 0 0 6 2 3 10
6 6 1 6 9 0 9 4 4 10 10 1 5 7 6 3 4 3 3 9 0 10 8 2 0 6 2 1 8 10 9 10 1 0 9 3 10 4 7 10 8 2 3 9 10 6 0 0 5 6
10 6 6 2 7 7 5 3 1 10 4 1 8 0 6 8 8 7 4 5 9 1 4 8 8 2 9 9 10 2 5 10 7 3 1 4 0 4 4 8 5 5 6 1 6 2 0 0 7 3
3 5 0 7 1 4 5 6 1 4 5 1 3 7 6 1 7 2 1 8 8 5 1 6 2 4 9 9 3 0 7 7 0 1 10 5 10 3 0 8 6 5 9 2 2 3 5 7 0 4
2 9 3 5 9 6 4 1 6 7 2 7 10 5 0 7 0 7 8 3 3 4 2 5 7 0 5 2 7 2 0 9 4 2 10 2 5 2 0 8 8 1 6 5 7 10 6 3 4 0
