1000
99998 3003
99995 7544
99996 5597
99997 551
99996 577
99995 2299
99999 089
99995 9671
99997 125
99996 385
99998 5807
99996 733
99998 467
99999 396
99998 523
100000 048
100000 0405
99997 5276
99998 748
99995 401
100000 534
99995 820
99998 0820
100000 3052
99996 802
99998 355
99996 198
100000 1475
99998 728
99996 272
99996 119
100000 7400
99995 9528
99996 434
99997 0184
99997 916
99998 643
99999 1602
99995 1438
99996 639
99996 962
99998 9886
99998 531
99999 4687
99997 8986
99998 0154
99995 235
99995 828
99995 355
99995 330
99998 5599
99995 8879
99997 1874
99997 440
99996 607
99999 944
99997 753
100000 547
99999 6827
100000 084
99999 5685
99996 6671
100000 1546
99998 623
100000 6684
99999 029
99997 4334
99996 141
99999 306
100000 535
99999 263
99996 1850
100000 4019
99996 928
99996 427
99995 0615
99998 597
99995 9643
99999 309
100000 9740
99995 4940
99995 7157
99996 8564
99997 5973
99995 0651
99999 8074
99996 9681
99996 698
99998 730
99998 449
99998 1829
99998 171
99996 581
99999 9015
99996 8353
100000 2517
99999 4113
99999 383
99999 400
99996 237
99996 510
99998 024
99999 632
99996 297
99999 0829
100000 253
100000 4368
99996 687
99999 9031
99998 746
99996 3602
99995 2131
99997 655
99996 5426
100000 3888
99995 4409
99997 5193
99999 629
100000 3682
99997 8774
99998 107
99999 542
99996 567
99999 9167
99995 218
99998 0520
99999 820
100000 2565
99995 059
99995 050
99999 4015
99995 5247
99999 3962
99995 5965
99998 1051
99995 2018
99998 584
99996 9664
99997 7428
100000 479
99997 024
99995 9219
99997 8531
99996 4573
99996 654
99996 3666
99995 605
99998 587
99997 8409
99997 8329
99998 5193
100000 6446
100000 635
99995 683
99996 7751
100000 8715
99999 612
99999 876
99996 537
99997 3037
99995 6563
99998 542
99995 2541
99998 5404
99997 110
99995 6794
100000 219
100000 6723
100000 194
99999 336
99995 405
99997 0154
99999 134
99996 327
99999 7393
99998 0472
100000 734
99997 7163
99997 118
100000 1231
99995 749
99995 2444
99998 9878
99997 7153
99997 851
100000 9114
99998 9848
99997 065
99998 5594
100000 9919
100000 514
99996 420
99996 2483
100000 3775
99997 2107
99995 479
99997 1984
99995 095
99999 037
99998 1806
99998 2255
99995 7920
99996 9383
99999 5029
100000 030
99998 2937
99996 175
100000 2707
99998 2976
99997 093
99997 912
100000 7545
99996 393
99998 2756
99999 6551
100000 6291
100000 595
99995 6442
99995 4882
99997 461
99995 806
99995 096
99995 7321
100000 799
99996 199
100000 402
99995 7307
100000 1771
99997 7780
99997 5540
99999 475
99996 035
99996 4703
99996 028
100000 2377
99995 441
100000 383
99998 4737
99995 387
99999 092
100000 838
99996 9178
100000 7074
99999 5942
99995 8103
99997 3452
99996 4072
99996 977
99998 436
99998 176
99996 228
99997 110
99999 3810
99998 891
99997 588
100000 8115
99995 365
99999 481
99997 7794
99998 984
99995 9643
100000 4806
100000 399
99996 1550
99998 3477
99999 016
100000 850
100000 757
99997 8383
99997 7601
99996 7540
99998 4009
99997 3688
99996 3593
99996 445
99998 8771
99996 3453
99999 465
99995 540
99997 089
99995 6024
99996 9042
99996 261
99997 797
99995 974
99997 236
99997 6960
99999 693
100000 5565
99996 152
100000 077
99995 592
99999 453
99999 554
100000 965
99999 5870
99998 7145
99997 531
99995 503
99999 581
99997 7034
99998 932
99999 0362
99998 881
99996 752
99999 7874
99998 2641
100000 970
99997 0510
99998 8270
99997 8193
99995 2726
99999 8515
99996 582
99999 788
100000 058
99995 429
99999 3154
100000 595
99995 8218
100000 618
99997 747
99995 796
99999 3147
99999 9381
99999 157
99998 8349
99998 1762
99999 5284
99995 643
99995 6822
99999 9591
99999 510
99999 9740
99997 1672
100000 801
99999 516
100000 729
99999 680
99995 9244
100000 634
99995 3488
100000 6402
99996 4605
99997 4068
99998 475
100000 4026
99995 111
99998 0361
100000 339
99997 0715
99999 131
99999 6829
99996 641
100000 0402
99998 3360
99995 405
99998 8393
100000 554
99995 836
99998 4918
99999 444
99998 8824
99998 775
99995 0839
99998 3828
99997 751
100000 4499
99995 932
100000 8637
100000 053
99999 1340
99997 551
99997 593
99999 0891
99999 472
99997 3133
99997 9230
99999 6365
99998 384
99997 647
99995 1621
99998 903
99995 6663
99998 007
99998 5950
99995 1054
100000 4795
99996 037
99996 4370
99999 457
99996 820
99998 336
99996 4570
99999 981
99997 021
99998 0815
99999 5861
99995 2697
99997 4990
99999 958
99996 8106
99996 290
99996 1791
100000 6554
99998 090
99996 886
99997 2597
100000 383
99999 5755
99997 1092
99995 5293
100000 400
99996 2587
99999 339
99997 0484
99999 4541
99997 4054
100000 2198
99995 0407
99995 180
99995 8344
99998 387
99999 937
100000 439
99997 7606
99997 8552
99997 463
99997 9983
100000 2788
99999 9357
99999 7771
99997 336
100000 733
99999 7616
99998 6243
99998 579
99997 033
99998 946
99998 512
99995 8345
99999 773
99997 7610
99998 067
99997 2889
99995 111
99996 822
99999 419
100000 561
100000 118
99996 710
99998 3963
99995 0673
99999 5447
99997 9840
99998 1325
99998 064
99998 5088
99997 821
99995 147
100000 341
99999 8466
99997 809
99998 049
99995 128
99995 190
99996 8072
99995 459
99999 573
99999 813
99999 9625
99995 988
99997 376
99999 7527
100000 898
99997 894
99997 640
99996 610
99995 057
99999 093
99996 071
99998 064
99999 677
99997 3037
99997 2615
99997 1177
99995 961
99996 425
100000 462
99999 300
99996 274
100000 4407
100000 7082
99998 4140
99995 917
100000 351
99996 0192
99999 265
100000 5642
100000 5192
100000 9493
99999 048
99997 2838
99998 7151
99995 0207
99998 139
99997 1637
100000 709
99997 1244
99997 0809
100000 5836
99995 729
99999 9971
99997 6915
99998 796
99997 760
99996 7927
99995 114
100000 2875
99998 510
100000 3603
99999 096
99995 8215
99996 9557
99997 010
99997 780
99998 7969
99996 042
99998 108
100000 6690
99996 075
99999 619
100000 5629
99996 802
99996 5423
99998 6615
100000 6086
99998 987
100000 584
99998 954
99998 554
100000 974
99999 2667
99996 174
99995 6534
100000 981
99997 3322
100000 4794
100000 0815
99996 3558
99997 2440
99999 294
99996 365
99998 035
99997 765
100000 8424
99995 145
99998 346
99998 2820
99995 075
99998 250
99998 2312
99996 952
100000 1422
99995 0004
99997 975
99998 641
99995 3053
99997 574
99998 651
99996 3890
99999 874
99996 832
100000 4741
99996 7707
99999 3564
100000 0154
99996 478
99997 1632
99998 0319
99995 7186
99996 6468
99998 418
100000 980
99997 2313
99997 160
99996 3915
100000 8930
99998 6175
100000 113
99999 1167
99997 066
99999 0039
100000 510
99995 985
99995 6773
99995 4693
99998 4912
100000 334
99998 6382
99995 3700
99998 8709
99997 175
99997 645
99998 9359
99995 1146
99997 3214
99999 7992
99997 454
99997 1162
99997 6717
99998 040
99995 789
99997 480
99996 851
99995 7282
99995 9531
99997 070
99995 613
99997 9556
99997 7106
99996 318
99997 087
100000 4021
99998 5323
99997 738
99998 3038
99995 8215
99995 4788
100000 8886
99996 9882
99996 3163
99995 8807
99995 9862
99996 122
99996 4053
99998 738
100000 991
99999 0217
99998 535
99997 9204
100000 327
99998 537
99996 5458
99996 040
99996 8520
99999 6138
99995 504
99999 140
99999 2350
99998 005
99998 277
99999 1257
99995 2945
99999 135
99995 3399
99995 0442
99995 8747
99995 7794
99995 4057
99997 0569
100000 310
100000 0618
99996 516
100000 907
99995 6895
100000 740
99996 4352
99998 0123
99997 9829
99998 756
99996 7734
100000 1161
99998 739
99998 5337
99996 1954
100000 869
99999 5485
99996 8535
99996 020
99999 061
99995 4053
99999 197
99998 776
99996 0380
99998 8574
99997 501
99999 323
99995 496
99997 4646
99995 577
100000 122
99998 6419
99995 818
99995 043
99999 916
99995 8747
100000 545
99998 5769
99997 9057
100000 689
99998 9642
99998 4708
99998 5181
99996 3585
99997 640
99998 610
99999 801
99995 338
99996 5340
99996 9501
99996 7524
99995 504
100000 791
99998 862
99997 6635
99998 403
99997 6636
99997 7496
99996 4267
99996 481
99998 093
99997 9143
99998 819
99996 537
99999 946
99997 5156
99997 8693
99998 2059
99997 1632
99995 316
99996 3164
99998 534
99995 0923
99998 1506
99998 2921
99995 5970
99995 1836
99999 0450
99999 2883
99997 643
99995 280
99995 636
99996 6134
99999 826
99995 9854
99996 059
99999 4807
99997 525
99996 110
99998 9720
99999 5824
99999 3793
99999 4095
99995 232
99996 5171
99996 9333
99996 9857
99995 9081
99995 807
99996 1357
100000 5034
99995 5573
100000 165
99996 976
99996 2614
100000 7858
99997 872
100000 302
99999 066
100000 2403
99998 1480
99999 789
99995 5294
99999 0453
99998 801
99998 754
99999 434
99996 6591
99996 637
99998 4282
99999 176
99998 6745
100000 391
99997 053
99997 202
99999 076
99995 3464
100000 2992
100000 2929
99999 0232
99997 573
99997 6356
99995 973
99995 559
100000 745
99997 6052
99999 3727
99995 689
99998 9873
99996 130
99997 4584
99998 601
99995 1761
99999 6473
99996 312
100000 0304
99995 7242
99999 4913
99998 7767
99995 999
99999 1297
99998 6155
99996 8253
99997 7150
99997 102
99999 239
99996 044
99998 5843
99998 2044
99997 374
99998 461
100000 4662
100000 942
100000 5205
99997 2080
99998 9840
100000 1264
99996 617
99997 408
99995 5558
99996 0800
100000 6847
99996 9895
99996 2259
99995 1109
99999 3037
99996 5967
99999 669
99999 2908
99997 5073
99998 260
100000 113
99995 080
99998 2668
99996 274
99999 741
100000 4522
99998 0817
99996 8917
99999 098
99997 0497
100000 5100
99997 423
100000 1127
100000 692
99997 4461
99996 082
99998 372
99998 814
99996 3122
99997 862
99995 9320
99999 549
99999 0462
99998 089
100000 512
100000 319
100000 380
99997 100
99999 037
99998 831
99996 803
99996 268
100000 010
99995 2865
99995 7701
99995 977
99996 7862
100000 776
100000 4828
99995 794
99997 9309
99998 6259
99996 5294
99998 1254
99997 3799
100000 0521
99995 5847
99999 448
100000 460
99997 463
99995 6067
99999 141
100000 4893
99997 8098
99995 563
99997 082
99997 3649
99997 3751
99996 997
99995 839
100000 9998
99999 816
99999 636
100000 390
99996 574
99995 7577
100000 639
99999 3001
99997 5088
99996 636
99997 6507
99996 7221
99999 914
100000 5987
99999 2169
99998 284
99999 3188
99996 104
99998 8725
99997 499
99997 644
99995 564
99996 715
100000 214
100000 818
99999 6961
99999 060
99997 4329
99997 507
99998 3641
99995 4931
99997 501
99997 1465
99999 375
99997 8266
99995 0052
99995 3109
99998 342
99998 456
99997 210
99997 0253
99999 454
99995 5015
99995 1530
99997 310
100000 7951
99995 527
99996 2507
99998 1965
100000 281
99997 3087
100000 069
99995 1363
99997 1908
99995 5087
99995 8165
99996 8357
99997 1535
99998 1772
99998 169
99997 686
99998 906
100000 6412
99997 591
99995 4201
99995 7110
100000 2796
99997 1741
99999 2550
99996 8152
100000 792
99997 615
99999 9387
99997 305
99998 969
99995 029
99996 0760
99998 349
100000 595
99998 4599
99996 6000
99998 197
99995 8078
99996 0792
99998 3095
99996 4464
99999 7628
99998 478
99998 2406
99995 1737
99999 6346
100000 8237
99998 5322
99996 0049
99997 369
99997 619
99998 3365
99996 589
