41 10188 -11435 7592 -14031
10187 -11434
9379 -11437
8257 -11464
5688 -11536
5449 -11543
4638 -11568
3520 -11619
1134 -11740
-209 -11859
-881 -11921
-1209 -11952
-1634 -11995
-2706 -12120
-3655 -12337
-4048 -12435
-4321 -12510
-4353 -12520
-4675 -12621
-4833 -12692
-5182 -12852
-5276 -12906
-5594 -13094
-5624 -13135
-5535 -13188
-5062 -13379
-5031 -13388
-4377 -13569
-3815 -13690
-3406 -13726
-2051 -13784
808 -13877
1459 -13897
3379 -13950
6417 -14018
6908 -14026
8022 -14038
9806 -14040
11395 -14041
12559 -14041
12265 -13091
11332 -12239
