50 50
4654 2359 9868 850 1399 3003 4777 356 249 9544 5992 6924 6026 2353 1036 3387 6082 8197 384 9660 4309 9807 3794 3986 7353 4224 2101 212 6389 898 3629 1545 9725 181 3853 7683 1367 856 2377 6901 8942 5886 1802 1099 2990 6840 1308 1169 7500 1712
1 1 1 1 0 0 0 1 1 0 1 0 1 1 1 1 1 1 0 0 1 0 0 0 1 1 0 1 1 1 1 0 1 1 1 1 1 1 0 0 1 0 1 1 0 0 1 0 1 1
0 0 1 1 0 0 0 1 1 1 1 1 0 1 0 1 0 0 1 0 0 0 1 0 0 1 1 1 1 0 0 0 1 1 0 0 1 1 1 1 1 0 1 1 0 1 0 0 1 0
1 1 1 1 1 1 0 0 1 0 1 0 0 0 1 1 1 1 0 0 0 0 0 1 0 0 1 1 1 1 1 0 1 0 0 0 1 0 1 1 0 0 0 0 0 1 0 1 0 0
0 1 0 1 1 0 0 1 1 1 0 0 0 0 1 0 0 1 0 1 0 0 0 1 1 0 0 1 0 0 0 0 1 0 0 0 1 1 0 1 1 0 0 1 1 0 0 0 1 1
1 0 0 0 0 1 0 1 1 0 0 0 0 0 1 0 0 0 1 1 1 1 0 0 1 1 0 1 1 0 0 1 0 0 0 0 1 1 0 1 1 0 0 1 0 0 1 0 0 0
0 1 0 0 0 1 1 1 1 0 0 0 1 1 0 0 1 0 0 0 1 0 0 0 1 0 0 1 1 0 1 0 1 1 0 0 1 1 1 1 1 1 1 1 0 1 1 0 0 0
1 1 1 0 0 0 1 0 1 1 0 1 1 0 1 0 0 1 0 0 0 1 1 1 1 0 0 1 1 0 0 0 0 1 0 1 1 0 0 1 1 0 0 1 0 1 0 0 1 0
1 0 0 0 1 1 1 1 0 0 1 1 1 1 1 1 0 1 1 1 0 1 0 0 1 0 0 1 0 1 1 1 1 0 1 1 1 1 1 0 0 1 0 0 0 0 1 0 1 1
1 0 1 1 0 1 1 1 1 0 0 0 0 1 1 0 0 0 0 1 0 0 0 0 0 1 1 0 1 0 0 0 1 1 1 0 1 1 0 1 1 0 0 0 1 1 1 0 0 1
1 1 0 0 1 0 1 0 0 1 1 0 1 0 0 1 1 0 1 1 0 0 1 1 1 1 1 1 1 1 1 1 0 0 1 0 0 0 0 0 0 1 0 0 0 1 0 1 1 1
1 1 0 0 1 1 0 1 0 1 0 0 1 0 1 1 0 0 1 0 0 0 0 1 0 0 0 0 1 0 0 0 1 0 0 0 0 1 1 0 0 0 1 1 1 1 1 0 0 1
0 0 0 0 0 1 1 1 0 1 0 1 0 1 0 0 1 1 1 1 0 0 0 0 0 1 1 1 1 0 1 0 0 0 0 1 1 0 0 0 0 1 0 1 1 1 0 1 0 1
0 0 0 1 0 1 1 0 0 1 1 1 1 1 0 1 0 1 1 1 0 1 1 1 0 0 1 1 1 1 1 0 1 1 1 0 1 1 1 0 1 0 1 1 1 0 0 0 0 0
0 0 0 0 1 1 0 1 0 1 1 0 0 1 1 0 0 1 0 0 1 0 0 1 0 0 0 0 1 1 1 1 1 1 1 0 0 1 0 0 0 1 0 0 0 1 0 1 0 0
1 0 1 1 1 1 1 0 0 0 1 1 0 1 1 0 0 0 0 0 0 1 0 0 0 0 1 0 1 0 0 0 0 0 1 0 1 0 0 1 1 0 0 1 1 0 1 0 0 0
1 1 1 1 0 1 0 0 1 0 1 0 1 0 0 0 0 1 1 0 1 0 0 0 1 1 0 0 0 0 1 1 1 0 0 1 1 0 0 1 0 0 1 0 0 0 0 1 1 0
1 0 1 1 0 1 1 1 0 0 1 1 0 1 1 1 1 1 1 1 1 1 0 1 0 0 0 0 0 0 0 1 1 1 1 1 1 0 0 1 0 1 1 1 1 0 1 0 1 0
0 1 0 0 1 1 1 1 1 1 0 1 1 1 0 1 1 0 1 1 0 0 0 1 0 0 0 0 0 0 1 1 0 1 1 0 0 0 0 0 1 0 1 0 1 1 1 0 1 0
1 0 0 1 0 0 1 1 0 1 0 0 1 0 1 1 0 1 1 1 0 1 1 1 1 0 0 1 0 1 0 0 0 0 1 0 1 1 0 0 0 1 1 1 1 1 1 1 1 1
1 1 0 0 1 0 0 0 1 1 1 0 1 1 0 0 1 0 0 1 1 0 0 1 0 1 1 0 1 0 1 1 1 0 0 0 0 0 0 0 1 0 1 0 0 0 1 0 0 0
1 0 1 0 1 1 0 0 0 0 1 1 1 1 1 0 0 1 1 0 1 0 1 1 1 0 1 1 0 0 1 0 1 0 1 0 1 1 0 1 1 0 0 0 1 0 1 0 1 1
0 0 1 0 0 0 1 0 1 0 0 1 1 0 0 0 1 0 0 0 0 0 0 0 0 1 0 0 1 1 0 0 1 1 1 1 1 0 1 0 1 1 0 0 1 1 0 1 0 0
0 1 0 0 0 1 1 1 1 1 0 1 1 0 1 1 0 0 1 1 0 1 1 1 1 1 0 1 0 0 0 1 1 0 0 0 1 1 1 1 0 1 1 0 0 1 0 0 0 0
0 1 1 0 1 1 0 0 1 0 1 0 1 0 1 1 1 0 1 0 0 1 1 0 1 1 1 0 1 1 1 1 0 0 0 1 0 1 0 0 1 0 0 0 0 0 1 1 0 0
0 1 0 1 0 0 0 1 1 1 1 1 0 1 0 0 1 0 1 0 1 0 0 1 0 1 0 1 1 1 1 1 0 1 0 0 0 0 0 0 1 1 1 0 1 1 1 1 1 0
0 0 1 0 1 1 0 1 0 1 1 1 1 0 1 1 0 0 0 0 0 0 0 1 0 0 1 1 1 0 1 0 1 1 1 0 0 1 1 1 1 1 0 0 0 1 0 1 1 0
1 1 0 0 0 1 1 0 1 0 0 1 1 0 1 1 0 1 1 1 1 1 0 1 1 0 0 0 1 1 1 1 1 1 1 1 1 1 1 1 1 1 1 0 1 0 1 0 0 0
1 0 1 1 0 0 0 1 1 0 1 1 0 1 0 0 1 1 0 1 0 0 1 0 1 0 0 1 1 0 0 1 1 0 1 0 1 0 0 0 1 1 0 0 0 0 1 1 1 0
1 0 0 0 0 1 0 0 1 1 1 0 0 0 1 1 1 1 0 0 1 0 0 0 0 1 1 0 0 1 0 1 1 1 0 0 1 1 0 0 0 0 0 0 0 0 1 1 0 0
1 1 1 0 1 0 1 0 1 1 0 1 1 1 1 0 0 1 0 0 0 1 1 0 1 1 1 0 0 0 1 1 0 0 0 1 0 0 1 0 1 1 1 1 1 0 1 0 1 1
1 1 0 1 1 1 0 1 0 0 1 0 0 1 0 0 0 0 1 1 0 1 1 0 1 1 1 0 1 0 0 1 1 1 1 0 1 1 1 0 1 0 0 0 1 1 0 0 1 0
1 0 1 1 0 1 0 1 1 0 0 0 1 1 0 1 0 1 1 1 1 0 0 1 1 0 1 1 0 0 0 1 1 0 0 1 0 1 0 0 0 1 0 0 0 1 1 0 1 1
1 0 1 1 0 0 1 1 1 1 1 1 1 0 1 1 0 0 1 0 1 1 1 0 1 1 0 0 1 1 0 1 0 0 1 1 0 1 1 1 1 0 1 0 0 1 0 1 1 1
1 0 0 0 0 0 1 1 1 1 1 1 0 1 0 1 1 1 0 0 1 0 0 1 0 1 0 0 1 1 1 0 0 0 1 0 1 0 0 0 0 0 0 0 0 1 0 0 0 1
0 0 0 0 0 0 1 0 0 0 1 1 1 1 0 1 1 0 1 1 0 0 0 1 1 0 0 1 1 0 1 1 1 0 0 1 1 1 1 0 0 0 1 0 0 0 0 1 1 0
0 1 0 1 0 1 1 0 0 0 1 1 0 0 0 0 1 1 0 1 1 1 1 0 0 1 1 0 0 0 1 0 0 0 0 1 1 1 0 0 1 1 0 1 1 1 1 0 0 1
0 1 0 0 1 0 0 0 0 0 1 1 1 0 1 1 1 1 0 1 0 1 0 0 0 1 1 0 0 1 0 1 0 1 1 0 0 1 0 1 1 0 1 1 1 1 1 1 0 1
0 0 0 0 1 1 1 1 1 0 0 0 1 0 1 1 1 0 0 0 0 1 0 1 0 0 0 0 0 0 1 0 1 0 0 1 0 1 1 0 1 0 0 1 1 0 0 0 0 1
1 1 1 1 0 1 0 0 1 1 1 0 0 1 1 1 1 0 0 1 0 1 1 0 0 0 1 0 0 1 1 0 1 1 1 1 0 0 1 0 0 1 0 0 0 0 1 0 0 0
1 1 1 0 0 0 0 0 0 1 1 0 0 1 1 0 0 1 0 0 1 0 0 1 0 1 1 1 1 0 1 1 0 0 1 1 1 0 1 0 0 0 0 0 1 1 1 0 1 0
1 1 1 1 0 1 0 1 1 0 0 1 0 1 0 0 0 1 0 1 0 0 1 0 1 1 1 1 1 1 1 0 0 1 1 0 0 1 0 1 0 0 1 1 0 0 1 1 0 1
1 0 1 0 1 0 0 1 1 1 0 1 1 1 1 1 0 1 0 1 0 1 0 0 0 1 0 0 1 1 0 1 1 1 0 1 0 0 0 1 1 1 1 0 1 1 0 1 0 0
0 0 0 1 1 0 1 0 0 1 0 0 1 1 1 1 0 0 0 1 0 0 0 0 0 1 1 0 1 1 1 0 1 1 1 0 0 1 1 1 0 0 0 0 1 0 1 0 0 1
1 0 0 0 0 0 0 0 1 0 1 0 1 0 0 0 0 1 1 0 1 1 1 1 1 0 0 0 1 0 0 0 0 1 0 1 1 1 1 1 0 0 1 1 0 0 1 0 0 0
1 1 1 1 0 1 1 0 1 0 0 1 0 0 0 0 1 0 0 1 1 1 1 1 1 0 0 0 1 0 1 1 1 0 1 0 1 1 1 0 1 1 1 1 1 0 1 1 0 0
0 0 1 1 0 1 0 0 0 1 1 0 1 1 1 0 1 0 0 1 0 1 0 0 0 0 0 0 0 1 1 1 0 0 0 1 0 0 0 1 0 0 1 0 1 1 1 1 0 0
0 1 0 0 0 0 1 1 1 0 1 1 1 1 0 0 1 1 1 1 1 1 1 1 1 0 1 1 0 1 1 0 1 0 1 1 0 0 1 0 1 1 0 1 0 1 0 0 0 0
1 0 1 0 1 0 0 1 0 1 0 0 1 0 1 1 0 1 1 1 1 1 0 1 0 0 0 0 0 1 1 1 0 0 0 0 0 0 0 0 1 0 1 0 0 1 0 0 0 0
1 1 1 1 0 1 0 1 0 1 1 0 0 0 0 0 0 1 0 0 1 1 0 1 1 1 0 0 0 1 1 0 0 0 1 1 0 0 0 0 1 1 0 1 0 0 1 0 0 0
1 0 1 1 1 0 0 0 0 1 1 0 1 0 1 1 0 1 1 0 0 1 1 1 1 0 0 1 0 0 0 1 1 0 0 1 0 1 0 1 0 0 0 0 1 1 1 1 1 0
0 45 24 1 23 38 6 14 40 40 39 35 29 45 43 17 44 4 23 7 1 6 47 43 44 19 11 6 27 21 31 18 8 12 37 4 43 45 34 15 17 26 20 35 1 8 26 30 5 10
45 0 41 33 20 24 30 1 42 14 46 25 18 41 29 37 37 47 1 35 13 39 0 6 24 30 19 50 2 33 4 36 7 46 19 40 41 35 18 27 14 18 39 7 30 48 2 6 42 39
24 41 0 23 40 9 3 6 5 40 18 38 1 18 20 3 20 26 47 7 40 47 17 27 38 19 15 45 34 5 30 34 27 12 11 16 27 42 2 26 7 36 42 41 41 20 5 43 38 18
1 33 23 0 35 24 11 18 30 45 3 8 19 1 50 6 29 10 14 24 24 42 46 0 31 11 9 4 22 4 7 34 22 37 8 30 17 10 21 12 4 48 19 16 14 4 31 36 22 8
23 20 40 35 0 50 35 13 48 38 48 39 2 9 35 36 19 26 14 12 21 48 34 16 47 42 17 7 47 19 46 8 40 12 43 19 37 12 44 20 7 31 34 10 50 18 32 36 26 4
38 24 9 24 50 0 25 48 21 29 3 23 18 23 42 42 24 4 38 21 32 19 44 36 18 12 34 21 18 19 19 32 48 25 42 31 27 36 12 10 27 31 22 22 18 3 1 25 47 34
6 30 3 11 35 25 0 21 21 35 1 22 13 47 39 34 41 37 30 11 43 4 41 16 5 22 13 3 7 9 9 38 46 19 43 13 8 24 41 7 5 24 48 43 13 35 43 10 17 5
14 1 6 18 13 48 21 0 30 4 1 36 25 8 1 17 6 8 8 13 11 35 39 3 26 1 20 39 2 29 36 22 19 39 0 19 49 20 31 12 45 4 30 12 44 21 36 35 31 36
40 42 5 30 48 21 21 30 0 44 48 0 43 26 45 47 9 7 41 27 12 47 9 50 0 11 27 14 14 17 38 44 20 24 4 38 37 32 27 37 34 46 27 46 36 46 7 22 7 4
40 14 40 45 38 29 35 4 44 0 12 47 30 22 3 24 24 40 39 40 30 32 40 41 1 13 48 3 20 34 34 7 9 17 32 35 10 45 9 33 42 32 29 33 26 49 8 6 13 3
39 46 18 3 48 3 1 1 48 12 0 21 37 40 17 2 21 16 33 50 5 13 7 35 35 37 47 2 14 33 17 34 40 4 44 42 7 50 16 9 21 11 12 23 45 43 1 16 46 49
35 25 38 8 39 23 22 36 0 47 21 0 19 34 47 5 7 50 29 18 39 18 26 10 14 40 38 7 8 11 40 36 46 26 18 19 11 48 37 49 3 13 44 36 18 15 11 26 13 11
29 18 1 19 2 18 13 25 43 30 37 19 0 9 21 6 44 14 7 34 16 42 38 44 42 37 24 49 3 27 36 47 13 38 12 0 1 39 36 26 48 27 47 45 28 22 15 5 38 38
45 41 18 1 9 23 47 8 26 22 40 34 9 0 22 25 10 42 3 4 20 4 26 39 32 23 45 36 20 39 7 3 31 42 26 21 6 17 14 46 11 28 14 9 18 20 2 7 10 50
43 29 20 50 35 42 39 1 45 3 17 47 21 22 0 30 40 13 25 4 46 2 45 30 0 20 21 41 24 23 0 5 21 0 32 29 28 13 1 22 1 4 30 7 29 23 30 4 32 19
17 37 3 6 36 42 34 17 47 24 2 5 6 25 30 0 24 10 35 50 4 1 24 13 49 49 22 31 34 0 40 37 30 8 18 38 13 1 14 16 3 17 2 17 31 35 39 0 23 41
44 37 20 29 19 24 41 6 9 24 21 7 44 10 40 24 0 41 8 27 15 43 28 39 13 3 25 42 20 46 15 12 18 24 4 22 7 10 15 20 38 28 4 42 4 31 46 40 6 39
4 47 26 10 26 4 37 8 7 40 16 50 14 42 13 10 41 0 26 38 27 15 12 10 28 48 48 24 35 28 31 0 16 37 46 38 16 7 28 25 5 19 11 5 41 6 12 40 11 9
23 1 47 14 14 38 30 8 41 39 33 29 7 3 25 35 8 26 0 16 47 24 5 19 11 5 38 30 35 0 25 26 27 44 9 2 29 25 22 50 48 38 4 18 20 31 42 40 25 46
7 35 7 24 12 21 11 13 27 40 50 18 34 4 4 50 27 38 16 0 7 39 0 29 38 9 6 38 0 27 44 24 19 46 19 41 4 1 26 15 37 49 33 13 33 36 37 13 46 23
1 13 40 24 21 32 43 11 12 30 5 39 16 20 46 4 15 27 47 7 0 2 2 1 28 43 47 4 28 18 16 8 50 30 37 15 38 32 46 8 5 5 17 3 31 18 18 32 18 44
6 39 47 42 48 19 4 35 47 32 13 18 42 4 2 1 43 15 24 39 2 0 45 30 45 19 12 6 43 27 24 49 19 13 30 34 48 26 14 24 31 23 43 7 43 23 4 37 11 47
47 0 17 46 34 44 41 39 9 40 7 26 38 26 45 24 28 12 5 0 2 45 0 21 12 20 0 14 29 25 46 8 0 39 16 48 19 46 39 8 1 2 14 20 17 11 14 26 0 15
43 6 27 0 16 36 16 3 50 41 35 10 44 39 30 13 39 10 19 29 1 30 21 0 2 30 9 22 23 44 31 23 42 36 35 50 29 30 16 31 45 8 4 39 3 43 50 12 35 25
44 24 38 31 47 18 5 26 0 1 35 14 42 32 0 49 13 28 11 38 28 45 12 2 0 39 22 18 5 33 46 14 41 23 5 27 26 9 33 31 4 48 36 8 12 2 49 0 24 17
19 30 19 11 42 12 22 1 11 13 37 40 37 23 20 49 3 48 5 9 43 19 20 30 39 0 41 50 38 45 3 45 15 26 45 33 8 34 0 18 49 38 48 24 25 38 20 25 35 50
11 19 15 9 17 34 13 20 27 48 47 38 24 45 21 22 25 48 38 6 47 12 0 9 22 41 0 22 10 30 8 0 36 27 20 25 0 11 7 20 42 16 33 42 26 12 3 2 14 23
6 50 45 4 7 21 3 39 14 3 2 7 49 36 41 31 42 24 30 38 4 6 14 22 18 50 22 0 35 0 5 26 35 17 2 34 2 42 0 26 41 16 20 16 38 49 24 6 49 31
27 2 34 22 47 18 7 2 14 20 14 8 3 20 24 34 20 35 35 0 28 43 29 23 5 38 10 35 0 47 24 39 31 20 25 22 41 35 5 46 31 13 25 38 45 9 41 1 31 49
21 33 5 4 19 19 9 29 17 34 33 11 27 39 23 0 46 28 0 27 18 27 25 44 33 45 30 0 47 0 20 13 30 24 27 22 2 19 21 0 46 26 8 17 23 12 2 12 36 27
31 4 30 7 46 19 9 36 38 34 17 40 36 7 0 40 15 31 25 44 16 24 46 31 46 3 8 5 24 20 0 19 35 12 37 5 8 12 18 13 45 44 26 25 21 29 0 8 36 19
18 36 34 34 8 32 38 22 44 7 34 36 47 3 5 37 12 0 26 24 8 49 8 23 14 45 0 26 39 13 19 0 45 0 30 30 5 43 50 19 12 5 13 8 26 8 9 29 4 23
8 7 27 22 40 48 46 19 20 9 40 46 13 31 21 30 18 16 27 19 50 19 0 42 41 15 36 35 31 30 35 45 0 45 4 10 2 11 31 46 0 1 38 47 25 45 33 46 7 31
12 46 12 37 12 25 19 39 24 17 4 26 38 42 0 8 24 37 44 46 30 13 39 36 23 26 27 17 20 24 12 0 45 0 3 30 0 18 4 23 13 9 14 5 42 9 9 48 30 6
37 19 11 8 43 42 43 0 4 32 44 18 12 26 32 18 4 46 9 19 37 30 16 35 5 45 20 2 25 27 37 30 4 3 0 13 14 6 22 3 41 15 47 14 40 12 4 14 27 16
4 40 16 30 19 31 13 19 38 35 42 19 0 21 29 38 22 38 2 41 15 34 48 50 27 33 25 34 22 22 5 30 10 30 13 0 15 18 14 29 27 21 41 20 32 38 35 13 36 22
43 41 27 17 37 27 8 49 37 10 7 11 1 6 28 13 7 16 29 4 38 48 19 29 26 8 0 2 41 2 8 5 2 0 14 15 0 44 40 38 38 50 27 17 23 14 50 45 8 10
45 35 42 10 12 36 24 20 32 45 50 48 39 17 13 1 10 7 25 1 32 26 46 30 9 34 11 42 35 19 12 43 11 18 6 18 44 0 3 44 24 41 50 27 44 5 11 26 12 35
34 18 2 21 44 12 41 31 27 9 16 37 36 14 1 14 15 28 22 26 46 14 39 16 33 0 7 0 5 21 18 50 31 4 22 14 40 3 0 20 30 17 35 6 15 37 9 45 8 22
15 27 26 12 20 10 7 12 37 33 9 49 26 46 22 16 20 25 50 15 8 24 8 31 31 18 20 26 46 0 13 19 46 23 3 29 38 44 20 0 33 26 10 34 47 37 40 17 32 20
17 14 7 4 7 27 5 45 34 42 21 3 48 11 1 3 38 5 48 37 5 31 1 45 4 49 42 41 31 46 45 12 0 13 41 27 38 24 30 33 0 10 37 19 45 22 43 12 43 40
26 18 36 48 31 31 24 4 46 32 11 13 27 28 4 17 28 19 38 49 5 23 2 8 48 38 16 16 13 26 44 5 1 9 15 21 50 41 17 26 10 0 27 26 47 42 45 30 34 23
20 39 42 19 34 22 48 30 27 29 12 44 47 14 30 2 4 11 4 33 17 43 14 4 36 48 33 20 25 8 26 13 38 14 47 41 27 50 35 10 37 27 0 8 12 29 21 43 6 38
35 7 41 16 10 22 43 12 46 33 23 36 45 9 7 17 42 5 18 13 3 7 20 39 8 24 42 16 38 17 25 8 47 5 14 20 17 27 6 34 19 26 8 0 8 9 32 15 11 6
1 30 41 14 50 18 13 44 36 26 45 18 28 18 29 31 4 41 20 33 31 43 17 3 12 25 26 38 45 23 21 26 25 42 40 32 23 44 15 47 45 47 12 8 0 30 3 34 11 41
8 48 20 4 18 3 35 21 46 49 43 15 22 20 23 35 31 6 31 36 18 23 11 43 2 38 12 49 9 12 29 8 45 9 12 38 14 5 37 37 22 42 29 9 30 0 43 37 7 43
26 2 5 31 32 1 43 36 7 8 1 11 15 2 30 39 46 12 42 37 18 4 14 50 49 20 3 24 41 2 0 9 33 9 4 35 50 11 9 40 43 45 21 32 3 43 0 37 16 22
30 6 43 36 36 25 10 35 22 6 16 26 5 7 4 0 40 40 40 13 32 37 26 12 0 25 2 6 1 12 8 29 46 48 14 13 45 26 45 17 12 30 43 15 34 37 37 0 5 38
5 42 38 22 26 47 17 31 7 13 46 13 38 10 32 23 6 11 25 46 18 11 0 35 24 35 14 49 31 36 36 4 7 30 27 36 8 12 8 32 43 34 6 11 11 7 16 5 0 46
10 39 18 8 4 34 5 36 4 3 49 11 38 50 19 41 39 9 46 23 44 47 15 25 17 50 23 31 49 27 19 23 31 6 16 22 10 35 22 20 40 23 38 6 41 43 22 38 46 0
