47 -863 13266 -13007 -6974
-971 13813
-1857 13804
-2548 13728
-4372 12988
-5452 12400
-5737 12229
-6850 11528
-7583 11060
-7959 10730
-8388 10276
-8943 9478
-10054 7794
-10170 7605
-10336 7310
-10764 6466
-11125 5721
-11435 4880
-12253 2323
-12418 1800
-12499 1525
-12720 509
-12895 -708
-12964 -1797
-13025 -3188
-13109 -5546
-13121 -7265
-13125 -7875
-12370 -9199
-11530 -10003
-8783 -10728
-2687 -9908
-805 -9181
4914 -6652
4887 -5447
4803 -2801
4687 131
4586 1998
4466 4098
4103 7976
3973 8542
3832 8852
3709 9113
1941 12239
1412 12854
1266 12950
1099 13053
483 13369
