30 30
62 46 3 77 59 93 3 52 47 45 73 37 59 77 81 63 64 10 84 0 9 80 76 71 98 34 88 40 85 7
27 14 2 11 2 2 8 16 12 1 5 10 23 1 11 7 6 5 22 13 17 6 27 15 17 6 27 26 0 9
12 12 29 3 4 13 2 14 9 10 10 1 26 28 9 19 27 22 11 1 12 25 7 3 29 25 22 10 1 13
24 26 29 10 12 3 19 23 5 11 29 19 18 1 0 21 8 7 24 5 22 28 26 17 24 8 22 21 6 30
24 2 23 1 9 8 23 0 10 4 19 28 29 9 0 16 6 5 12 22 0 18 24 18 29 21 2 9 28 8
11 19 12 8 3 4 18 8 7 1 27 25 5 18 2 15 15 25 17 6 28 19 6 29 1 29 16 28 14 16
16 12 26 18 2 2 26 9 3 13 18 18 24 9 26 4 3 12 9 7 22 7 8 30 5 9 26 27 3 20
6 17 19 6 29 18 0 19 19 6 13 1 0 14 14 10 0 3 25 26 13 1 18 22 20 29 21 27 15 1
11 10 20 23 12 5 23 24 14 25 14 3 28 25 17 1 15 8 27 18 16 24 19 7 16 2 6 11 4 30
28 18 16 19 1 6 25 18 8 30 6 26 22 1 14 30 11 3 26 29 18 5 23 10 25 13 30 12 0 21
26 8 2 23 15 8 23 20 0 10 21 25 1 16 6 30 22 28 1 15 25 1 28 19 23 30 23 0 12 28
0 0 8 18 22 18 30 14 15 23 17 20 4 21 24 12 4 5 11 28 11 26 6 5 3 25 0 29 15 6
3 18 16 29 21 22 3 24 14 9 25 14 25 0 23 7 14 29 1 0 10 23 2 0 22 6 9 11 10 17
23 22 4 3 6 30 20 2 20 19 11 21 17 2 27 24 13 6 29 16 26 27 29 29 26 28 9 6 1 25
21 20 16 18 4 2 16 22 5 23 13 11 13 28 30 23 17 2 18 19 11 14 27 25 9 13 25 13 5 10
1 7 21 2 3 6 3 27 28 1 2 1 20 29 16 6 16 12 3 12 8 1 2 5 6 17 20 9 21 26
2 0 10 10 17 28 9 12 18 12 27 23 24 23 18 24 10 30 28 25 1 24 30 12 16 5 15 21 9 25
26 10 16 28 1 8 20 13 19 20 19 19 29 1 5 11 0 24 0 3 9 7 24 15 3 21 13 14 22 13
24 18 15 6 0 25 1 4 23 0 4 0 1 9 22 8 24 18 20 4 13 19 4 14 29 7 26 11 2 12
0 12 27 23 19 7 30 20 3 8 21 16 1 4 11 8 30 8 25 0 28 8 6 16 13 12 19 14 27 6
26 24 4 2 16 9 23 21 21 11 13 17 3 7 14 13 14 25 18 19 15 20 26 21 30 21 26 1 20 12
20 17 30 29 23 2 23 7 10 10 22 3 6 29 5 13 30 20 27 2 19 12 18 12 6 29 30 23 5 20
21 27 29 23 5 16 0 19 28 8 14 16 9 11 2 8 16 14 1 13 3 19 20 22 2 23 1 2 22 28
10 29 28 1 14 21 11 20 2 20 6 29 18 29 19 0 22 11 18 23 8 7 14 14 6 29 13 29 29 16
30 15 27 0 1 24 0 18 8 26 19 28 3 19 3 0 14 13 12 19 29 14 8 29 6 17 3 24 7 24
15 26 26 28 19 24 4 25 24 5 23 17 18 10 29 1 11 21 25 23 3 4 5 29 10 21 14 11 0 18
2 23 21 25 23 16 29 10 30 28 24 14 20 27 5 9 7 30 14 11 15 0 3 18 20 17 2 7 30 2
12 14 0 15 10 2 25 30 5 21 19 0 19 27 16 15 22 14 5 6 4 7 19 20 3 23 8 12 22 28
23 27 11 8 28 25 19 15 20 9 28 6 5 12 19 25 5 6 2 23 21 30 19 8 0 26 2 1 28 26
25 13 20 28 3 25 7 27 16 11 22 8 21 0 6 14 8 1 25 5 29 26 12 29 29 28 26 3 10 15
1 10 7 25 24 22 21 6 4 22 2 6 18 0 10 5 4 21 17 30 7 28 10 28 4 8 10 7 1 30
0 0 0 0 0 0 0 0 0 0 0 0 0 0 0 0 0 0 0 0 0 0 0 0 0 0 0 0 0 0
0 0 0 0 0 0 0 0 0 0 0 0 0 0 0 0 0 0 0 0 0 0 0 0 0 0 0 0 0 0
0 0 0 0 0 0 0 0 0 0 0 0 0 0 0 0 0 0 0 0 0 0 0 0 0 0 0 0 0 0
0 0 0 0 0 0 0 0 0 0 0 0 0 0 0 0 0 0 0 0 0 0 0 0 0 0 0 0 0 0
0 0 0 0 0 0 0 0 0 0 0 0 0 0 0 0 0 0 0 0 0 0 0 0 0 0 0 0 0 0
0 0 0 0 0 0 0 0 0 0 0 0 0 0 0 0 0 0 0 0 0 0 0 0 0 0 0 0 0 0
0 0 0 0 0 0 0 0 0 0 0 0 0 0 0 0 0 0 0 0 0 0 0 0 0 0 0 0 0 0
0 0 0 0 0 0 0 0 0 0 0 0 0 0 0 0 0 0 0 0 0 0 0 0 0 0 0 0 0 0
0 0 0 0 0 0 0 0 0 0 0 0 0 0 0 0 0 0 0 0 0 0 0 0 0 0 0 0 0 0
0 0 0 0 0 0 0 0 0 0 0 0 0 0 0 0 0 0 0 0 0 0 0 0 0 0 0 0 0 0
0 0 0 0 0 0 0 0 0 0 0 0 0 0 0 0 0 0 0 0 0 0 0 0 0 0 0 0 0 0
0 0 0 0 0 0 0 0 0 0 0 0 0 0 0 0 0 0 0 0 0 0 0 0 0 0 0 0 0 0
0 0 0 0 0 0 0 0 0 0 0 0 0 0 0 0 0 0 0 0 0 0 0 0 0 0 0 0 0 0
0 0 0 0 0 0 0 0 0 0 0 0 0 0 0 0 0 0 0 0 0 0 0 0 0 0 0 0 0 0
0 0 0 0 0 0 0 0 0 0 0 0 0 0 0 0 0 0 0 0 0 0 0 0 0 0 0 0 0 0
0 0 0 0 0 0 0 0 0 0 0 0 0 0 0 0 0 0 0 0 0 0 0 0 0 0 0 0 0 0
0 0 0 0 0 0 0 0 0 0 0 0 0 0 0 0 0 0 0 0 0 0 0 0 0 0 0 0 0 0
0 0 0 0 0 0 0 0 0 0 0 0 0 0 0 0 0 0 0 0 0 0 0 0 0 0 0 0 0 0
0 0 0 0 0 0 0 0 0 0 0 0 0 0 0 0 0 0 0 0 0 0 0 0 0 0 0 0 0 0
0 0 0 0 0 0 0 0 0 0 0 0 0 0 0 0 0 0 0 0 0 0 0 0 0 0 0 0 0 0
0 0 0 0 0 0 0 0 0 0 0 0 0 0 0 0 0 0 0 0 0 0 0 0 0 0 0 0 0 0
0 0 0 0 0 0 0 0 0 0 0 0 0 0 0 0 0 0 0 0 0 0 0 0 0 0 0 0 0 0
0 0 0 0 0 0 0 0 0 0 0 0 0 0 0 0 0 0 0 0 0 0 0 0 0 0 0 0 0 0
0 0 0 0 0 0 0 0 0 0 0 0 0 0 0 0 0 0 0 0 0 0 0 0 0 0 0 0 0 0
0 0 0 0 0 0 0 0 0 0 0 0 0 0 0 0 0 0 0 0 0 0 0 0 0 0 0 0 0 0
0 0 0 0 0 0 0 0 0 0 0 0 0 0 0 0 0 0 0 0 0 0 0 0 0 0 0 0 0 0
0 0 0 0 0 0 0 0 0 0 0 0 0 0 0 0 0 0 0 0 0 0 0 0 0 0 0 0 0 0
0 0 0 0 0 0 0 0 0 0 0 0 0 0 0 0 0 0 0 0 0 0 0 0 0 0 0 0 0 0
0 0 0 0 0 0 0 0 0 0 0 0 0 0 0 0 0 0 0 0 0 0 0 0 0 0 0 0 0 0
0 0 0 0 0 0 0 0 0 0 0 0 0 0 0 0 0 0 0 0 0 0 0 0 0 0 0 0 0 0
