50 50
3087 4096 5739 7989 6352 6999 299 4827 4462 1287 1865 5938 7571 3384 9261 4836 4238 1347 9527 861 8394 1931 174 5658 5587 8808 5309 9472 1527 6749 1137 6287 2645 7291 3803 4075 1402 1899 802 4821 3060 4450 4464 6926 2144 8734 2142 7651 752 822
0 4 5 2 10 6 10 10 8 4 5 9 9 6 7 2 1 0 4 8 9 0 4 7 8 0 1 6 0 2 5 0 10 3 9 2 2 8 10 2 5 3 8 10 1 10 5 1 5 8
4 3 6 6 0 2 8 8 9 9 3 7 0 2 7 5 4 1 4 7 10 3 10 2 8 3 2 4 6 9 10 7 10 7 7 6 10 0 5 8 8 0 10 7 10 10 3 5 2 8
4 3 9 5 2 9 1 10 6 9 3 10 4 4 3 1 3 0 3 6 6 6 2 2 10 9 4 2 3 3 9 6 3 4 7 8 10 5 2 5 4 8 7 6 9 4 0 6 9 10
4 6 5 9 5 6 4 1 7 4 5 1 5 4 3 4 0 2 3 6 9 3 0 5 8 3 0 10 6 10 5 1 0 8 9 10 2 8 10 3 6 8 0 10 3 10 2 8 9 9
0 1 9 1 9 6 4 2 5 10 0 8 9 6 7 1 6 8 5 2 8 2 0 9 0 1 10 1 2 3 10 9 10 2 4 1 8 8 7 10 10 4 5 8 10 2 1 10 9 1
1 0 10 10 8 10 9 5 6 9 8 3 9 8 7 10 10 0 10 4 6 10 1 7 1 10 2 3 2 4 3 0 5 6 2 1 4 0 10 1 5 2 6 6 0 4 2 10 1 5
1 10 1 10 3 9 6 10 3 10 5 1 3 3 2 6 10 2 1 6 0 7 1 2 4 9 9 0 4 0 8 1 0 6 3 2 5 10 4 7 5 0 7 4 5 5 7 2 1 3
0 4 10 4 5 4 8 7 3 3 8 1 0 3 5 8 7 6 6 1 2 3 10 0 8 7 2 1 2 6 8 8 3 9 8 6 1 6 6 1 4 10 5 8 4 5 0 10 8 5
1 2 0 1 8 7 4 6 6 6 7 2 2 6 1 9 2 0 7 0 5 2 1 8 7 10 9 3 3 6 9 8 7 1 7 4 1 10 6 5 2 5 8 4 9 5 0 7 9 7
2 6 3 6 1 9 10 10 6 10 2 4 10 0 4 8 4 5 3 2 4 2 7 7 4 10 0 0 0 8 5 10 7 5 8 8 7 4 5 9 6 8 0 7 1 2 9 2 7 9
4 8 5 0 8 10 0 8 8 9 3 4 4 10 10 0 5 9 1 0 10 7 1 2 8 4 5 6 0 1 5 8 3 4 8 6 10 3 1 8 9 7 8 0 3 0 9 4 3 0
1 3 2 4 4 9 5 9 0 0 6 4 4 8 4 0 7 8 6 1 10 10 6 2 6 5 4 2 6 1 3 2 2 0 0 9 6 3 9 10 0 1 0 5 0 7 2 9 3 0
0 1 8 4 5 8 4 8 9 1 0 10 10 4 5 3 1 1 3 1 8 1 4 4 6 10 2 3 5 4 0 8 8 4 2 1 1 3 7 4 10 4 10 9 3 4 8 10 10 6
5 3 2 3 3 5 7 2 5 6 8 5 6 1 8 10 7 10 4 3 9 2 10 8 3 6 0 4 4 6 4 4 8 0 4 2 7 8 3 6 2 5 4 4 7 7 7 2 3 10
4 2 4 9 5 9 0 9 9 5 1 8 1 1 5 9 9 3 4 9 1 5 1 3 3 9 10 3 10 6 2 0 3 2 3 3 3 1 1 7 8 0 0 3 1 6 10 3 8 1
5 8 3 1 4 3 8 3 5 7 2 4 3 4 8 4 2 9 6 4 7 7 3 10 10 2 10 5 6 0 9 4 0 9 9 8 9 1 8 1 9 6 4 8 6 10 7 3 4 7
0 3 2 9 4 3 4 0 0 1 3 6 9 8 3 3 10 6 8 9 7 3 5 6 4 5 10 1 8 10 8 6 0 4 4 3 9 7 1 0 10 3 9 0 6 1 2 9 4 3
1 8 3 7 9 1 1 8 10 1 4 3 7 6 0 3 0 9 2 3 2 4 7 4 4 3 1 2 6 2 4 4 0 4 3 6 5 3 1 8 6 0 1 9 10 4 1 2 8 3
10 6 3 6 3 5 8 3 2 5 0 1 8 5 2 2 5 1 5 3 10 7 10 3 10 3 0 8 7 6 2 6 0 8 8 7 5 10 3 2 0 9 7 0 5 0 5 4 1 8
8 4 9 4 3 9 7 9 5 3 6 6 2 4 7 8 2 1 0 9 4 6 0 1 3 3 6 4 0 0 5 5 2 1 7 1 5 1 2 1 10 10 10 5 5 4 1 4 4 7
0 7 4 2 5 9 6 4 5 7 6 10 6 3 2 0 1 0 3 3 7 6 10 9 3 5 0 8 5 8 8 8 0 6 8 5 2 5 3 4 5 7 1 1 5 4 4 9 8 3
2 6 0 5 10 2 4 4 7 4 7 6 1 8 10 3 7 9 2 4 10 3 1 10 2 3 5 9 8 5 5 5 8 0 5 0 9 0 0 5 4 9 5 10 5 7 8 9 5 3
6 6 8 0 8 8 6 7 1 10 4 0 7 0 10 6 8 3 5 3 8 3 1 1 2 1 3 8 6 6 0 3 4 0 9 3 2 9 6 4 0 6 8 4 7 0 4 6 9 3
3 8 1 1 1 4 6 9 7 5 5 1 2 10 7 4 5 9 10 6 6 7 0 8 0 2 9 7 5 5 6 1 8 0 3 9 2 5 10 8 8 6 1 5 2 5 9 8 2 8
3 1 2 2 4 4 4 9 3 0 2 3 5 6 2 4 0 8 7 3 4 9 6 6 3 4 4 9 6 6 10 10 4 2 1 1 9 5 10 10 4 1 3 10 4 0 6 9 8 0
8 3 1 1 9 9 2 5 1 9 9 5 8 4 1 3 8 3 0 2 3 10 8 0 10 4 1 9 9 4 0 5 9 9 2 1 3 0 10 4 2 6 2 1 4 3 6 4 4 8
9 5 7 0 9 7 7 9 3 5 2 0 6 2 8 7 1 10 9 9 10 4 3 9 5 4 3 5 6 9 9 7 5 4 6 10 8 3 8 8 5 10 10 3 4 6 7 8 8 0
7 6 9 10 7 2 10 2 7 9 0 1 9 9 9 8 1 8 0 10 3 4 4 10 8 4 3 4 8 10 9 10 10 5 8 9 8 5 10 3 8 5 0 2 6 0 6 5 1 0
10 7 3 3 7 7 8 3 8 1 2 7 10 0 1 10 9 5 8 3 8 8 2 9 5 5 7 1 7 10 0 9 0 4 3 2 6 6 9 4 10 5 2 7 8 3 6 3 7 3
2 1 10 10 0 2 5 8 2 10 8 9 5 7 0 7 8 10 6 8 7 10 6 1 2 6 10 2 6 7 7 10 6 10 0 7 4 7 9 1 4 8 6 10 2 3 0 9 10 9
6 2 6 3 4 9 3 10 6 5 7 6 4 6 4 8 2 4 0 9 10 0 10 5 10 0 10 7 1 5 4 8 0 3 3 6 8 8 3 3 8 1 10 2 7 0 5 4 3 8
7 0 5 5 3 6 4 7 10 2 2 9 6 3 8 0 4 3 3 0 5 6 0 4 8 1 9 10 6 3 0 8 6 6 4 5 2 9 5 7 9 5 6 8 8 5 5 2 5 5
3 8 5 10 3 9 7 4 1 5 6 2 6 3 10 2 8 7 3 10 6 3 5 9 9 3 3 10 9 0 7 4 6 4 5 4 6 3 10 8 8 4 3 6 7 2 0 10 1 4
1 0 10 0 8 6 3 1 10 6 0 3 9 1 7 6 9 7 4 8 7 10 4 1 9 2 5 5 4 8 3 0 8 7 8 7 5 3 1 7 4 9 1 6 1 6 5 10 1 8
4 10 1 6 0 7 0 6 3 8 9 0 0 1 9 2 1 3 5 6 4 9 4 2 0 0 0 10 5 10 3 5 5 9 7 1 4 7 6 5 6 4 5 1 8 10 0 4 8 8
10 0 3 1 8 6 6 10 10 5 4 10 4 10 4 8 9 10 0 1 3 0 5 4 5 6 0 9 9 5 7 4 2 7 0 7 10 8 8 0 9 1 9 6 2 7 4 8 4 4
2 6 0 10 2 7 10 6 7 7 10 5 8 0 10 5 7 1 10 0 1 5 4 1 2 6 10 3 9 4 0 7 5 10 4 1 7 0 3 1 3 3 6 5 5 2 3 3 6 2
2 3 0 9 1 7 8 5 10 5 6 7 5 10 1 8 9 4 4 7 1 5 6 1 0 2 5 7 7 10 7 10 10 1 8 2 6 0 9 2 3 7 4 5 5 1 1 8 7 1
10 5 3 0 6 7 8 2 2 0 9 0 1 3 8 6 3 8 6 0 8 10 9 4 8 10 3 5 10 1 9 4 3 5 9 8 2 3 6 5 3 9 3 8 9 9 7 5 7 2
5 9 5 1 7 4 0 10 0 1 6 7 1 8 9 9 7 2 8 10 1 4 3 2 9 1 2 2 6 9 6 4 3 2 5 10 9 9 2 9 8 10 6 3 8 4 9 7 3 5
7 9 4 7 6 7 10 3 5 6 9 9 0 10 0 3 3 4 2 4 8 3 9 3 10 10 1 5 4 4 7 1 8 7 6 10 3 8 3 9 6 9 9 0 9 2 6 1 0 1
4 8 7 6 1 9 0 8 8 6 9 0 1 2 8 6 10 8 4 7 4 1 9 6 5 10 5 2 3 2 2 0 3 6 10 7 2 9 9 5 9 2 0 8 4 3 3 4 10 7
8 10 7 3 5 5 6 2 4 2 2 0 2 3 10 5 6 8 0 1 6 6 10 5 5 4 9 6 6 9 8 9 8 9 7 10 10 9 2 10 7 6 10 8 6 6 5 5 0 2
3 3 6 6 8 5 10 5 3 2 2 7 6 5 5 8 8 0 4 10 5 7 7 9 6 8 0 1 8 4 0 7 5 0 9 7 0 8 10 4 8 1 8 7 10 7 2 3 6 10
4 8 2 0 6 5 5 0 9 0 2 8 8 2 9 6 3 1 9 1 7 8 9 10 2 6 6 8 4 1 7 7 3 10 4 10 2 0 3 9 3 2 0 2 8 3 2 8 6 2
3 2 4 9 2 6 4 4 6 10 3 5 3 3 2 10 8 8 7 6 10 3 3 1 8 0 8 6 8 6 6 9 1 8 10 0 5 8 0 4 0 5 2 6 6 5 9 9 3 7
5 9 10 9 5 8 8 1 7 3 0 1 10 7 3 8 9 8 5 9 5 0 4 0 1 8 10 3 7 2 10 2 3 1 2 10 0 0 10 5 9 3 4 2 2 1 4 2 5 0
3 1 8 0 0 6 8 6 4 4 1 4 3 9 3 1 4 10 8 3 3 6 10 6 3 8 9 2 2 1 6 3 8 0 10 2 0 3 4 1 0 0 5 5 7 4 8 10 0 8
0 4 9 7 8 8 2 2 3 7 4 2 0 9 9 9 3 2 3 5 4 2 6 5 9 5 0 5 9 4 4 6 8 1 1 7 1 7 7 10 4 7 8 7 2 8 3 10 4 5
3 1 8 3 9 5 4 10 3 5 8 0 2 3 2 7 7 4 4 9 7 0 10 5 6 0 6 3 5 4 8 8 3 0 6 7 4 5 6 8 3 6 6 4 5 9 4 5 3 3
0 19 7 17 26 1 49 32 22 28 25 20 17 18 11 22 4 39 15 44 28 26 37 42 49 31 39 9 17 44 36 43 1 49 24 33 40 29 7 7 17 41 0 38 33 11 18 46 20 14
19 0 36 18 16 28 42 10 38 18 4 19 2 32 30 7 31 0 31 28 27 36 37 13 41 22 17 27 32 50 36 40 15 49 8 50 15 23 16 1 49 29 8 2 8 21 39 33 10 50
7 36 0 20 31 14 32 9 42 29 45 3 17 41 25 35 12 11 20 14 25 23 22 32 41 33 19 6 22 31 6 48 9 26 48 17 17 31 6 10 49 32 20 29 26 44 42 45 24 29
17 18 20 0 40 13 30 0 18 18 31 38 9 19 41 23 12 17 46 46 36 19 34 29 23 34 22 46 30 47 4 23 14 0 37 31 41 3 10 35 4 15 27 26 15 17 27 4 45 18
26 16 31 40 0 18 2 8 42 11 36 31 1 6 14 36 1 43 42 22 1 29 15 6 14 27 34 3 15 36 6 26 44 30 44 0 21 25 1 8 39 43 14 26 50 14 42 49 44 47
1 28 14 13 18 0 16 30 5 28 24 4 31 2 1 41 37 9 36 37 49 13 18 31 48 16 7 5 44 6 16 45 50 10 3 31 38 36 0 46 16 21 18 34 37 27 43 43 17 50
49 42 32 30 2 16 0 25 27 38 26 40 1 12 32 20 17 16 37 21 10 25 36 22 46 23 5 8 11 15 4 23 27 41 46 49 19 22 26 17 43 47 45 8 50 27 23 6 33 2
32 10 9 0 8 30 25 0 8 47 45 14 9 5 25 28 17 16 34 46 13 40 48 21 40 23 34 19 29 38 7 30 44 50 39 44 40 35 32 46 28 22 48 43 42 38 25 40 1 32
22 38 42 18 42 5 27 8 0 33 35 39 1 2 37 31 2 0 11 28 24 35 20 12 10 47 7 4 31 31 28 21 8 46 30 5 49 21 1 24 50 46 33 25 46 6 9 31 18 25
28 18 29 18 11 28 38 47 33 0 45 47 41 45 13 39 27 49 0 22 36 46 9 14 5 5 47 44 12 18 19 50 23 46 14 42 27 6 34 15 34 46 30 31 31 6 25 25 27 17
25 4 45 31 36 24 26 45 35 45 0 20 40 39 40 24 41 34 15 20 42 16 38 42 47 4 36 48 31 21 11 8 23 50 35 0 19 32 40 40 38 46 26 0 14 21 14 35 26 7
20 19 3 38 31 4 40 14 39 47 20 0 16 48 40 40 11 6 38 35 47 37 25 32 33 18 6 28 15 16 13 16 50 16 31 23 41 48 18 23 43 26 47 22 32 29 41 20 11 18
17 2 17 9 1 31 1 9 1 41 40 16 0 32 38 16 4 30 48 0 39 6 36 38 21 26 11 50 43 30 9 23 26 7 12 34 29 11 29 24 3 47 23 49 27 19 14 31 5 32
18 32 41 19 6 2 12 5 2 45 39 48 32 0 30 7 28 38 25 31 48 3 4 7 13 9 9 45 47 15 44 1 11 2 27 43 38 42 36 32 20 44 17 27 33 13 41 17 41 27
11 30 25 41 14 1 32 25 37 13 40 40 38 30 0 39 2 32 37 46 46 33 25 21 29 45 2 19 7 15 19 10 35 0 46 46 23 17 5 9 49 7 38 8 23 12 22 19 44 3
22 7 35 23 36 41 20 28 31 39 24 40 16 7 39 0 23 48 23 43 49 38 12 45 12 19 46 41 25 40 21 12 30 36 49 37 12 7 18 15 16 1 5 27 2 30 6 40 6 13
4 31 12 12 1 37 17 17 2 27 41 11 4 28 2 23 0 0 12 29 31 12 22 12 16 15 14 44 18 46 41 7 41 39 4 9 40 43 16 17 21 47 41 38 33 43 25 25 9 35
39 0 11 17 43 9 16 16 0 49 34 6 30 38 32 48 0 0 12 34 37 25 8 36 9 29 7 3 47 49 21 14 11 24 39 14 27 22 13 46 23 48 24 49 42 6 14 34 33 39
15 31 20 46 42 36 37 34 11 0 15 38 48 25 37 23 12 12 0 45 39 16 13 7 19 3 49 24 46 23 1 44 35 12 3 47 50 18 33 22 29 5 42 2 45 1 3 44 38 40
44 28 14 46 22 37 21 46 28 22 20 35 0 31 46 43 29 34 45 0 22 23 10 32 29 13 49 9 26 39 6 38 31 20 9 21 0 25 6 22 44 24 22 32 0 49 10 21 11 7
28 27 25 36 1 49 10 13 24 36 42 47 39 48 46 49 31 37 39 22 0 9 24 5 39 31 32 14 24 23 36 5 10 14 42 35 45 38 48 48 25 17 13 9 21 1 26 39 45 15
26 36 23 19 29 13 25 40 35 46 16 37 6 3 33 38 12 25 16 23 9 0 38 26 9 44 16 29 12 36 36 22 42 18 2 34 24 25 11 47 42 5 5 41 23 16 23 19 9 37
37 37 22 34 15 18 36 48 20 9 38 25 36 4 25 12 22 8 13 10 24 38 0 13 14 45 40 41 29 9 11 47 23 36 39 26 46 33 21 37 42 19 15 31 24 37 0 28 5 16
42 13 32 29 6 31 22 21 12 14 42 32 38 7 21 45 12 36 7 32 5 26 13 0 46 46 37 1 18 13 23 4 44 23 13 36 25 11 16 49 29 44 44 3 9 2 18 8 21 46
49 41 41 23 14 48 46 40 10 5 47 33 21 13 29 12 16 9 19 29 39 9 14 46 0 13 18 20 1 9 43 3 18 11 50 40 18 44 18 1 33 29 50 19 23 47 29 24 19 33
31 22 33 34 27 16 23 23 47 5 4 18 26 9 45 19 15 29 3 13 31 44 45 46 13 0 45 12 13 5 20 10 29 36 26 10 49 17 50 45 19 3 28 47 19 23 35 39 4 26
39 17 19 22 34 7 5 34 7 47 36 6 11 9 2 46 14 7 49 49 32 16 40 37 18 45 0 38 20 19 16 36 18 15 10 3 38 45 11 5 42 13 37 36 25 14 27 43 9 47
9 27 6 46 3 5 8 19 4 44 48 28 50 45 19 41 44 3 24 9 14 29 41 1 20 12 38 0 30 32 24 5 14 23 7 47 10 17 25 23 39 40 12 20 41 6 23 1 49 42
17 32 22 30 15 44 11 29 31 12 31 15 43 47 7 25 18 47 46 26 24 12 29 18 1 13 20 30 0 46 16 15 20 47 0 25 7 4 28 8 1 16 41 22 23 41 39 45 28 38
44 50 31 47 36 6 15 38 31 18 21 16 30 15 15 40 46 49 23 39 23 36 9 13 9 5 19 32 46 0 8 42 13 6 38 46 27 22 6 23 0 10 38 23 21 25 25 0 20 0
36 36 6 4 6 16 4 7 28 19 11 13 9 44 19 21 41 21 1 6 36 36 11 23 43 20 16 24 16 8 0 35 37 26 8 37 48 46 20 26 33 30 26 28 28 22 45 1 33 7
43 40 48 23 26 45 23 30 21 50 8 16 23 1 10 12 7 14 44 38 5 22 47 4 3 10 36 5 15 42 35 0 31 42 10 21 47 25 21 47 48 41 17 10 10 21 18 34 13 26
1 15 9 14 44 50 27 44 8 23 23 50 26 11 35 30 41 11 35 31 10 42 23 44 18 29 18 14 20 13 37 31 0 50 32 34 32 44 16 9 20 23 5 31 31 50 29 7 48 0
49 49 26 0 30 10 41 50 46 46 50 16 7 2 0 36 39 24 12 20 14 18 36 23 11 36 15 23 47 6 26 42 50 0 8 26 1 16 20 0 25 46 32 50 43 39 43 23 9 14
24 8 48 37 44 3 46 39 30 14 35 31 12 27 46 49 4 39 3 9 42 2 39 13 50 26 10 7 0 38 8 10 32 8 0 28 3 27 8 21 29 13 2 34 18 10 49 40 27 21
33 50 17 31 0 31 49 44 5 42 0 23 34 43 46 37 9 14 47 21 35 34 26 36 40 10 3 47 25 46 37 21 34 26 28 0 2 7 7 37 39 4 49 7 19 5 35 14 29 14
40 15 17 41 21 38 19 40 49 27 19 41 29 38 23 12 40 27 50 0 45 24 46 25 18 49 38 10 7 27 48 47 32 1 3 2 0 48 10 35 25 5 7 42 41 20 47 17 25 48
29 23 31 3 25 36 22 35 21 6 32 48 11 42 17 7 43 22 18 25 38 25 33 11 44 17 45 17 4 22 46 25 44 16 27 7 48 0 3 17 32 38 48 9 10 9 18 34 47 29
7 16 6 10 1 0 26 32 1 34 40 18 29 36 5 18 16 13 33 6 48 11 21 16 18 50 11 25 28 6 20 21 16 20 8 7 10 3 0 38 44 31 2 45 0 29 46 13 37 50
7 1 10 35 8 46 17 46 24 15 40 23 24 32 9 15 17 46 22 22 48 47 37 49 1 45 5 23 8 23 26 47 9 0 21 37 35 17 38 0 25 19 49 39 19 34 1 5 20 26
17 49 49 4 39 16 43 28 50 34 38 43 3 20 49 16 21 23 29 44 25 42 42 29 33 19 42 39 1 0 33 48 20 25 29 39 25 32 44 25 0 36 31 42 15 38 26 27 36 41
41 29 32 15 43 21 47 22 46 46 46 26 47 44 7 1 47 48 5 24 17 5 19 44 29 3 13 40 16 10 30 41 23 46 13 4 5 38 31 19 36 0 14 37 38 50 13 41 39 16
0 8 20 27 14 18 45 48 33 30 26 47 23 17 38 5 41 24 42 22 13 5 15 44 50 28 37 12 41 38 26 17 5 32 2 49 7 48 2 49 31 14 0 45 16 46 8 18 48 20
38 2 29 26 26 34 8 43 25 31 0 22 49 27 8 27 38 49 2 32 9 41 31 3 19 47 36 20 22 23 28 10 31 50 34 7 42 9 45 39 42 37 45 0 5 3 35 46 48 42
33 8 26 15 50 37 50 42 46 31 14 32 27 33 23 2 33 42 45 0 21 23 24 9 23 19 25 41 23 21 28 10 31 43 18 19 41 10 0 19 15 38 16 5 0 3 20 9 29 24
11 21 44 17 14 27 27 38 6 6 21 29 19 13 12 30 43 6 1 49 1 16 37 2 47 23 14 6 41 25 22 21 50 39 10 5 20 9 29 34 38 50 46 3 3 0 38 10 29 7
18 39 42 27 42 43 23 25 9 25 14 41 14 41 22 6 25 14 3 10 26 23 0 18 29 35 27 23 39 25 45 18 29 43 49 35 47 18 46 1 26 13 8 35 20 38 0 38 37 16
46 33 45 4 49 43 6 40 31 25 35 20 31 17 19 40 25 34 44 21 39 19 28 8 24 39 43 1 45 0 1 34 7 23 40 14 17 34 13 5 27 41 18 46 9 10 38 0 0 23
20 10 24 45 44 17 33 1 18 27 26 11 5 41 44 6 9 33 38 11 45 9 5 21 19 4 9 49 28 20 33 13 48 9 27 29 25 47 37 20 36 39 48 48 29 29 37 0 0 36
14 50 29 18 47 50 2 32 25 17 7 18 32 27 3 13 35 39 40 7 15 37 16 46 33 26 47 42 38 0 7 26 0 14 21 14 48 29 50 26 41 16 20 42 24 7 16 23 36 0
