70 70
867836 948417 796400 181920 344849 425466 737179 915583 951703 843771 233075 851651 965729 555920 304281 957107 66517 928903 50188 23325 878404 24849 4809 509833 296694 313569 687962 684346 886194 982269 100584 137158 552552 155820 111676 866122 757965 129025 550399 157072 795414 232455 943479 497895 988089 482187 610080 496645 949115 790063 119569 610393 874078 930530 60998 365778 46483 588632 104539 797507 546061 629495 357068 824880 464513 379572 995293 332989 604796 619866
6 6 2 9 8 2 5 2 4 4 3 9 10 9 2 2 2 4 10 1 2 4 1 0 5 10 3 0 0 1 6 4 7 9 9 0 8 7 1 9 1 2 3 9 9 3 3 10 2 7 0 9 3 0 5 7 3 6 0 7 1 8 3 6 8 10 4 2 7 6
10 1 6 1 7 1 8 8 7 3 0 5 6 3 7 1 10 4 5 4 5 4 4 9 5 1 9 0 10 1 7 0 5 0 3 4 8 3 0 7 1 0 6 5 7 1 5 10 1 5 10 1 0 8 2 6 3 8 7 7 2 6 7 10 4 0 5 3 8 3
7 6 4 8 2 7 6 9 5 5 0 4 6 10 3 5 0 3 9 5 4 7 4 4 8 7 6 4 0 8 2 3 4 9 5 7 7 6 3 0 4 1 2 10 1 4 8 0 9 7 6 0 3 2 3 8 2 1 1 0 2 0 0 8 3 4 3 4 9 0
9 7 6 3 8 7 6 6 10 6 4 0 4 3 2 3 7 8 1 2 2 8 3 7 0 2 6 0 0 4 6 6 3 7 0 4 8 8 10 10 8 2 8 6 7 10 8 9 0 5 4 6 3 2 2 3 6 0 0 9 5 6 0 3 4 8 2 4 0 0
3 4 0 10 5 7 9 7 7 6 3 4 7 8 0 9 10 10 6 6 5 10 4 9 9 3 5 7 6 0 3 1 3 5 4 4 6 4 3 5 7 0 4 2 2 6 7 9 2 0 2 2 9 0 4 5 4 10 8 1 4 2 2 6 2 6 10 0 9 7
1 7 2 5 1 7 8 0 7 8 8 6 0 2 0 6 1 9 9 4 10 6 2 4 0 10 7 9 9 5 7 2 2 5 8 1 10 10 2 5 9 1 1 8 3 1 5 9 1 7 3 10 10 2 2 0 2 9 2 10 2 7 0 1 2 0 1 6 1 6
5 3 1 8 8 1 7 4 2 7 10 2 5 3 5 10 2 9 5 7 4 7 0 6 0 6 6 1 1 1 9 1 1 6 9 4 2 10 5 4 3 0 5 2 10 9 6 0 8 0 2 6 1 5 3 2 7 10 3 8 4 1 9 9 3 8 9 0 5 8
9 5 1 7 7 10 4 7 3 2 7 3 7 8 2 10 8 10 6 4 7 7 3 8 9 1 4 2 2 2 8 7 0 2 8 4 2 4 3 5 1 3 6 7 7 6 10 1 1 10 9 5 0 3 8 1 5 4 6 0 5 0 5 9 1 6 9 10 6 5
2 10 7 8 0 3 7 3 1 3 2 3 10 10 7 5 2 9 3 10 10 10 3 2 3 8 10 4 3 5 3 10 9 7 10 9 3 9 5 1 6 2 3 2 7 0 1 7 1 5 6 4 7 0 1 6 7 2 8 1 10 9 8 6 1 9 6 10 3 10
9 1 1 2 3 1 6 3 1 9 8 0 8 4 5 4 5 5 1 2 6 0 4 7 5 7 10 8 9 8 10 9 7 1 8 7 10 6 1 6 8 6 6 10 9 4 2 5 6 6 0 7 3 0 5 6 5 6 0 10 9 5 9 1 7 3 7 8 3 1
5 8 3 2 8 7 4 4 0 5 2 5 0 10 0 4 6 0 6 6 1 8 4 1 8 0 1 3 5 7 6 5 4 0 10 0 4 0 10 1 7 10 6 5 1 1 8 4 6 0 10 5 4 0 1 2 2 6 8 1 6 5 0 10 6 7 0 5 5 6
0 5 6 8 9 6 9 6 1 4 8 7 9 9 8 8 1 9 5 2 2 2 2 10 5 7 5 9 1 4 10 3 0 10 6 2 1 5 8 7 8 7 2 9 0 0 9 3 9 8 2 6 8 6 3 9 5 1 5 4 7 5 4 8 6 1 3 4 4 2
8 1 2 0 8 6 8 0 7 7 3 4 3 9 9 5 3 7 0 7 5 4 7 3 7 8 4 5 4 8 10 2 9 6 2 5 9 7 10 3 7 4 5 10 5 10 10 5 4 3 4 1 4 1 0 4 6 1 9 5 8 8 2 8 2 3 7 6 7 5
0 7 6 3 7 0 6 8 1 2 10 8 1 0 6 5 7 3 4 0 1 3 2 8 5 0 5 2 2 10 5 6 7 9 10 9 0 9 8 10 9 8 10 3 2 3 8 3 0 0 1 10 4 4 8 8 3 4 4 6 5 6 4 3 0 7 6 1 2 7
2 7 2 7 9 0 0 10 6 6 6 5 2 2 6 6 10 6 2 4 5 0 7 1 10 1 6 5 6 2 2 1 10 8 4 8 9 0 8 9 2 5 10 4 7 7 10 6 7 3 6 6 2 2 1 7 9 5 1 7 0 8 9 0 8 0 4 7 0 9
9 5 6 6 7 5 4 2 2 9 1 4 10 2 8 3 7 5 8 4 7 2 9 3 2 8 6 7 2 2 5 0 10 0 10 4 2 10 2 7 4 7 10 5 0 3 7 5 0 1 7 6 2 1 5 6 5 3 3 8 8 0 8 3 7 2 9 1 4 7
2 6 5 6 0 7 6 10 4 2 10 0 7 5 6 10 2 6 0 8 3 3 8 1 10 3 4 3 0 4 10 4 1 7 9 2 8 4 3 2 7 7 1 4 1 4 0 8 4 10 6 4 9 0 5 1 5 1 2 9 5 5 1 5 2 2 2 6 4 8
3 4 3 9 2 7 3 7 9 2 3 9 10 10 0 10 6 8 2 0 9 3 9 3 7 8 2 2 5 0 7 3 3 7 7 8 3 4 8 6 3 9 9 1 10 7 5 9 2 6 2 3 1 5 7 4 1 1 4 5 9 10 10 7 9 8 8 9 8 6
1 10 9 3 9 8 7 0 8 1 8 10 8 0 8 0 9 1 1 0 5 10 1 9 5 7 3 1 10 9 2 5 7 1 0 2 5 4 6 7 8 2 8 7 9 5 5 8 4 8 7 0 5 8 6 10 4 0 10 9 5 1 1 10 2 5 6 8 0 4
0 6 3 9 6 5 1 4 9 5 10 0 1 7 2 6 8 10 0 10 3 7 6 5 8 9 4 10 5 0 9 10 10 3 2 8 9 10 4 9 10 5 0 5 1 9 9 2 4 9 1 10 6 2 8 0 8 1 0 4 1 3 3 8 7 5 1 1 6 7
8 5 1 10 6 10 2 1 9 0 3 10 6 5 1 4 9 7 5 1 6 2 3 8 7 0 2 9 2 4 9 9 7 2 10 6 2 1 5 5 9 7 8 10 10 4 0 7 5 6 7 7 1 6 8 2 0 4 1 10 0 4 5 2 6 7 7 1 0 8
1 0 8 8 2 6 6 1 9 0 1 10 8 3 7 0 8 5 5 8 6 0 3 1 1 10 9 10 2 6 9 6 3 8 0 7 2 5 9 6 3 9 4 6 5 5 9 1 3 10 7 4 6 0 0 9 3 9 0 6 7 5 5 1 0 3 2 1 7 6
8 4 8 2 1 5 0 1 3 7 2 10 6 10 8 10 4 9 4 1 5 4 3 5 7 7 6 8 10 5 7 10 8 6 3 7 0 2 10 2 7 2 7 3 0 1 4 8 0 2 7 7 3 1 2 7 3 9 5 8 7 6 3 10 4 7 5 10 6 3
6 9 5 1 9 7 0 2 3 8 0 8 9 7 2 7 0 7 6 7 9 5 3 7 3 1 6 8 2 5 0 1 7 0 1 7 7 3 9 8 3 9 5 10 4 3 5 4 4 5 2 3 4 10 4 7 6 0 7 0 4 1 10 0 5 0 8 6 3 1
10 7 10 3 7 0 3 2 8 0 1 4 2 0 4 9 5 1 7 8 1 2 8 1 10 2 10 6 5 2 2 10 8 4 8 6 3 10 1 9 8 5 10 4 6 7 3 7 9 5 2 1 1 5 2 1 2 9 2 1 9 4 7 6 3 8 0 4 7 0
4 4 1 9 3 3 10 4 9 9 10 1 4 9 10 10 8 9 3 4 6 10 0 10 3 1 10 6 8 4 4 2 3 6 7 3 8 6 3 1 10 5 3 7 7 9 7 3 6 2 0 2 7 2 2 2 2 0 10 0 0 5 8 6 2 9 2 5 5 6
7 10 8 8 6 0 9 5 10 9 5 8 7 5 5 5 6 10 10 4 1 6 3 7 0 10 4 8 1 2 9 8 0 4 3 6 5 8 0 6 5 0 7 1 4 4 1 7 6 7 1 6 0 7 9 1 8 5 5 3 2 8 3 9 2 6 2 10 4 8
2 3 9 8 9 1 10 10 1 4 2 2 6 0 7 7 7 4 4 4 8 7 3 9 4 4 1 1 5 6 2 3 9 0 8 6 10 10 6 7 1 7 0 3 6 3 1 10 10 6 5 0 10 9 3 9 10 0 1 2 8 9 2 0 6 6 0 7 8 7
6 5 5 0 8 5 10 7 8 1 9 2 6 4 0 9 0 8 8 0 1 2 4 9 0 0 8 0 2 10 5 6 0 4 8 1 2 5 10 10 8 1 8 6 7 5 5 7 5 0 0 10 2 6 5 1 5 10 5 8 9 5 9 9 8 4 5 10 1 7
8 9 1 0 3 7 1 5 0 3 2 2 1 0 0 3 6 6 10 10 10 9 7 3 3 8 4 8 5 0 6 4 4 0 8 7 5 8 3 8 1 4 8 7 8 5 7 3 0 2 4 1 2 1 5 2 2 5 7 1 3 9 2 9 6 10 10 6 5 1
4 8 10 0 6 6 2 9 1 0 9 0 4 6 8 3 10 5 9 3 6 9 1 0 9 4 8 9 8 2 7 10 2 3 1 4 5 3 7 0 1 7 0 1 7 1 1 3 10 9 7 6 3 1 10 6 9 1 4 2 4 3 10 10 9 0 4 1 7 5
4 0 9 4 5 2 8 10 8 8 0 10 1 1 10 2 1 4 8 4 5 0 5 8 1 9 8 0 7 9 7 4 5 8 1 4 5 8 9 3 4 9 2 5 4 3 9 3 5 1 2 6 10 8 7 8 6 5 10 0 7 10 9 7 7 4 0 5 6 9
1 8 6 4 2 0 8 2 8 10 6 6 6 6 1 5 4 3 4 4 4 7 0 0 2 1 2 8 9 4 4 10 3 0 8 5 0 2 1 10 10 2 9 3 8 3 9 3 9 1 10 10 5 2 1 1 9 4 4 8 2 4 3 8 7 0 4 4 4 10
9 6 5 9 9 4 10 8 2 3 10 4 6 3 5 9 1 8 6 5 2 4 2 3 2 2 9 2 4 8 9 5 1 0 9 2 10 4 5 3 7 7 1 4 10 10 1 1 8 2 4 1 2 1 3 10 0 1 8 3 3 1 6 10 10 8 5 6 9 9
8 7 0 2 7 2 3 9 3 10 0 1 5 9 9 7 7 2 6 7 9 3 7 0 7 0 10 1 1 7 3 5 4 10 5 2 5 6 9 9 3 8 1 10 10 1 0 0 5 1 3 0 8 7 10 7 6 5 5 2 4 6 9 5 1 1 5 10 7 9
1 4 5 10 6 5 3 0 0 0 2 6 6 5 4 1 7 9 4 8 0 2 2 4 7 10 7 3 4 6 1 6 7 4 7 5 2 7 0 6 10 2 3 10 7 6 6 7 8 1 8 10 7 10 0 3 2 4 10 2 3 3 4 4 9 6 2 3 1 10
5 8 6 9 1 0 2 2 7 3 5 0 5 5 7 4 2 2 2 2 10 9 10 2 4 0 1 9 0 3 7 10 5 1 9 6 5 6 7 5 10 3 0 7 10 6 7 7 4 8 4 2 0 5 9 9 4 3 4 4 10 6 0 6 3 9 0 6 2 7
6 4 6 2 5 8 4 1 2 2 10 4 0 0 5 1 0 3 3 8 6 1 1 1 9 10 4 7 6 1 5 3 1 9 9 10 5 9 7 8 10 5 1 6 8 9 8 3 7 0 4 6 3 3 9 2 8 2 1 4 3 0 9 2 8 10 10 5 4 7
7 6 7 2 6 2 3 10 5 0 9 5 0 9 1 0 4 8 8 2 7 1 7 1 8 10 8 7 0 8 1 6 9 2 6 9 10 10 9 5 10 1 9 4 5 7 6 0 5 4 2 2 1 2 6 4 4 0 6 8 4 3 10 3 8 5 5 8 9 3
1 10 10 9 2 3 5 2 9 5 9 8 8 1 4 8 10 4 6 8 7 4 6 5 7 5 7 0 2 4 8 2 8 9 5 1 4 1 7 8 8 9 3 5 4 0 6 1 1 0 6 5 7 8 9 5 4 4 3 6 10 0 7 8 7 7 2 7 1 8
8 9 5 1 0 9 0 2 7 4 3 8 5 1 3 2 6 4 9 1 9 4 3 8 8 6 3 9 2 9 2 0 9 5 9 10 9 5 8 8 9 1 7 1 7 8 7 9 2 4 5 7 10 10 6 3 8 7 4 1 6 10 7 10 5 7 1 3 2 10
10 0 5 8 2 0 3 10 10 1 9 1 6 3 1 7 1 3 7 7 6 6 5 1 10 10 8 6 7 9 1 8 10 3 8 0 7 8 4 1 0 3 10 5 6 5 2 5 5 8 5 6 5 5 8 8 3 0 8 9 8 6 9 4 4 6 6 6 2 10
2 10 3 10 10 2 9 9 9 2 6 0 0 8 3 1 10 7 6 0 9 6 3 6 4 10 0 3 10 3 9 7 2 8 7 1 1 2 7 4 4 9 8 6 5 2 9 4 8 7 0 7 0 8 5 2 4 5 6 2 1 0 5 3 3 9 2 0 4 8
2 0 10 5 5 0 9 6 9 5 2 2 2 4 7 2 4 10 1 4 4 9 3 1 4 1 9 8 1 5 1 7 8 4 9 0 10 10 9 2 2 7 1 4 3 6 7 7 0 3 8 6 6 9 10 0 3 10 7 0 8 6 6 6 7 7 10 0 2 6
10 5 9 0 3 7 0 0 0 3 6 4 3 8 2 4 10 9 4 8 0 6 1 10 6 0 10 0 0 8 1 0 3 9 10 0 0 10 7 4 5 0 2 3 9 10 3 3 8 3 3 5 4 6 3 5 8 8 0 9 10 0 10 0 9 4 7 10 3 4
9 3 8 3 2 1 2 2 1 4 5 4 3 1 6 1 3 7 2 8 0 7 3 6 10 1 10 4 0 1 5 7 2 5 0 5 7 5 7 3 4 1 1 6 9 7 4 2 10 7 6 9 9 4 7 9 10 5 6 9 10 7 2 4 1 10 9 0 0 9
1 1 0 4 3 6 8 0 8 8 1 4 2 9 6 7 2 3 6 10 10 2 6 6 6 8 0 5 0 1 3 7 9 6 0 1 3 3 4 7 9 1 5 2 6 1 0 7 10 9 5 2 5 3 9 7 6 3 8 9 6 4 10 9 6 4 10 10 10 3
7 0 9 5 10 1 10 4 4 8 5 8 3 2 10 1 4 4 9 0 1 0 8 8 6 7 3 2 6 7 1 6 5 3 6 4 7 10 0 9 5 4 0 9 1 1 1 9 8 7 10 6 2 1 2 4 9 0 10 3 7 4 5 4 9 7 5 10 0 0
1 5 3 0 3 1 3 3 0 2 9 7 4 2 5 8 4 5 3 4 1 3 0 8 10 5 8 9 0 1 2 1 9 3 8 7 10 3 0 1 7 10 4 1 9 8 0 1 10 8 1 10 8 2 0 3 5 9 4 10 10 5 1 3 8 3 7 4 1 6
4 8 8 5 0 2 4 7 1 2 6 3 3 8 1 6 5 4 4 6 1 8 0 10 0 2 6 0 1 5 5 9 4 0 10 8 5 0 4 5 7 6 4 6 9 9 3 6 7 1 10 2 9 8 7 1 5 0 10 8 7 9 3 1 2 4 1 8 2 4
2 5 8 1 10 1 3 10 2 0 9 2 10 10 0 3 3 0 8 0 7 0 2 2 0 8 1 6 6 7 0 5 8 7 7 6 0 0 3 8 1 10 4 6 7 0 4 7 3 10 1 0 0 7 6 7 6 0 6 4 1 1 5 2 5 1 3 2 6 2
0 4 1 8 8 4 3 10 6 1 3 2 8 10 9 3 7 9 0 0 10 3 9 5 0 5 2 7 10 8 9 9 3 0 6 2 3 6 1 5 9 3 10 10 7 8 8 10 10 0 0 7 0 3 4 8 4 10 9 1 0 9 8 4 6 6 6 3 0 9
6 2 5 9 3 6 5 6 3 3 1 10 5 0 10 7 7 8 4 3 3 10 8 4 6 7 3 5 3 0 7 4 10 0 3 4 7 1 7 0 3 2 5 10 1 8 7 7 10 7 10 9 9 5 10 4 0 6 10 9 10 10 4 9 8 3 8 5 10 8
5 6 3 10 7 8 0 10 9 7 4 2 3 4 6 7 5 6 10 7 1 5 9 9 7 10 5 9 5 5 3 10 6 0 6 2 5 6 10 3 10 0 10 4 5 0 2 2 1 3 5 1 5 8 4 8 5 6 0 8 4 4 7 5 3 3 3 3 9 7
10 9 4 4 4 5 5 7 5 8 9 5 6 0 7 3 4 2 2 0 1 9 9 1 5 8 7 2 8 5 2 5 6 3 10 9 9 6 0 7 5 3 0 3 1 1 8 9 7 1 10 1 9 10 3 8 2 3 0 3 10 2 8 10 9 8 10 7 4 0
8 6 2 10 6 2 2 3 3 0 5 9 6 8 8 5 2 5 4 6 6 2 9 2 4 4 9 9 0 9 2 2 1 5 4 5 9 0 1 8 5 10 10 6 1 7 2 0 5 9 8 7 6 8 2 6 9 10 3 1 1 9 1 2 5 8 6 2 2 10
0 6 9 8 2 9 9 3 9 9 1 5 6 2 10 9 4 2 7 2 7 3 3 4 0 3 10 1 9 4 5 0 0 3 2 0 0 4 5 7 6 5 2 0 8 3 8 2 1 0 10 5 4 3 1 2 10 7 6 5 7 3 0 1 9 9 9 1 1 0
6 9 5 10 9 0 0 10 6 9 6 1 9 10 7 9 2 10 7 1 8 2 0 8 0 9 4 10 3 10 4 5 10 0 10 8 0 2 9 5 3 6 6 0 5 8 7 6 8 2 9 10 8 9 10 3 6 9 10 7 8 5 5 6 9 4 5 6 7 4
4 1 3 10 2 2 7 8 6 4 2 0 10 3 0 7 0 5 6 5 5 1 0 5 8 7 5 8 9 5 2 9 1 2 10 0 4 5 9 8 5 8 0 2 1 2 3 8 9 4 6 3 3 3 4 5 2 5 3 4 0 9 4 2 1 0 10 5 1 5
4 2 10 2 8 1 5 10 9 4 6 9 9 7 9 9 10 9 1 0 9 10 0 6 6 0 2 8 10 4 0 8 2 3 4 1 8 9 6 3 5 7 2 10 9 6 1 1 10 3 3 8 4 4 3 4 8 2 8 6 7 1 0 6 7 9 2 7 1 5
2 1 10 10 6 5 1 10 5 1 0 0 4 6 9 6 7 2 8 2 2 5 7 3 1 3 3 0 2 2 0 6 1 6 8 3 1 4 5 8 4 0 1 5 0 7 10 8 6 8 2 9 6 7 0 5 1 6 10 5 1 4 4 5 4 6 8 4 9 7
2 10 1 8 3 8 10 4 8 0 4 4 7 0 9 9 10 2 10 1 6 6 5 2 5 5 0 7 7 9 7 9 9 0 8 3 4 1 8 6 5 8 8 10 0 7 0 3 5 6 1 10 3 10 8 10 0 6 8 2 6 7 10 5 0 9 10 3 7 7
5 7 6 0 1 2 4 10 7 0 7 2 6 2 8 8 10 1 6 7 1 2 8 3 5 9 9 6 8 1 8 8 6 5 0 8 9 9 7 5 4 7 8 9 8 6 7 10 6 2 7 8 5 2 6 8 0 6 0 1 8 10 2 6 3 1 9 5 5 3
3 6 3 3 2 7 2 2 2 4 5 6 1 7 1 10 4 9 5 9 3 0 4 10 8 5 0 4 2 6 2 4 0 7 1 10 1 2 1 4 2 3 4 9 0 4 4 4 7 6 10 5 10 2 3 0 0 10 7 3 9 7 6 8 6 9 10 1 0 1
10 4 3 2 6 9 7 6 10 5 10 0 3 1 8 0 7 2 10 5 5 3 3 2 1 8 6 6 3 9 4 9 6 8 8 1 5 7 10 9 7 1 10 10 6 8 6 0 8 8 1 1 5 5 5 8 2 0 2 7 9 8 2 2 4 9 7 3 3 8
9 5 3 5 4 0 9 2 4 0 3 8 9 0 2 4 4 7 7 3 10 5 8 0 6 4 6 6 2 8 4 6 1 6 6 5 9 9 0 5 1 7 5 10 6 3 10 0 8 9 8 3 8 6 0 2 1 0 3 1 5 10 1 10 6 6 0 10 10 1
10 9 7 3 9 0 10 6 10 9 6 1 0 4 7 6 2 5 8 0 3 3 3 6 1 2 9 6 1 2 0 8 0 8 8 0 9 0 5 3 1 4 1 9 9 0 8 10 5 8 7 5 10 1 6 10 4 7 1 2 9 2 1 3 8 7 1 6 2 9
4 9 9 0 4 0 4 9 8 5 6 9 5 7 2 0 4 1 1 2 1 9 8 7 3 5 10 2 5 8 0 8 4 7 9 6 0 6 0 8 8 0 7 1 6 0 1 4 2 0 5 7 8 4 1 8 6 7 0 6 9 10 3 2 7 5 8 0 2 3
4 3 7 3 0 1 8 5 10 4 10 7 9 4 4 5 2 1 3 3 8 2 10 6 3 4 1 0 6 2 8 10 0 9 9 4 7 1 8 6 4 2 4 8 0 5 2 1 3 7 9 3 7 10 10 6 9 9 10 6 2 0 8 6 4 7 7 0 7 1
4 9 6 1 10 0 2 6 7 4 8 9 5 8 4 10 8 7 10 0 6 2 9 3 5 6 0 8 3 5 6 8 4 3 6 4 6 0 8 1 9 5 4 1 4 9 0 8 6 7 8 5 7 10 3 7 1 4 10 2 1 0 7 3 2 3 6 8 6 5
0 38 43 46 48 11 48 17 45 41 44 16 24 6 38 13 13 34 43 8 20 4 13 31 19 17 14 11 48 18 37 14 19 36 1 46 16 39 50 44 50 10 24 41 49 30 0 28 21 34 14 42 14 14 13 20 18 5 11 1 43 13 49 10 46 16 11 33 4 11
38 0 42 16 37 49 2 10 5 50 31 14 49 6 0 24 7 2 48 44 6 37 5 17 47 39 29 12 5 18 24 9 24 11 42 22 25 3 12 43 21 37 9 16 7 11 13 16 22 9 42 23 15 42 32 9 6 6 20 4 27 29 24 13 35 35 25 14 45 8
43 42 0 30 40 17 11 45 29 25 14 18 23 43 0 48 32 10 20 12 27 6 40 24 7 34 25 43 8 25 49 3 35 46 12 47 47 10 24 7 27 44 40 7 16 42 29 44 18 30 42 7 10 22 29 32 11 20 16 5 1 48 0 50 50 13 31 15 38 14
46 16 30 0 28 45 4 47 15 31 44 33 35 6 14 43 5 37 28 25 39 23 22 14 35 9 31 28 18 17 45 40 48 28 48 23 50 29 11 30 33 45 27 43 4 4 29 4 16 8 45 45 43 8 3 50 19 19 49 19 9 8 6 45 10 1 24 47 27 34
48 37 40 28 0 28 15 26 10 0 4 16 39 33 48 49 20 3 9 25 27 36 14 10 14 29 38 17 34 30 14 30 4 41 18 7 35 3 44 28 37 11 27 7 9 25 48 9 14 2 31 11 0 18 21 6 3 16 37 39 19 7 14 43 49 41 28 28 22 38
11 49 17 45 28 0 3 38 34 14 43 33 5 16 18 8 6 11 33 35 15 26 18 35 3 0 27 10 15 4 30 38 8 9 9 31 13 22 47 23 49 2 29 18 12 35 46 7 40 36 4 9 29 5 43 43 9 33 17 42 32 0 46 3 30 33 30 46 33 22
48 2 11 4 15 3 0 32 7 39 30 6 15 35 38 8 8 1 45 12 36 35 50 46 34 49 7 36 18 5 22 1 27 5 48 3 48 30 46 14 43 31 17 24 0 3 4 47 11 16 19 12 12 21 16 5 38 38 47 34 26 36 28 27 16 0 29 26 32 37
17 10 45 47 26 38 32 0 20 48 5 40 36 8 25 7 12 44 33 7 35 40 18 45 34 44 26 13 32 19 17 26 18 21 10 14 21 23 14 0 28 32 37 9 48 20 45 28 0 47 45 29 10 28 50 23 15 50 20 9 24 33 48 34 22 21 43 46 7 20
45 5 29 15 10 34 7 20 0 5 42 17 26 23 9 1 21 50 26 9 36 50 41 20 21 28 29 44 40 44 33 22 19 17 8 18 25 18 49 49 15 9 5 50 11 11 18 41 20 12 9 36 13 39 23 35 27 8 19 42 40 32 30 1 37 32 13 38 46 41
41 50 25 31 0 14 39 48 5 0 31 46 17 18 16 44 7 2 37 17 43 42 41 12 36 28 37 30 28 22 26 19 35 10 21 17 35 50 31 15 23 13 49 16 35 16 33 33 3 16 12 25 48 37 45 22 42 3 40 33 39 41 8 8 47 40 28 12 6 10
44 31 14 44 4 43 30 5 42 31 0 24 37 50 24 32 6 47 28 18 32 27 50 29 50 12 49 21 32 34 43 16 49 50 43 50 0 32 30 5 15 50 23 18 32 46 10 49 38 32 35 35 27 13 22 22 37 25 3 48 27 30 2 41 37 30 7 32 30 7
16 14 18 33 16 33 6 40 17 46 24 0 10 47 39 32 43 26 19 38 38 28 24 32 2 40 36 12 31 34 42 10 15 26 31 24 0 11 39 49 31 15 40 23 32 20 18 5 47 9 0 4 31 9 10 28 14 19 10 24 50 36 21 1 48 2 43 14 12 47
24 49 23 35 39 5 15 36 26 17 37 10 0 26 4 26 34 10 7 38 25 14 21 27 19 17 38 22 22 12 31 44 41 13 6 18 32 17 26 46 24 25 16 25 17 19 16 48 30 36 2 4 1 20 41 2 0 45 10 43 1 19 31 26 25 23 11 16 27 17
6 6 43 6 33 16 35 8 23 18 50 47 26 0 28 3 29 50 39 11 0 7 8 41 12 42 26 9 41 13 30 37 38 19 41 7 5 45 21 29 44 9 50 8 29 7 7 49 34 24 40 35 36 36 23 49 17 50 7 4 37 33 30 19 25 15 0 28 42 32
38 0 0 14 48 18 38 25 9 16 24 39 4 28 0 6 4 24 19 15 22 5 4 30 42 38 31 6 33 35 4 19 30 1 8 3 37 21 27 5 49 29 41 4 5 22 9 36 1 41 6 13 46 15 37 34 50 46 28 24 8 42 37 19 0 0 11 41 21 11
13 24 48 43 49 8 8 7 1 44 32 32 26 3 6 0 17 0 27 23 5 26 33 4 18 31 1 8 49 44 44 13 37 6 0 7 31 29 42 48 25 19 25 39 5 50 1 5 14 34 42 2 2 41 7 45 2 15 17 0 9 37 13 30 30 19 9 19 35 34
13 7 32 5 20 6 8 12 21 7 6 43 34 29 4 17 0 34 40 3 38 30 8 4 46 41 23 1 46 13 34 47 43 30 11 29 23 48 44 45 30 1 9 38 15 14 8 6 12 34 20 23 37 37 22 22 21 29 1 4 44 22 44 41 17 33 14 16 43 39
34 2 10 37 3 11 1 44 50 2 47 26 10 50 24 0 34 0 5 25 29 32 47 50 47 36 17 16 29 31 46 14 26 9 22 13 4 5 39 1 46 46 42 24 16 46 29 31 39 0 29 21 3 22 29 25 28 36 20 46 42 8 38 45 37 45 48 35 0 18
43 48 20 28 9 33 45 33 26 37 28 19 7 39 19 27 40 5 0 47 7 26 14 42 6 1 48 9 13 32 46 12 20 46 16 26 18 35 43 49 21 18 11 14 30 22 14 27 18 38 37 47 45 31 7 39 13 50 0 14 21 31 47 27 33 8 34 23 35 26
8 44 12 25 25 35 12 7 9 17 18 38 38 11 15 23 3 25 47 0 44 47 6 34 30 18 33 49 29 13 37 2 20 9 47 27 4 2 33 24 6 20 42 15 33 26 10 7 8 22 35 21 22 49 25 20 46 36 14 40 47 46 2 15 15 29 15 8 13 6
20 6 27 39 27 15 36 35 36 43 32 38 25 0 22 5 38 29 7 44 0 37 31 24 23 28 15 12 30 44 44 32 30 8 2 40 37 27 17 15 16 21 0 22 7 48 28 15 22 48 37 1 35 22 7 39 28 20 15 42 7 32 13 8 49 10 35 31 8 47
4 37 6 23 36 26 35 40 50 42 27 28 14 7 5 26 30 32 26 47 37 0 2 37 38 0 25 14 42 22 12 18 10 21 37 23 0 50 28 50 37 12 16 23 1 18 49 48 25 37 47 33 23 35 24 15 27 33 23 25 48 49 38 32 6 43 49 6 24 12
13 5 40 22 14 18 50 18 41 41 50 24 21 8 4 33 8 47 14 6 31 2 0 38 40 36 46 49 0 18 33 8 34 10 7 47 21 31 5 23 12 33 47 21 44 37 3 25 40 29 29 18 34 22 41 40 23 43 40 1 29 29 33 33 31 26 10 47 36 20
31 17 24 14 10 35 46 45 20 12 29 32 27 41 30 4 4 50 42 34 24 37 38 0 31 7 31 32 46 28 10 21 3 1 0 43 29 32 8 46 25 19 50 21 1 45 13 31 19 22 11 14 46 8 29 48 19 30 41 20 37 14 29 34 12 28 41 47 21 34
19 47 7 35 14 3 34 34 21 36 50 2 19 12 42 18 46 47 6 30 23 38 40 31 0 15 30 13 31 11 13 9 50 40 47 13 46 24 23 10 37 46 49 9 7 42 6 11 6 49 10 41 16 15 50 33 24 40 5 34 1 36 30 10 3 21 44 41 44 21
17 39 34 9 29 0 49 44 28 28 12 40 17 42 38 31 41 36 1 18 28 0 36 7 15 0 12 25 44 22 31 27 32 28 5 4 49 39 15 40 18 48 10 35 8 8 38 27 8 23 33 6 21 41 4 36 0 21 26 36 10 44 41 32 5 41 12 19 18 21
14 29 25 31 38 27 7 26 29 37 49 36 38 26 31 1 23 17 48 33 15 25 46 31 30 12 0 31 26 48 26 47 14 26 16 12 24 30 5 32 44 36 22 11 5 48 20 28 30 15 44 50 46 16 7 11 46 2 38 24 41 44 18 40 17 41 5 5 13 14
11 12 43 28 17 10 36 13 44 30 21 12 22 9 6 8 1 16 9 49 12 14 49 32 13 25 31 0 29 9 49 40 25 21 23 16 48 17 36 0 45 19 12 40 3 9 30 5 16 29 4 5 43 0 16 41 40 26 43 14 8 28 50 8 10 19 5 1 42 15
48 5 8 18 34 15 18 32 40 28 32 31 22 41 33 49 46 29 13 29 30 42 0 46 31 44 26 29 0 30 5 41 43 21 14 7 31 24 13 21 10 41 17 24 41 31 24 27 5 13 7 28 25 37 21 26 38 39 24 9 15 25 32 34 41 7 20 7 27 48
18 18 25 17 30 4 5 19 44 22 34 34 12 13 35 44 13 31 32 13 44 22 18 28 11 22 48 9 30 0 32 45 14 14 29 36 34 4 33 48 48 14 43 11 11 3 23 1 8 17 22 28 15 6 23 11 38 15 24 21 47 44 40 4 37 30 29 28 15 21
37 24 49 45 14 30 22 17 33 26 43 42 31 30 4 44 34 46 46 37 44 12 33 10 13 31 26 49 5 32 0 2 45 23 44 42 48 27 21 21 20 29 9 11 43 35 30 29 44 17 15 13 16 2 21 16 11 11 40 35 30 20 27 47 26 0 40 21 27 8
14 9 3 40 30 38 1 26 22 19 16 10 44 37 19 13 47 14 12 2 32 18 8 21 9 27 47 40 41 45 2 0 13 25 9 13 23 38 42 24 6 9 4 16 22 30 17 34 6 1 39 2 39 45 8 36 1 4 27 48 24 20 28 18 37 32 11 6 17 46
19 24 35 48 4 8 27 18 19 35 49 15 41 38 30 37 43 26 20 20 30 10 34 3 50 32 14 25 43 14 45 13 0 6 6 1 16 13 27 10 12 12 8 6 4 3 9 38 18 32 50 13 45 25 49 46 46 37 8 14 6 20 13 18 39 38 3 8 26 9
36 11 46 28 41 9 5 21 17 10 50 26 13 19 1 6 30 9 46 9 8 21 10 1 40 28 26 21 21 14 23 25 6 0 18 32 23 26 27 9 27 48 42 33 32 19 38 47 12 0 27 11 39 32 9 20 1 17 2 50 41 49 34 47 38 24 20 34 37 10
1 42 12 48 18 9 48 10 8 21 43 31 6 41 8 0 11 22 16 47 2 37 7 0 47 5 16 23 14 29 44 9 6 18 0 6 14 18 44 14 22 7 47 49 16 32 18 17 50 33 27 29 26 33 13 12 16 25 25 33 35 40 46 1 46 32 34 23 38 43
46 22 47 23 7 31 3 14 18 17 50 24 18 7 3 7 29 13 26 27 40 23 47 43 13 4 12 16 7 36 42 13 1 32 6 0 19 42 38 16 15 1 44 12 45 50 0 22 21 21 47 7 39 27 36 45 48 36 17 11 12 3 44 46 35 36 0 38 6 8
16 25 47 50 35 13 48 21 25 35 0 0 32 5 37 31 23 4 18 4 37 0 21 29 46 49 24 48 31 34 48 23 16 23 14 19 0 37 12 10 10 27 30 16 45 49 10 23 40 49 35 21 16 6 11 21 29 12 16 35 34 23 40 21 49 36 0 32 34 49
39 3 10 29 3 22 30 23 18 50 32 11 17 45 21 29 48 5 35 2 27 50 31 32 24 39 30 17 24 4 27 38 13 26 18 42 37 0 28 43 3 26 22 14 14 43 28 39 35 5 37 17 24 33 13 17 32 34 35 46 5 27 28 42 31 21 4 35 5 30
50 12 24 11 44 47 46 14 49 31 30 39 26 21 27 42 44 39 43 33 17 28 5 8 23 15 5 36 13 33 21 42 27 27 44 38 12 28 0 49 19 6 36 28 40 23 47 46 47 8 49 6 30 40 9 5 32 14 31 8 37 22 43 39 9 35 5 28 4 46
44 43 7 30 28 23 14 0 49 15 5 49 46 29 5 48 45 1 49 24 15 50 23 46 10 40 32 0 21 48 21 24 10 9 14 16 10 43 49 0 26 43 33 46 3 12 4 8 1 12 17 46 13 17 26 23 39 4 47 37 29 38 26 33 18 27 31 9 9 49
50 21 27 33 37 49 43 28 15 23 15 31 24 44 49 25 30 46 21 6 16 37 12 25 37 18 44 45 10 48 20 6 12 27 22 15 10 3 19 26 0 35 17 28 16 41 35 7 27 3 44 36 29 19 14 29 2 49 39 41 48 23 20 43 7 26 2 39 15 44
10 37 44 45 11 2 31 32 9 13 50 15 25 9 29 19 1 46 18 20 21 12 33 19 46 48 36 19 41 14 29 9 12 48 7 1 27 26 6 43 35 0 35 14 14 22 9 35 36 9 11 15 47 0 30 21 17 7 48 8 45 42 0 17 40 49 27 15 22 1
24 9 40 27 27 29 17 37 5 49 23 40 16 50 41 25 9 42 11 42 0 16 47 50 49 10 22 12 17 43 9 4 8 42 47 44 30 22 36 33 17 35 0 11 11 13 39 40 10 19 18 35 27 21 32 45 12 10 27 19 5 0 9 42 5 40 12 45 38 26
41 16 7 43 7 18 24 9 50 16 18 23 25 8 4 39 38 24 14 15 22 23 21 21 9 35 11 40 24 11 11 16 6 33 49 12 16 14 28 46 28 14 11 0 41 20 2 21 50 44 22 2 19 35 12 44 32 42 38 49 35 24 46 10 50 35 49 14 1 12
49 7 16 4 9 12 0 48 11 35 32 32 17 29 5 5 15 16 30 33 7 1 44 1 7 8 5 3 41 11 43 22 4 32 16 45 45 14 40 3 16 14 11 41 0 34 44 17 36 9 43 36 7 26 49 6 38 48 4 25 14 14 37 17 20 46 16 31 33 32
30 11 42 4 25 35 3 20 11 16 46 20 19 7 22 50 14 46 22 26 48 18 37 45 42 8 48 9 31 3 35 30 3 19 32 50 49 43 23 12 41 22 13 20 34 0 22 21 23 42 18 27 30 37 48 48 15 13 40 48 15 45 45 26 31 33 47 21 1 24
0 13 29 29 48 46 4 45 18 33 10 18 16 7 9 1 8 29 14 10 28 49 3 13 6 38 20 30 24 23 30 17 9 38 18 0 10 28 47 4 35 9 39 2 44 22 0 2 0 46 4 26 18 22 7 10 12 24 17 16 36 34 16 0 49 42 38 39 47 26
28 16 44 4 9 7 47 28 41 33 49 5 48 49 36 5 6 31 27 7 15 48 25 31 11 27 28 5 27 1 29 34 38 47 17 22 23 39 46 8 7 35 40 21 17 21 2 0 18 20 36 21 44 26 5 0 7 8 6 39 40 14 47 45 44 32 42 14 5 34
21 22 18 16 14 40 11 0 20 3 38 47 30 34 1 14 12 39 18 8 22 25 40 19 6 8 30 16 5 8 44 6 18 12 50 21 40 35 47 1 27 36 10 50 36 23 0 18 0 41 18 21 25 50 0 39 27 35 18 48 18 50 15 49 40 34 28 28 23 37
34 9 30 8 2 36 16 47 12 16 32 9 36 24 41 34 34 0 38 22 48 37 29 22 49 23 15 29 13 17 17 1 32 0 33 21 49 5 8 12 3 9 19 44 9 42 46 20 41 0 46 14 3 35 19 28 44 50 3 14 16 19 30 11 19 33 2 2 47 16
14 42 42 45 31 4 19 45 9 12 35 0 2 40 6 42 20 29 37 35 37 47 29 11 10 33 44 4 7 22 15 39 50 27 27 47 35 37 49 17 44 11 18 22 43 18 4 36 18 46 0 5 18 27 30 43 17 24 14 10 16 11 7 20 32 10 43 11 1 34
42 23 7 45 11 9 12 29 36 25 35 4 4 35 13 2 23 21 47 21 1 33 18 14 41 6 50 5 28 28 13 2 13 11 29 7 21 17 6 46 36 15 35 2 36 27 26 21 21 14 5 0 40 11 43 44 43 0 5 8 44 37 17 28 22 44 20 26 16 14
14 15 10 43 0 29 12 10 13 48 27 31 1 36 46 2 37 3 45 22 35 23 34 46 16 21 46 43 25 15 16 39 45 39 26 39 16 24 30 13 29 47 27 19 7 30 18 44 25 3 18 40 0 23 14 46 21 32 13 38 46 8 5 17 40 7 6 6 41 13
14 42 22 8 18 5 21 28 39 37 13 9 20 36 15 41 37 22 31 49 22 35 22 8 15 41 16 0 37 6 2 45 25 32 33 27 6 33 40 17 19 0 21 35 26 37 22 26 50 35 27 11 23 0 25 1 0 44 30 0 6 27 44 21 19 44 17 49 43 34
13 32 29 3 21 43 16 50 23 45 22 10 41 23 37 7 22 29 7 25 7 24 41 29 50 4 7 16 21 23 21 8 49 9 13 36 11 13 9 26 14 30 32 12 49 48 7 5 0 19 30 43 14 25 0 15 22 23 11 2 17 30 32 9 49 15 1 40 17 30
20 9 32 50 6 43 5 23 35 22 22 28 2 49 34 45 22 25 39 20 39 15 40 48 33 36 11 41 26 11 16 36 46 20 12 45 21 17 5 23 29 21 45 44 6 48 10 0 39 28 43 44 46 1 15 0 1 24 33 28 39 3 30 4 42 1 30 34 11 7
18 6 11 19 3 9 38 15 27 42 37 14 0 17 50 2 21 28 13 46 28 27 23 19 24 0 46 40 38 38 11 1 46 1 16 48 29 32 32 39 2 17 12 32 38 15 12 7 27 44 17 43 21 0 22 1 0 34 5 13 16 31 44 32 11 46 7 18 42 38
5 6 20 19 16 33 38 50 8 3 25 19 45 50 46 15 29 36 50 36 20 33 43 30 40 21 2 26 39 15 11 4 37 17 25 36 12 34 14 4 49 7 10 42 48 13 24 8 35 50 24 0 32 44 23 24 34 0 15 16 35 9 4 8 35 44 42 20 40 43
11 20 16 49 37 17 47 20 19 40 3 10 10 7 28 17 1 20 0 14 15 23 40 41 5 26 38 43 24 24 40 27 8 2 25 17 16 35 31 47 39 48 27 38 4 40 17 6 18 3 14 5 13 30 11 33 5 15 0 1 48 25 33 40 39 32 8 24 9 14
1 4 5 19 39 42 34 9 42 33 48 24 43 4 24 0 4 46 14 40 42 25 1 20 34 36 24 14 9 21 35 48 14 50 33 11 35 46 8 37 41 8 19 49 25 48 16 39 48 14 10 8 38 0 2 28 13 16 1 0 17 16 2 21 2 18 6 19 26 11
43 27 1 9 19 32 26 24 40 39 27 50 1 37 8 9 44 42 21 47 7 48 29 37 1 10 41 8 15 47 30 24 6 41 35 12 34 5 37 29 48 45 5 35 14 15 36 40 18 16 16 44 46 6 17 39 16 35 48 17 0 35 46 24 25 4 11 35 12 48
13 29 48 8 7 0 36 33 32 41 30 36 19 33 42 37 22 8 31 46 32 49 29 14 36 44 44 28 25 44 20 20 20 49 40 3 23 27 22 38 23 42 0 24 14 45 34 14 50 19 11 37 8 27 30 3 31 9 25 16 35 0 43 1 3 20 44 31 29 41
49 24 0 6 14 46 28 48 30 8 2 21 31 30 37 13 44 38 47 2 13 38 33 29 30 41 18 50 32 40 27 28 13 34 46 44 40 28 43 26 20 0 9 46 37 45 16 47 15 30 7 17 5 44 32 30 44 4 33 2 46 43 0 11 19 27 42 22 11 26
10 13 50 45 43 3 27 34 1 8 41 1 26 19 19 30 41 45 27 15 8 32 33 34 10 32 40 8 34 4 47 18 18 47 1 46 21 42 39 33 43 17 42 10 17 26 0 45 49 11 20 28 17 21 9 4 32 8 40 21 24 1 11 0 24 19 36 1 33 32
46 35 50 10 49 30 16 22 37 47 37 48 25 25 0 30 17 37 33 15 49 6 31 12 3 5 17 10 41 37 26 37 39 38 46 35 49 31 9 18 7 40 5 50 20 31 49 44 40 19 32 22 40 19 49 42 11 35 39 2 25 3 19 24 0 30 3 48 2 15
16 35 13 1 41 33 0 21 32 40 30 2 23 15 0 19 33 45 8 29 10 43 26 28 21 41 41 19 7 30 0 32 38 24 32 36 36 21 35 27 26 49 40 35 46 33 42 32 34 33 10 44 7 44 15 1 46 44 32 18 4 20 27 19 30 0 25 2 17 39
11 25 31 24 28 30 29 43 13 28 7 43 11 0 11 9 14 48 34 15 35 49 10 41 44 12 5 5 20 29 40 11 3 20 34 0 0 4 5 31 2 27 12 49 16 47 38 42 28 2 43 20 6 17 1 30 7 42 8 6 11 44 42 36 3 25 0 33 17 37
33 14 15 47 28 46 26 46 38 12 32 14 16 28 41 19 16 35 23 8 31 6 47 47 41 19 5 1 7 28 21 6 8 34 23 38 32 35 28 9 39 15 45 14 31 21 39 14 28 2 11 26 6 49 40 34 18 20 24 19 35 31 22 1 48 2 33 0 49 3
4 45 38 27 22 33 32 7 46 6 30 12 27 42 21 35 43 0 35 13 8 24 36 21 44 18 13 42 27 15 27 17 26 37 38 6 34 5 4 9 15 22 38 1 33 1 47 5 23 47 1 16 41 43 17 11 42 40 9 26 12 29 11 33 2 17 17 49 0 40
11 8 14 34 38 22 37 20 41 10 7 47 17 32 11 34 39 18 26 6 47 12 20 34 21 21 14 15 48 21 8 46 9 10 43 8 49 30 46 49 44 1 26 12 32 24 26 34 37 16 34 14 13 34 30 7 38 43 14 11 48 41 26 32 15 39 37 3 40 0
