70 30
910154 702488 409229 746322 837338 211819 956300 907389 106311 159628 705367 423518 277227 550648 561862 691757 92436 386602 214974 390751 40622 915886 568489 101382 533812 961396 662025 409530 191802 626381
46 30 11 32 33 44 42 15 10 48 22 2 43 34 22 45 38 22 37 42 45 50 15 29 2 42 3 9 40 36
30 6 42 45 4 41 47 16 2 4 42 49 44 33 50 6 47 48 44 24 23 3 0 48 2 36 15 41 14 30
6 11 11 46 40 27 49 47 13 33 10 42 16 1 45 50 47 27 17 35 15 35 3 25 41 28 4 14 14 28
30 19 3 11 49 15 9 9 12 46 7 25 18 0 50 26 44 18 17 44 47 40 28 17 42 15 8 32 39 13
46 13 9 10 19 20 5 27 49 24 35 34 13 38 43 18 10 1 47 12 12 15 36 27 27 43 46 1 2 44
23 36 16 13 28 22 37 33 44 43 50 13 8 8 16 48 34 11 0 34 48 39 6 21 39 27 23 3 17 29
2 42 15 50 43 40 45 49 5 37 19 5 38 29 11 26 17 25 8 46 43 20 24 29 48 32 46 34 34 22
41 25 2 47 10 15 40 37 29 25 39 22 47 3 46 0 16 40 17 14 49 15 44 24 15 38 1 6 26 26
37 35 29 24 44 7 24 21 30 2 28 22 8 28 32 19 6 19 37 0 18 32 45 20 35 26 27 3 39 41
27 0 23 27 7 1 29 38 21 48 5 35 27 10 20 39 2 32 26 50 16 29 18 12 19 9 38 16 43 36
15 8 8 11 45 34 2 2 28 14 40 25 35 50 22 6 3 4 27 27 9 25 19 32 22 34 43 27 38 29
47 6 47 22 49 10 5 23 48 43 24 32 5 49 26 5 1 27 2 7 7 38 14 44 6 4 3 44 1 35
0 22 18 32 5 34 19 48 23 43 48 5 34 2 26 6 40 40 50 4 36 0 9 17 27 2 50 45 35 10
29 30 48 23 27 28 4 39 31 34 39 45 18 19 42 5 29 33 10 30 49 39 43 22 18 14 50 12 15 12
48 30 9 44 38 28 22 19 6 9 15 22 17 5 17 26 1 25 28 17 5 11 38 47 2 9 9 12 0 31
45 0 28 37 37 27 35 28 3 14 20 35 37 48 27 2 36 18 15 36 1 28 3 36 24 10 38 3 43 40
34 24 12 47 26 0 21 15 40 48 24 3 23 25 36 15 22 46 49 17 47 27 33 47 45 48 19 10 18 30
9 47 44 16 30 50 27 9 30 49 35 34 40 16 48 2 4 23 3 25 49 50 10 49 43 42 44 26 23 4
39 10 0 32 13 6 46 5 0 6 27 22 3 34 29 39 34 24 15 21 31 26 23 14 21 29 30 42 26 48
3 36 28 8 39 2 47 27 1 8 13 4 4 45 40 44 10 27 37 43 11 18 34 36 31 48 25 5 47 34
32 30 21 48 9 32 31 37 21 9 25 46 11 42 34 30 33 49 40 13 13 3 22 15 3 25 22 23 5 27
48 31 41 42 11 39 35 31 46 34 4 24 43 45 49 28 38 37 29 15 42 7 12 20 11 31 43 14 46 5
9 25 10 34 34 13 31 29 46 28 11 47 27 31 18 44 4 13 50 30 18 7 31 43 4 19 39 45 47 46
26 45 11 31 42 37 33 37 29 12 26 43 27 29 10 10 27 33 49 29 5 27 26 29 47 16 37 45 44 3
11 13 49 5 49 1 4 26 1 10 22 6 50 9 13 15 45 26 23 15 2 7 30 22 28 44 33 39 22 17
8 46 7 17 14 33 1 35 2 20 21 31 6 38 46 40 2 10 35 46 35 32 9 44 20 24 2 34 38 44
50 24 44 2 50 8 35 44 47 23 30 32 1 19 1 13 32 11 15 12 19 34 20 5 35 5 26 13 38 30
42 30 23 45 13 14 5 6 8 27 44 8 50 49 24 8 14 12 18 13 35 39 19 42 18 13 2 20 13 23
44 36 36 18 4 50 14 26 27 9 17 21 47 7 6 10 8 22 26 42 5 34 18 50 31 37 20 15 3 30
9 31 50 44 6 45 9 16 37 3 0 40 4 29 8 17 12 40 3 8 0 50 24 14 4 4 6 29 7 29
1 48 28 46 29 19 35 4 21 42 23 5 12 29 46 37 34 31 32 41 9 4 44 15 42 14 0 13 26 9
14 6 46 12 27 21 26 37 21 48 22 14 34 2 43 20 17 11 17 37 19 27 2 21 33 44 21 27 14 17
35 21 24 23 37 38 23 33 28 42 14 16 16 19 27 41 9 8 36 5 28 15 19 10 1 13 46 27 39 34
11 43 33 9 20 34 14 6 12 14 1 28 25 34 48 23 7 22 49 18 8 46 17 2 30 4 3 45 12 19
25 33 4 3 12 19 45 3 6 7 18 32 26 18 23 21 42 17 49 29 39 23 37 2 41 23 16 32 39 39
40 14 50 31 29 19 34 45 38 26 46 40 0 16 41 22 31 46 36 31 0 46 26 41 28 8 1 42 28 25
40 40 3 38 28 3 13 18 47 40 34 15 38 32 47 6 47 26 15 38 22 50 46 17 12 9 15 49 39 19
3 7 11 47 29 24 7 14 48 36 30 46 12 13 20 22 37 27 36 49 14 21 50 38 5 39 21 2 0 13
47 32 34 2 37 41 50 4 21 48 13 20 16 44 35 20 8 2 0 28 29 12 44 33 12 12 46 14 3 34
43 45 11 48 17 4 12 2 26 27 40 17 39 32 41 0 26 34 46 44 40 39 28 37 3 0 47 8 3 24
15 39 9 13 19 22 7 0 15 3 11 20 50 48 23 35 14 26 4 28 39 2 9 46 0 45 11 4 39 17
6 39 49 26 32 20 22 47 5 19 21 38 41 12 5 32 19 50 30 33 26 20 22 22 42 16 7 50 10 34
42 34 1 44 7 28 39 10 38 3 45 31 15 47 1 22 11 7 47 20 8 7 23 7 2 44 38 35 24 49
16 35 37 36 25 28 26 6 25 43 28 38 18 24 20 39 14 15 14 2 23 42 9 9 17 40 5 37 16 35
18 12 48 11 16 24 39 11 5 33 3 33 14 24 32 15 44 38 18 47 50 46 6 46 1 28 38 8 42 41
36 4 50 3 14 5 6 27 32 48 15 26 3 21 11 23 40 49 47 24 33 15 23 48 32 20 23 41 49 47
38 24 1 27 0 47 9 39 37 32 27 41 1 38 15 44 35 31 37 8 1 24 12 50 37 7 5 21 18 40
37 21 18 26 5 0 39 34 48 8 30 14 20 11 44 34 26 39 50 27 29 14 18 24 41 50 12 0 20 41
44 47 48 43 41 1 26 41 15 40 16 3 5 16 16 27 27 26 47 14 31 18 18 12 1 14 23 32 14 43
15 1 3 3 26 34 44 13 13 12 35 6 10 0 4 17 13 24 13 44 39 6 37 14 32 37 6 39 23 41
14 1 30 9 23 49 31 43 25 28 48 22 46 48 18 16 11 34 23 30 46 45 7 38 1 10 16 21 29 28
38 21 21 15 43 18 32 24 7 36 20 23 29 6 45 18 16 10 35 15 20 1 17 32 39 44 41 31 38 35
8 19 22 2 28 43 22 39 41 12 25 28 46 26 31 18 1 44 39 3 1 11 24 4 29 21 22 9 15 47
8 37 28 12 3 26 21 22 3 13 3 0 38 20 18 50 27 26 6 14 22 16 12 10 30 35 48 26 33 10
19 27 24 3 50 40 17 44 27 8 46 47 26 42 41 4 2 24 5 34 6 30 5 5 5 12 14 0 6 5
26 22 34 26 0 43 8 7 12 13 49 18 22 12 27 18 21 19 26 22 13 49 39 36 5 7 32 2 18 41
43 46 34 38 24 45 9 4 7 18 19 50 29 24 44 19 36 22 41 26 12 49 24 37 32 48 17 36 41 0
45 23 16 14 38 10 35 0 14 14 20 16 21 43 30 49 37 35 23 38 25 36 29 31 49 23 23 33 39 1
0 32 8 14 34 27 4 0 48 12 49 40 6 7 7 15 24 42 22 13 27 41 26 32 35 43 24 40 18 19
49 37 26 40 35 41 2 23 40 20 13 46 43 42 23 22 5 0 38 28 12 27 1 13 27 41 20 39 46 40
11 11 34 19 5 11 35 40 45 11 38 12 0 15 11 5 50 31 29 21 42 10 29 37 30 48 26 1 41 10
50 3 49 15 22 4 13 8 35 7 38 38 20 45 31 48 18 48 14 34 45 49 15 49 5 36 10 41 40 36
15 5 21 41 22 48 21 23 37 36 34 48 18 41 4 46 30 11 0 32 36 42 29 17 33 46 20 29 27 26
1 3 48 31 50 41 47 5 12 0 12 41 33 25 1 33 3 5 39 26 48 28 28 27 18 3 45 2 17 43
30 22 47 34 15 49 17 1 23 32 44 30 20 13 48 14 11 22 27 10 0 23 11 30 11 23 43 24 17 0
19 16 19 20 17 11 31 28 42 1 29 16 6 9 10 50 48 20 0 48 18 27 24 24 22 47 32 10 7 0
4 3 41 48 3 6 3 6 37 43 7 37 34 40 15 42 30 12 40 44 49 49 29 45 15 35 41 47 25 21
2 47 27 0 8 46 4 36 44 23 33 16 13 26 31 29 48 33 49 38 35 3 22 30 30 27 40 32 8 3
3 18 35 45 36 46 15 42 31 11 10 3 8 35 4 49 3 22 8 23 27 5 6 1 49 42 32 37 15 3
6 27 14 47 4 21 15 17 34 6 8 50 1 0 8 43 43 26 48 47 15 30 21 50 34 48 28 46 4 34
0 10 1 3 1 0 7 6 5 5 4 8 5 10 7 1 4 6 3 4 3 8 9 0 9 10 10 6 0 3 0 4 7 8 10 10 7 4 1 8 9 5 6 1 4 10 2 9 1 5 2 9 9 0 1 5 5 4 10 5 8 10 1 0 10 3 4 2 2 5
10 0 10 2 10 6 8 2 1 3 2 5 5 5 10 3 5 4 1 0 5 1 9 8 3 2 9 10 10 9 8 9 6 8 7 6 4 4 4 2 5 9 2 10 9 2 2 7 6 4 10 4 0 0 4 3 6 5 7 2 8 1 3 2 5 10 7 2 3 3
1 10 0 0 5 3 2 4 0 6 3 2 7 3 6 2 8 1 3 6 4 10 1 7 6 2 9 3 2 9 6 9 5 2 1 0 3 9 5 1 0 10 10 6 3 4 9 1 6 7 1 8 4 1 4 10 7 4 6 9 4 6 2 3 0 9 10 6 6 1
3 2 0 0 7 2 9 5 4 3 2 10 6 8 10 4 4 2 9 3 9 4 8 7 5 4 3 7 1 8 0 5 1 4 3 9 1 10 2 5 8 9 10 6 7 2 0 9 4 2 6 8 3 3 0 8 4 3 8 6 9 7 6 2 5 4 4 10 2 6
1 10 5 7 0 6 10 4 10 7 10 2 6 4 5 9 7 5 6 9 10 0 7 5 8 2 6 9 0 9 7 2 2 0 2 2 1 2 5 2 9 10 7 3 6 5 1 0 3 7 2 5 2 1 10 2 5 10 1 9 4 9 6 7 2 4 8 2 10 8
0 6 3 2 6 0 4 10 9 3 1 8 8 9 5 8 9 1 1 0 0 2 2 8 9 7 7 4 0 2 0 10 9 4 5 3 6 7 7 10 6 3 1 9 9 6 10 10 2 9 2 3 6 4 8 5 1 2 10 7 2 9 7 6 3 9 2 5 7 7
7 8 2 9 10 4 0 4 7 1 1 2 2 8 9 1 7 7 10 3 10 8 5 9 8 4 9 10 6 6 7 7 3 2 3 6 6 7 3 4 1 0 9 2 6 0 5 10 3 10 9 6 10 8 2 4 10 5 5 10 4 8 7 2 1 5 3 7 3 7
6 2 4 5 4 10 4 0 0 5 3 6 9 8 1 8 0 7 6 6 2 0 10 1 10 8 4 9 0 2 7 5 10 5 2 7 4 3 6 8 3 5 8 9 1 10 9 4 7 4 2 8 8 10 10 7 6 3 4 8 9 4 1 8 2 1 3 5 9 8
5 1 0 4 10 9 7 0 0 4 6 8 4 7 6 8 3 6 5 10 6 3 6 0 7 10 1 4 7 9 4 3 7 2 9 1 5 3 3 2 2 6 7 6 2 5 10 0 3 5 5 8 5 4 7 2 0 3 10 8 5 6 5 10 9 4 8 6 1 5
5 3 6 3 7 3 1 5 4 0 0 6 4 4 3 3 10 6 1 10 5 2 8 6 3 5 2 5 5 3 4 8 9 6 7 7 6 8 10 4 7 10 8 6 2 6 3 10 1 3 4 6 3 0 9 5 10 0 2 9 7 0 10 8 8 10 9 5 7 9
4 2 3 2 10 1 1 3 6 0 0 6 4 0 4 5 8 5 8 9 6 10 0 9 1 5 0 0 0 0 8 10 6 1 5 5 4 0 6 6 4 7 5 6 0 4 1 8 3 3 2 1 7 1 1 10 7 8 7 0 10 4 9 2 8 0 6 9 8 1
8 5 2 10 2 8 2 6 8 6 6 0 6 9 2 1 1 4 7 5 10 6 8 8 10 3 9 2 7 10 0 3 10 8 5 8 8 10 7 8 6 0 9 0 8 7 6 4 3 3 2 2 10 6 6 7 6 10 7 6 5 4 2 1 9 5 0 2 10 2
5 5 7 6 6 8 2 9 4 4 4 6 0 7 10 8 8 3 0 4 1 9 8 3 2 1 5 9 3 8 5 9 6 4 4 10 2 10 8 2 7 10 10 4 10 7 9 9 3 2 7 8 10 5 8 6 6 3 1 1 4 5 6 0 8 2 9 7 2 2
10 5 3 8 4 9 8 8 7 4 0 9 7 0 1 5 3 1 8 6 1 1 4 6 8 3 8 7 8 5 1 2 6 4 9 5 7 1 9 10 10 8 5 5 0 10 1 8 5 0 1 1 6 8 4 9 0 2 8 7 4 0 9 9 4 10 2 8 10 0
7 10 6 10 5 5 9 1 6 3 4 2 10 1 0 7 0 4 10 4 5 2 5 4 3 1 3 5 1 3 4 9 6 2 10 7 9 0 2 9 0 9 8 10 10 0 0 0 6 10 2 1 3 9 5 4 1 1 6 9 3 9 1 0 0 2 10 9 4 1
1 3 2 4 9 8 1 8 8 3 5 1 8 5 7 0 6 9 0 6 5 0 9 5 9 7 0 0 6 7 10 2 5 3 0 4 0 2 6 2 5 6 9 3 3 8 6 0 3 9 6 1 3 8 1 6 7 5 8 7 9 10 4 7 3 10 3 1 5 4
4 5 8 4 7 9 7 0 3 10 8 1 8 3 0 6 0 9 6 2 4 0 4 2 1 2 5 9 4 2 1 2 0 4 1 1 10 9 5 3 7 4 0 1 8 2 9 5 2 4 10 1 10 4 5 4 0 0 5 4 10 0 6 9 4 8 2 1 6 5
6 4 1 2 5 1 7 7 6 6 5 4 3 1 4 9 9 0 4 4 6 1 3 5 0 7 6 3 2 2 4 2 5 7 10 8 1 4 7 9 4 10 6 10 2 3 8 9 9 5 2 6 10 8 0 7 6 2 0 7 8 4 0 2 1 3 1 1 9 4
3 1 3 9 6 1 10 6 5 1 8 7 0 8 10 0 6 4 0 3 8 4 6 0 2 2 7 10 0 2 0 3 2 5 1 3 2 1 6 5 0 6 7 6 1 4 3 5 0 5 1 3 6 7 4 7 3 8 6 2 5 6 8 7 5 2 9 10 10 3
4 0 6 3 9 0 3 6 10 10 9 5 4 6 4 6 2 4 3 0 5 0 1 1 7 3 8 9 3 0 0 9 6 0 4 5 10 4 9 8 4 3 10 2 3 4 5 9 10 0 9 0 0 0 3 8 4 9 9 10 5 9 9 3 3 9 0 5 6 2
3 5 4 9 10 0 10 2 6 5 6 10 1 1 5 5 4 6 8 5 0 8 3 4 7 6 9 10 0 3 7 7 5 6 3 1 8 6 2 2 4 6 10 5 9 10 3 7 8 1 10 4 9 2 6 7 7 9 6 3 8 1 10 2 3 2 8 1 0 2
8 1 10 4 0 2 8 0 3 2 10 6 9 1 2 0 0 1 4 0 8 0 9 8 6 1 7 4 1 6 5 5 9 0 1 1 9 9 3 3 9 9 1 0 0 3 9 7 10 9 7 3 6 3 5 8 9 5 9 1 8 9 10 10 2 5 5 1 0 9
9 9 1 8 7 2 5 10 6 8 0 8 8 4 5 9 4 3 6 1 3 9 0 4 5 1 3 1 10 6 0 5 0 3 0 10 0 0 1 9 3 1 2 7 8 7 2 2 5 1 0 5 4 6 1 2 7 8 9 6 10 9 4 8 0 3 2 6 5 10
0 8 7 7 5 8 9 1 0 6 9 8 3 6 4 5 2 5 0 1 4 8 4 0 1 4 1 4 5 2 10 10 0 1 8 6 8 8 1 7 5 3 10 1 10 9 0 2 3 3 1 0 9 4 3 3 9 5 4 3 1 7 0 9 3 7 10 5 10 9
9 3 6 5 8 9 8 10 7 3 1 10 2 8 3 9 1 0 2 7 7 6 5 1 0 0 3 1 1 7 0 2 5 5 10 7 4 7 5 1 5 5 5 0 5 3 4 1 5 3 2 6 2 6 2 4 3 6 10 7 1 0 10 4 6 2 6 2 10 6
10 2 2 4 2 7 4 8 10 5 5 3 1 3 1 7 2 7 2 3 6 1 1 4 0 0 1 3 10 0 0 7 10 4 6 5 2 6 0 8 0 7 6 5 6 0 4 10 4 4 1 7 2 4 1 3 7 7 1 0 0 4 5 7 5 5 4 7 4 2
10 9 9 3 6 7 9 4 1 2 0 9 5 8 3 0 5 6 7 8 9 7 3 1 3 1 0 10 5 0 2 2 8 3 10 10 5 4 7 4 3 9 5 1 2 7 6 5 4 1 3 7 2 8 2 10 6 5 7 6 6 7 7 4 5 7 5 9 10 5
6 10 3 7 9 4 10 9 4 5 0 2 9 7 5 0 9 3 10 9 10 4 1 4 1 3 10 0 1 7 3 5 8 7 8 5 6 8 4 8 5 2 7 8 7 8 4 7 2 6 4 7 3 8 10 1 9 5 1 4 1 10 1 2 8 2 1 10 4 2
0 10 2 1 0 0 6 0 7 5 0 7 3 8 1 6 4 2 0 3 0 1 10 5 1 10 5 1 0 3 7 2 0 7 2 4 6 6 3 5 1 7 0 9 1 4 1 7 8 4 2 2 3 1 6 10 5 2 4 4 5 4 8 3 0 7 0 1 6 1
3 9 9 8 9 2 6 2 9 3 0 10 8 5 3 7 2 2 2 0 3 6 6 2 7 0 0 7 3 0 1 3 4 1 2 2 3 4 7 8 10 2 6 10 6 9 10 6 9 8 2 4 7 4 5 6 0 4 9 7 3 3 7 6 1 2 4 10 3 10
0 8 6 0 7 0 7 7 4 4 8 0 5 1 4 10 1 4 0 0 7 5 0 10 0 0 2 3 7 1 0 0 4 7 1 2 5 1 7 1 3 8 2 6 8 0 2 4 2 7 6 8 7 8 8 3 4 1 3 3 6 3 8 6 2 2 9 3 7 1
4 9 9 5 2 10 7 5 3 8 10 3 9 2 9 2 2 2 3 9 7 5 5 10 2 7 2 5 2 3 0 0 7 4 4 10 3 5 7 1 0 7 1 1 3 3 10 10 8 0 5 1 2 10 7 9 7 3 7 1 2 9 10 9 6 9 7 4 1 3
7 6 5 1 2 9 3 10 7 9 6 10 6 6 6 5 0 5 2 6 5 9 0 0 5 10 8 8 0 4 4 7 0 10 5 7 0 5 10 6 1 4 6 0 9 5 1 5 5 3 7 3 8 10 7 8 8 5 4 1 5 6 2 8 3 3 5 0 7 5
8 8 2 4 0 4 2 5 2 6 1 8 4 4 2 3 4 7 5 0 6 0 3 1 5 4 3 7 7 1 7 4 10 0 6 0 1 8 8 2 4 8 3 5 5 2 3 1 3 5 2 9 7 10 8 1 8 4 2 1 3 0 9 10 8 8 6 10 1 8
10 7 1 3 2 5 3 2 9 7 5 5 4 9 10 0 1 10 1 4 3 1 0 8 10 6 10 8 2 2 1 4 5 6 0 8 8 7 3 9 4 6 1 8 6 0 9 7 5 8 6 5 7 4 0 9 0 10 1 9 10 10 1 2 10 8 1 5 4 1
10 6 0 9 2 3 6 7 1 7 5 8 10 5 7 4 1 8 3 5 1 1 10 6 7 5 10 5 4 2 2 10 7 0 8 0 4 6 7 1 2 2 3 4 7 1 0 3 1 7 7 3 0 1 2 10 5 8 2 9 9 10 6 10 0 7 8 7 7 8
7 4 3 1 1 6 6 4 5 6 4 8 2 7 9 0 10 1 2 10 8 9 0 8 4 2 5 6 6 3 5 3 0 1 8 4 0 4 7 0 1 8 10 2 10 10 6 2 6 8 9 0 5 8 2 10 0 6 3 7 8 6 2 3 3 9 2 6 4 5
4 4 9 10 2 7 7 3 3 8 0 10 10 1 0 2 9 4 1 4 6 9 0 8 7 6 4 8 6 4 1 5 5 8 7 6 4 0 8 5 4 10 6 3 9 10 8 1 6 7 3 5 4 7 0 8 8 5 3 6 5 8 8 7 1 7 2 3 1 9
1 4 5 2 5 7 3 6 3 10 6 7 8 9 2 6 5 7 6 9 2 3 1 1 5 0 7 4 3 7 7 7 10 8 3 7 7 8 0 4 8 8 8 0 2 2 0 5 10 7 10 10 4 9 10 6 0 1 8 4 8 7 0 0 5 5 3 7 0 1
8 2 1 5 2 10 4 8 2 4 6 8 2 10 9 2 3 9 5 8 2 3 9 7 1 8 4 8 5 8 1 1 6 2 9 1 0 5 4 0 6 6 1 10 5 4 0 4 7 5 2 2 2 1 2 2 7 0 8 5 1 6 1 10 9 8 6 1 9 4
9 5 0 8 9 6 1 3 2 7 4 6 7 10 0 5 7 4 0 4 4 9 3 5 5 0 3 5 1 10 3 0 1 4 4 2 1 4 8 6 0 5 7 6 8 4 10 2 9 3 2 4 3 2 2 10 6 1 10 9 2 1 6 2 8 5 9 8 4 2
5 9 10 9 10 3 0 5 6 10 7 0 10 8 9 6 4 10 6 3 6 9 1 3 5 7 9 2 7 2 8 7 4 8 6 2 8 10 8 6 5 0 10 0 7 5 10 4 6 5 1 9 2 10 0 7 5 10 5 4 9 5 3 4 1 2 0 0 2 3
6 2 10 10 7 1 9 8 7 8 5 9 10 5 8 9 0 6 7 10 10 1 2 10 5 6 5 7 0 6 2 1 6 3 1 3 10 6 8 1 7 10 0 2 9 2 5 7 3 2 4 8 5 7 10 7 7 6 2 1 5 10 9 9 4 9 4 9 10 3
1 10 6 6 3 9 2 9 6 6 6 0 4 5 10 3 1 10 6 2 5 0 7 1 0 5 1 8 9 10 6 1 0 5 8 4 2 3 0 10 6 0 2 0 2 4 0 1 9 8 9 2 3 2 9 8 1 6 5 4 10 1 1 7 1 0 6 10 2 1
4 9 3 7 6 9 6 1 2 2 0 8 10 0 10 3 8 2 1 3 9 0 8 10 5 6 2 7 1 6 8 3 9 5 6 7 10 9 2 5 8 7 9 2 0 8 7 5 9 3 7 9 7 9 9 5 9 0 0 6 5 9 4 2 2 5 7 2 9 3
10 2 4 2 5 6 0 10 5 6 4 7 7 10 0 8 2 3 4 4 10 3 7 9 3 0 7 8 4 9 0 3 5 2 0 1 10 10 2 4 4 5 2 4 8 0 10 7 9 3 9 2 0 10 3 7 8 6 2 4 4 2 0 2 7 9 3 5 4 0
2 2 9 0 1 10 5 9 10 3 1 6 9 1 0 6 9 8 3 5 3 9 2 0 4 4 6 4 1 10 2 10 1 3 9 0 6 8 0 0 10 10 5 0 7 10 0 5 5 4 6 10 6 9 3 8 7 8 1 2 10 0 8 0 5 5 4 9 4 8
9 7 1 9 0 10 10 4 0 10 8 4 9 8 0 0 5 9 5 9 7 7 2 2 1 10 5 7 7 6 4 10 5 1 7 3 2 1 5 4 2 4 7 1 5 7 5 0 10 10 2 10 1 2 0 5 1 9 3 10 3 7 4 0 6 2 10 9 3 6
1 6 6 4 3 2 3 7 3 1 3 3 3 5 6 3 2 9 0 10 8 10 5 3 5 4 4 2 8 9 2 8 5 3 5 1 6 6 10 7 9 6 3 9 9 9 5 10 0 10 0 0 2 5 7 3 2 3 0 6 4 4 7 0 7 6 2 6 8 9
5 4 7 2 7 9 10 4 5 3 3 3 2 0 10 9 4 5 5 0 1 9 1 3 3 4 1 6 4 8 7 0 3 5 8 7 8 7 7 5 3 5 2 8 3 3 4 10 10 0 0 3 8 8 8 9 6 1 2 5 5 10 0 2 0 7 7 1 0 2
2 10 1 6 2 2 9 2 5 4 2 2 7 1 2 6 10 2 1 9 10 7 0 1 2 1 3 4 2 2 6 5 7 2 6 7 9 3 10 2 2 1 4 9 7 9 6 2 0 0 0 5 3 3 7 3 8 5 1 8 3 7 10 9 4 7 8 4 10 10
9 4 8 8 5 3 6 8 8 6 1 2 8 1 1 1 1 6 3 0 4 3 5 0 6 7 7 7 2 4 8 1 3 9 5 3 0 5 10 2 4 9 8 2 9 2 10 10 0 3 5 0 10 9 2 1 6 1 5 6 6 1 6 5 1 0 10 10 10 3
9 0 4 3 2 6 10 8 5 3 7 10 10 6 3 3 10 10 6 0 9 6 4 9 2 2 2 3 3 7 7 2 8 7 7 0 5 4 4 2 3 2 5 3 7 0 6 1 2 8 3 10 0 9 5 3 0 9 9 8 1 1 5 3 8 9 3 7 2 4
0 0 1 3 1 4 8 10 4 0 1 6 5 8 9 8 4 8 7 0 2 3 6 4 6 4 8 8 1 4 8 10 10 10 4 1 8 7 9 1 2 10 7 2 9 10 9 2 5 8 3 9 9 0 10 6 9 9 5 4 2 4 10 7 4 9 8 9 5 6
1 4 4 0 10 8 2 10 7 9 1 6 8 4 5 1 5 0 4 3 6 5 1 3 2 1 2 10 6 5 8 7 7 8 0 2 2 0 10 2 2 0 10 9 9 3 3 0 7 8 7 2 5 10 0 5 8 6 3 3 7 8 6 7 7 9 1 2 4 6
5 3 10 8 2 5 4 7 2 5 10 7 6 9 4 6 4 7 7 8 7 8 2 3 4 3 10 1 10 6 3 9 8 1 9 10 10 8 6 2 10 7 7 8 5 7 8 5 3 9 3 1 3 6 5 0 8 3 1 7 10 3 1 7 4 2 8 0 9 8
5 6 7 4 5 1 10 6 0 10 7 6 6 0 1 7 0 6 3 4 7 9 7 9 3 7 6 9 5 0 4 7 8 8 0 5 0 8 0 7 6 5 7 1 9 8 7 1 2 6 8 6 0 9 8 8 0 7 6 5 10 0 5 10 9 5 0 0 5 6
4 5 4 3 10 2 5 3 3 0 8 10 3 2 1 5 0 2 8 9 9 5 8 5 6 7 5 5 2 4 1 3 5 4 10 8 6 5 1 0 1 10 6 6 0 6 8 9 3 1 5 1 9 9 6 3 7 0 8 7 0 3 1 8 9 10 5 9 2 7
10 7 6 8 1 10 5 4 10 2 7 7 1 8 6 8 5 0 6 9 6 9 9 4 10 1 7 1 4 9 3 7 4 2 1 2 3 3 8 8 10 5 2 5 0 2 1 3 0 2 1 5 9 5 3 1 6 8 0 4 2 2 7 5 4 5 2 9 4 3
5 2 9 6 9 7 10 8 8 9 0 6 1 7 9 7 4 7 2 10 3 1 6 3 7 0 6 4 4 7 3 1 1 1 9 9 7 6 4 5 9 4 1 4 6 4 2 10 6 5 8 6 8 4 3 7 5 7 4 0 5 1 10 9 0 1 8 10 7 5
8 8 4 9 4 2 4 9 5 7 10 5 4 4 3 9 10 8 5 5 8 8 10 1 1 0 6 1 5 3 6 2 5 3 10 9 8 5 8 1 2 9 5 10 5 4 10 3 4 5 3 6 1 2 7 10 10 0 2 5 0 4 9 3 3 0 6 7 7 0
10 1 6 7 9 9 8 4 6 0 4 4 5 0 9 10 0 4 6 9 1 9 9 7 0 4 7 10 4 3 3 9 6 0 10 10 6 8 7 6 1 5 10 1 9 2 0 7 4 10 7 1 1 4 8 3 0 3 2 1 4 0 6 6 9 8 10 10 4 7
1 3 2 6 6 7 7 1 5 10 9 2 6 9 1 4 6 0 8 9 10 10 4 0 10 5 7 1 8 7 8 10 2 9 1 6 2 8 0 1 6 3 9 1 4 0 8 4 7 0 10 6 5 10 6 1 5 1 7 10 9 6 0 6 1 9 5 3 3 10
0 2 3 2 7 6 2 8 10 8 2 1 0 9 0 7 9 2 7 3 2 10 8 9 4 7 4 2 3 6 6 9 8 10 2 10 3 7 0 10 2 4 9 7 2 2 0 0 0 2 9 5 3 7 7 7 10 8 5 9 3 6 6 0 5 8 10 4 3 4
10 5 0 5 2 3 1 2 9 8 8 9 8 4 0 3 4 1 5 3 3 2 0 3 6 5 5 8 0 1 2 6 3 8 10 0 3 1 5 9 8 1 4 1 2 7 5 6 7 0 4 1 8 4 7 4 9 9 4 0 3 9 1 5 0 8 1 9 10 1
3 10 9 4 4 9 5 1 4 10 0 5 2 10 2 10 8 3 2 9 2 5 3 7 2 5 7 2 7 2 2 9 3 8 8 7 9 7 5 8 5 2 9 0 5 9 5 2 6 7 7 0 9 9 9 2 5 10 5 1 0 8 9 8 8 0 8 1 10 8
4 7 10 4 8 2 3 3 8 9 6 0 9 2 10 3 2 1 9 0 8 5 2 10 6 4 5 1 0 4 9 7 5 6 1 8 2 2 3 6 9 0 4 6 7 3 4 10 2 7 8 10 3 8 1 8 0 5 2 8 6 10 5 10 1 8 0 4 10 2
2 2 6 10 2 5 7 5 6 5 9 2 7 8 9 1 1 1 10 5 1 1 6 5 2 7 9 10 1 10 3 4 0 10 5 7 6 3 7 1 8 0 9 10 2 5 9 9 6 1 4 10 7 9 2 0 0 9 9 10 7 10 3 4 9 1 4 0 0 8
2 3 6 2 10 7 3 9 1 7 8 10 2 10 4 5 6 9 10 6 0 0 5 10 10 4 10 4 6 3 7 1 7 1 4 7 4 1 0 9 4 2 10 2 9 4 4 3 8 0 10 10 2 5 4 9 5 2 4 7 7 4 3 3 10 10 10 0 0 3
5 3 1 6 8 7 7 8 5 9 1 2 2 0 1 4 5 4 3 2 2 9 10 9 6 2 5 2 1 10 1 3 5 8 1 8 5 9 1 4 2 3 3 1 3 0 8 6 9 2 10 3 4 6 6 8 6 7 3 5 0 7 10 4 1 8 2 8 3 0
