70 70
20 59 28 16 5 31 30 50 21 11 69 10 65 61 55 25 49 58 52 63 24 38 35 46 15 42 14 22 1 51 18 37 19 68 7 3 26 23 36 32 13 27 54 43 4 17 0 66 56 8 44 40 62 57 6 48 2 60 41 33 45 29 47 67 39 34 53 9 64 12
0 0 0 0 0 0 0 13 0 0 0 0 0 0 22 0 0 0 0 0 22 0 0 0 0 0 12 29 0 0 0 0 0 0 0 0 0 0 0 0 0 0 0 0 0 0 0 0 0 0 0 0 0 0 0 0 0 0 45 0 0 0 0 0 0 0 34 0 0 0
0 0 0 0 0 0 34 0 0 0 0 0 0 0 0 21 0 0 0 0 0 0 0 0 0 0 0 0 0 21 0 0 40 0 0 25 0 0 0 0 35 0 0 0 0 0 0 31 0 0 0 0 0 0 0 0 0 0 0 0 0 39 35 0 0 0 0 0 0 0
0 0 0 0 0 0 0 0 0 13 0 0 0 0 0 0 0 0 0 0 0 0 0 0 0 0 0 0 5 0 0 0 0 0 0 0 0 0 0 0 0 18 0 0 0 0 0 0 0 0 0 0 0 0 0 0 0 0 0 0 0 4 0 0 0 0 42 0 0 0
0 0 0 0 0 0 0 0 0 0 15 0 0 0 0 20 0 0 0 0 29 0 0 0 0 0 0 0 0 0 0 0 0 0 0 0 0 0 0 0 0 0 0 0 0 0 0 0 0 0 0 0 0 0 0 0 0 0 0 0 0 17 0 0 0 0 0 0 27 0
0 0 0 0 0 0 0 0 0 0 0 0 0 0 0 0 0 0 0 0 0 0 0 0 0 0 0 27 0 0 0 0 0 0 0 0 0 0 0 0 0 0 0 36 20 0 0 0 0 0 0 0 0 0 0 22 0 14 0 0 18 0 0 0 0 0 26 0 0 0
0 0 0 0 46 1 0 0 0 0 0 0 0 0 0 0 0 0 0 0 0 0 0 30 0 0 0 0 0 0 0 0 0 0 0 0 0 0 0 0 0 0 0 0 0 0 0 0 0 0 0 0 0 0 0 29 0 37 0 0 0 0 0 0 0 0 0 0 0 46
0 13 0 11 0 0 0 0 0 0 0 40 0 0 0 0 0 0 0 0 0 0 6 0 0 0 0 0 0 0 0 0 0 0 0 0 0 0 0 0 0 0 49 0 0 0 0 0 0 0 0 0 38 0 0 0 0 0 0 0 0 0 0 0 0 0 0 0 0 0
0 0 0 0 0 0 0 0 0 0 0 0 0 0 0 0 0 0 0 0 0 0 0 0 26 0 0 0 0 0 0 0 0 0 15 0 0 0 0 0 0 0 0 0 0 0 0 0 0 27 0 0 0 0 0 0 0 0 0 0 0 0 0 0 0 0 0 0 0 0
0 0 0 0 0 0 0 37 0 0 0 0 0 0 0 0 0 0 0 0 16 0 21 0 0 0 0 0 0 0 0 0 0 0 0 0 0 0 0 0 18 0 0 22 0 0 0 0 37 0 0 0 39 0 0 0 0 0 0 0 0 0 0 44 0 48 0 0 0 13
0 0 5 0 0 0 0 0 41 0 0 0 8 0 0 0 41 0 0 0 0 0 0 0 0 0 0 0 0 0 0 0 0 0 0 0 14 0 0 0 0 0 0 0 0 0 0 0 0 0 0 0 0 0 0 0 0 0 0 0 0 0 0 0 0 0 0 26 0 0
0 0 0 0 0 19 0 0 0 0 0 0 0 0 0 0 0 0 0 0 0 0 0 0 0 0 5 0 1 0 0 0 0 0 0 0 0 39 0 0 0 0 9 0 0 25 0 0 0 0 0 0 0 42 0 0 0 0 0 0 0 32 0 0 0 0 0 0 0 0
0 0 0 0 0 42 0 0 0 0 0 0 0 0 0 0 0 0 0 0 0 0 0 0 0 0 41 0 5 0 0 25 0 0 0 46 0 0 0 0 0 0 0 7 0 0 0 0 0 0 0 0 0 0 0 0 0 0 0 0 0 0 38 0 8 0 0 0 0 0
0 0 0 37 0 45 0 0 39 0 0 0 0 12 0 0 37 0 0 0 0 0 0 0 0 0 0 0 0 0 0 0 0 0 0 0 0 0 0 33 0 0 0 0 0 0 0 35 0 0 0 0 0 7 21 0 19 0 16 17 0 0 0 34 0 0 0 0 0 0
0 0 0 0 0 0 0 0 0 21 0 0 0 0 0 30 0 0 0 0 0 7 0 0 0 0 0 0 0 0 0 0 0 0 0 0 0 0 0 0 0 0 0 0 0 0 0 0 0 0 0 0 0 0 0 0 0 13 0 0 0 0 27 0 0 0 0 0 0 0
13 0 0 0 0 0 0 0 0 0 0 50 0 0 0 0 0 0 0 0 0 0 0 0 0 21 0 0 0 0 0 0 0 0 0 0 46 0 0 0 0 0 0 0 0 0 0 0 0 0 0 0 0 22 0 0 0 43 0 0 0 0 0 0 0 0 0 0 0 0
0 0 0 17 0 0 0 0 0 1 0 0 0 0 0 0 0 0 0 0 0 47 0 0 14 4 0 0 0 0 0 0 0 0 47 0 0 0 0 0 0 0 0 39 0 0 0 0 0 0 0 0 0 0 0 0 0 0 0 0 0 0 0 0 0 0 0 0 0 0
0 0 0 0 0 0 0 0 0 47 0 0 45 0 0 0 0 0 45 0 0 0 0 7 0 0 0 0 0 0 0 0 0 0 32 0 0 16 9 0 0 0 0 0 0 14 0 0 0 0 0 0 0 0 0 0 0 0 0 0 0 0 0 0 0 0 0 0 0 0
0 0 0 0 0 0 0 35 0 0 0 0 0 0 0 0 0 0 0 0 0 0 0 0 0 41 0 0 0 0 0 0 0 0 0 0 0 0 34 0 18 0 0 0 22 7 0 0 29 0 0 0 0 36 0 0 15 0 0 0 0 0 1 0 0 0 0 0 0 0
0 0 0 0 0 0 0 0 0 0 0 24 0 0 0 0 0 0 42 0 0 0 0 0 0 0 0 0 0 0 0 0 0 0 0 0 0 0 0 0 0 10 0 37 0 0 0 0 22 0 0 0 0 0 0 0 0 0 0 44 24 0 0 0 34 0 0 0 0 0
0 0 0 49 0 0 0 0 0 0 42 0 49 0 0 16 0 0 0 0 0 0 0 0 0 23 0 0 0 0 0 0 0 0 0 0 0 0 0 0 0 23 0 0 0 0 0 0 0 0 0 41 0 0 0 0 0 0 0 0 0 0 0 0 0 0 0 14 0 0
0 0 0 0 0 0 0 0 0 0 0 0 0 0 0 0 23 0 44 0 0 0 0 0 0 0 0 6 0 0 0 0 0 50 0 0 0 0 0 0 0 0 0 0 0 0 0 0 0 0 0 0 21 14 0 0 0 0 0 11 24 0 46 0 0 0 0 0 0 0
13 0 0 0 0 0 0 0 0 0 0 0 0 0 0 0 0 0 0 0 0 0 0 0 0 0 0 0 0 0 0 0 0 0 0 0 0 0 0 0 0 0 0 0 0 0 0 0 0 0 0 10 0 0 0 0 0 11 0 0 0 11 0 26 0 30 0 19 0 0
0 15 0 0 0 0 0 0 0 0 0 0 0 0 0 0 0 0 0 0 0 0 0 0 0 0 34 0 0 0 31 0 0 0 0 0 0 48 0 0 0 0 0 0 0 0 0 0 0 0 0 0 0 0 0 0 0 0 0 0 0 0 0 0 0 0 0 0 0 0
0 0 0 0 0 0 0 0 0 0 0 0 0 0 21 0 0 0 0 0 38 0 0 0 48 0 0 0 0 0 0 0 0 16 0 19 0 12 0 0 0 0 0 0 0 0 28 0 0 0 0 0 0 0 0 1 0 0 0 0 0 0 0 0 1 0 22 0 0 0
0 0 0 0 0 0 0 0 6 0 0 0 5 0 0 5 0 0 0 0 26 0 26 0 0 0 32 0 41 0 0 0 0 0 42 0 0 0 0 0 0 20 0 0 0 0 0 0 0 23 0 0 0 0 0 0 31 0 0 0 0 0 0 0 0 0 0 0 0 0
0 34 0 0 0 0 0 0 0 0 0 0 0 0 0 0 0 0 0 0 0 24 0 0 0 0 0 0 0 0 0 34 0 0 16 0 0 0 0 0 0 44 0 29 0 0 0 0 0 0 0 0 0 10 0 0 0 0 0 0 0 0 0 0 0 3 0 29 0 0
0 0 0 0 0 0 0 0 14 0 0 0 38 0 0 0 0 0 0 0 0 0 7 0 0 0 0 0 0 0 0 0 0 0 0 0 0 0 0 0 0 0 35 0 3 44 0 0 0 0 41 0 35 30 5 0 0 0 0 0 0 0 0 44 0 0 0 0 0 0
0 0 0 0 0 0 0 0 0 0 0 0 0 0 49 0 0 0 0 0 0 0 43 0 0 0 0 0 0 0 0 0 0 0 1 0 0 0 0 25 0 0 0 0 0 47 0 0 0 0 0 0 0 0 0 0 0 0 0 0 43 0 0 0 0 0 0 0 0 0
0 0 0 0 0 0 0 0 0 0 3 4 6 0 0 0 0 0 0 0 21 0 0 0 0 0 0 0 0 0 5 0 0 0 0 17 0 0 0 0 0 0 0 0 0 0 0 0 0 0 0 0 0 0 0 0 0 0 0 0 6 6 0 0 0 5 0 0 10 0
0 0 0 0 0 0 0 0 0 0 0 0 0 0 50 0 0 42 5 9 0 0 0 0 0 0 0 0 17 0 0 0 0 0 0 19 0 0 0 0 0 0 0 0 19 0 0 37 0 0 0 0 6 0 0 0 0 0 0 0 0 0 0 0 0 0 0 0 0 43
0 43 36 0 0 0 0 0 0 0 0 0 48 0 0 0 0 0 0 0 0 0 0 0 0 0 0 0 0 0 0 0 0 0 0 0 0 0 4 2 0 0 0 0 0 0 0 0 0 0 0 0 0 0 0 0 0 0 36 0 21 0 0 0 0 7 0 0 0 9
24 0 0 0 0 0 19 0 0 0 0 0 0 0 0 0 0 0 0 9 0 0 0 0 0 0 0 0 0 0 0 0 0 0 0 0 0 0 0 0 0 0 0 0 0 19 0 0 0 0 0 0 0 0 0 0 0 0 33 0 0 0 0 0 48 0 0 0 46 0
0 0 0 0 0 11 0 0 0 0 0 0 0 0 0 0 0 0 0 0 0 44 0 0 6 0 0 0 0 9 0 0 0 0 0 0 14 0 0 0 0 0 0 0 0 0 44 0 0 0 25 0 0 0 0 0 0 0 0 0 0 0 0 0 0 0 0 0 0 0
0 0 0 1 0 0 0 0 0 0 0 0 0 0 0 0 0 0 0 0 0 0 0 36 0 0 0 0 0 0 0 0 27 0 0 0 0 50 0 0 0 0 0 0 0 26 0 0 0 0 0 45 0 0 0 0 0 0 0 0 0 0 0 0 0 0 0 0 0 0
20 7 0 0 14 0 0 0 0 0 47 3 0 0 0 0 0 0 0 5 0 0 25 0 0 0 0 0 24 0 30 0 0 0 0 0 0 0 0 0 0 0 0 26 0 15 0 0 0 0 0 0 0 0 0 0 0 0 0 0 0 0 0 0 0 0 0 0 0 0
0 0 0 0 0 0 0 0 0 42 0 0 0 0 5 0 0 0 0 24 19 0 0 0 0 0 0 0 12 0 0 0 0 0 0 0 0 0 0 0 0 0 0 0 1 31 0 0 44 0 0 42 0 0 0 0 0 0 0 0 0 0 0 0 0 0 0 0 0 0
0 0 0 0 0 0 0 0 0 0 0 0 0 0 0 0 0 0 0 0 0 14 0 0 0 33 0 0 49 44 0 0 0 0 0 12 0 0 0 0 0 0 0 0 1 0 0 0 0 0 0 0 0 0 0 0 0 0 0 0 0 0 0 0 0 0 0 0 26 0
0 0 0 0 0 0 0 0 17 0 0 0 0 0 0 0 28 0 0 0 0 0 0 0 0 0 0 0 0 0 0 0 0 0 0 0 0 0 0 0 0 15 0 0 0 0 29 34 0 0 0 0 0 0 0 15 0 13 0 50 0 0 0 0 0 0 0 0 0 0
0 0 0 0 0 0 0 8 0 47 0 0 0 0 0 0 13 0 0 0 16 4 0 0 0 0 36 0 0 0 0 0 40 0 0 0 0 0 0 0 25 0 0 0 0 0 0 0 0 0 0 0 0 0 0 0 0 0 0 0 0 0 0 0 0 0 0 0 0 0
0 0 23 0 0 0 0 0 0 0 0 7 0 25 0 0 0 44 0 0 0 0 0 0 0 0 0 0 0 0 0 0 0 0 0 0 0 0 0 0 0 0 12 0 0 0 0 0 0 0 0 0 0 0 0 0 0 10 0 0 0 0 0 0 0 0 0 0 0 0
0 38 0 0 0 0 0 0 0 0 0 28 0 28 0 0 9 0 0 0 0 0 0 0 0 0 0 0 0 0 0 0 0 0 0 0 0 0 0 0 0 0 0 0 0 0 0 0 0 0 0 0 0 0 0 7 0 0 42 0 0 0 0 0 0 0 0 0 0 0
0 0 0 0 0 17 0 0 0 0 0 0 0 0 0 0 0 0 0 0 0 0 0 0 0 0 0 0 0 0 0 0 0 0 0 0 0 0 0 0 0 0 0 0 0 0 0 0 0 19 0 0 0 0 0 0 0 0 0 4 0 0 0 0 0 9 0 0 0 0
0 0 0 1 0 0 0 0 0 0 0 0 0 0 0 0 4 0 0 0 0 0 0 0 0 0 0 0 0 0 0 0 0 0 14 0 0 0 0 24 0 6 28 0 0 0 30 0 0 0 0 0 0 0 0 0 0 0 0 0 0 0 0 0 0 50 0 0 19 0
0 0 0 45 0 0 0 0 0 0 0 0 0 0 0 0 0 0 38 0 0 0 0 0 0 0 33 0 0 4 0 0 0 0 0 0 0 18 0 0 0 0 0 0 0 17 0 0 0 0 16 33 5 0 0 0 0 0 0 0 0 0 0 0 0 0 0 0 0 0
0 0 0 0 0 0 0 0 0 0 0 0 0 0 0 0 0 0 0 0 0 0 0 0 0 0 38 0 0 0 0 0 0 0 0 0 0 0 0 1 0 0 0 0 35 0 0 0 0 0 0 0 0 0 0 0 20 0 0 0 0 0 0 0 16 0 0 0 0 0
18 23 0 0 0 0 0 0 0 0 0 0 0 6 0 0 0 0 0 0 0 0 0 0 0 0 0 0 0 0 0 0 0 0 0 22 0 32 0 0 0 0 49 50 0 0 0 0 0 0 0 0 0 0 0 0 0 0 0 0 0 0 8 0 0 0 0 0 0 30
0 0 0 0 0 0 0 0 0 0 0 0 0 0 38 0 0 0 0 0 0 0 0 0 2 0 0 0 0 0 0 0 0 0 3 0 0 0 0 0 0 0 0 14 0 0 0 30 0 0 0 0 0 39 0 0 0 0 0 24 23 0 0 0 0 0 0 0 0 0
0 0 0 0 0 0 47 0 0 0 0 0 0 0 0 0 0 0 0 8 0 0 0 44 0 0 7 0 0 0 0 0 0 31 0 0 0 0 0 0 0 0 24 0 0 0 0 26 0 0 35 0 0 0 0 0 0 0 0 0 21 0 0 0 0 0 0 0 0 0
0 0 32 0 0 0 0 0 0 0 24 0 0 0 0 0 0 15 0 0 12 0 0 0 0 0 0 0 0 16 21 0 0 0 0 0 0 0 0 0 0 0 0 10 48 0 0 0 0 25 2 0 0 26 45 0 0 0 0 0 0 0 0 0 0 0 0 0 0 0
0 0 9 0 0 0 0 0 0 0 0 0 0 0 0 0 0 0 0 0 0 0 0 0 0 0 0 0 0 0 0 0 0 0 39 0 0 0 47 0 0 0 0 0 2 0 0 0 0 0 0 0 0 0 0 0 0 0 20 6 0 0 0 0 0 0 0 0 0 39
0 0 0 0 0 0 0 42 0 0 3 0 44 0 0 0 4 0 0 0 0 0 0 0 0 0 0 0 0 0 0 29 0 0 39 0 0 0 0 0 0 0 11 13 0 0 0 0 0 0 0 0 0 0 0 0 0 0 0 0 0 0 11 0 0 0 0 0 0 0
0 0 18 0 23 0 0 0 0 0 35 0 0 0 0 41 0 0 0 0 0 0 0 26 0 0 0 0 0 0 0 10 0 0 0 0 0 14 12 0 0 0 0 0 0 0 0 0 0 0 0 0 0 34 0 50 47 0 0 0 0 0 0 0 0 0 0 42 0 0
0 0 0 0 0 0 0 0 0 0 0 0 0 0 0 0 0 0 0 47 0 0 17 0 0 43 0 0 0 0 0 0 0 0 0 0 0 0 0 0 0 0 0 0 0 0 0 0 0 0 0 0 0 0 10 0 0 0 28 25 0 0 0 0 0 0 0 0 0 0
0 0 37 0 0 0 0 0 0 0 0 0 0 0 29 0 0 0 0 0 0 0 0 5 0 0 0 38 0 0 0 0 0 0 0 0 0 0 0 0 0 0 0 0 0 0 0 0 50 0 0 0 29 0 0 0 22 0 0 0 34 0 0 0 16 34 0 0 0 0
0 0 0 0 0 0 0 0 0 45 0 0 0 14 5 0 0 0 0 0 33 42 0 0 0 0 0 0 17 0 0 0 0 31 0 0 0 0 0 16 0 0 0 0 0 0 0 0 0 0 0 19 0 0 0 0 0 0 0 0 0 44 0 0 0 18 0 0 0 0
0 0 0 0 0 0 0 0 0 0 0 0 0 0 0 0 0 0 42 0 0 0 0 0 0 13 0 17 25 0 0 0 0 0 0 0 0 0 0 0 0 50 0 0 0 10 0 0 12 28 26 0 0 0 0 0 0 33 0 0 0 0 0 21 0 34 0 0 0 0
0 0 29 0 0 0 2 0 0 0 0 0 0 0 0 0 0 0 0 0 0 0 0 0 0 0 0 0 0 0 0 0 0 0 0 0 0 0 0 0 0 0 0 20 0 0 0 0 0 0 0 0 0 0 0 0 0 0 0 0 0 0 37 0 0 0 0 0 0 0
0 0 0 0 0 0 0 0 0 6 0 0 0 0 0 0 0 0 2 0 0 0 0 0 45 0 0 0 26 0 0 0 0 0 0 0 0 0 0 23 0 0 44 0 0 0 0 0 0 0 0 0 11 30 0 49 0 0 9 0 26 0 0 0 0 0 0 0 0 0
0 0 0 38 0 21 0 0 0 0 0 0 0 0 0 0 0 0 0 0 22 0 0 0 0 0 0 0 0 0 0 0 0 0 0 0 0 0 0 0 0 0 0 0 42 0 0 0 37 0 0 0 0 0 0 0 0 0 0 0 0 0 41 34 0 0 0 0 15 9
0 0 0 4 0 0 0 0 0 0 0 25 0 0 0 0 0 0 0 11 0 13 0 0 0 0 20 5 0 0 41 0 0 0 0 0 0 0 0 0 0 0 0 0 0 0 48 0 0 0 0 0 0 0 0 0 5 0 0 0 0 0 0 0 0 0 0 0 0 0
0 0 0 0 0 44 0 0 0 0 0 0 0 0 6 0 0 0 0 0 0 0 0 0 0 0 0 0 0 0 0 0 25 0 0 0 0 15 0 0 0 0 0 0 0 0 0 0 0 0 0 0 0 0 0 0 0 0 0 0 0 0 9 0 0 0 0 0 6 0
30 0 0 0 0 0 0 6 0 0 0 0 0 0 0 0 0 0 0 0 0 0 0 0 0 0 0 0 0 0 0 0 0 0 44 0 0 0 0 0 0 0 0 0 0 0 0 21 0 0 12 0 0 0 0 0 0 0 0 0 0 0 0 0 0 0 0 0 0 46
0 0 0 0 0 0 0 0 0 10 0 0 0 0 0 0 0 0 0 0 0 0 0 0 20 0 0 0 0 0 0 0 0 0 0 1 16 0 0 0 0 0 0 0 0 0 41 0 0 0 0 0 0 0 0 0 0 0 0 0 0 0 0 0 0 0 1 0 47 0
0 0 0 0 0 0 0 0 0 0 5 0 15 0 0 0 0 7 0 0 0 0 0 0 0 0 0 0 0 0 0 0 0 0 0 0 0 0 0 0 0 0 0 0 39 0 15 0 0 5 0 0 0 0 0 0 0 0 8 0 49 0 0 0 6 0 0 0 8 0
24 0 0 0 0 0 44 0 0 0 0 0 0 0 0 0 0 0 26 0 0 0 0 0 0 0 0 0 0 0 0 0 0 0 0 0 0 0 0 0 0 0 0 0 0 0 37 24 28 0 30 0 43 0 0 0 0 0 0 0 0 0 0 0 0 0 0 0 40 0
0 0 0 0 0 0 0 0 0 43 0 0 26 0 18 0 26 0 7 0 24 0 3 0 0 0 0 0 0 0 0 0 0 0 0 0 0 0 0 0 0 0 43 0 0 0 0 0 0 0 0 0 0 0 0 0 0 0 0 0 0 0 0 30 0 0 0 34 30 0
0 0 0 0 49 0 0 0 0 0 0 0 0 0 0 0 0 0 0 0 0 0 0 0 0 35 0 0 31 0 0 0 0 0 0 0 0 0 0 0 0 0 0 0 0 49 0 0 0 22 0 0 0 0 0 0 0 0 0 0 0 28 0 0 0 0 19 0 0 0
0 34 0 0 0 0 0 0 0 0 0 0 44 0 27 0 11 39 0 38 0 0 0 5 0 0 0 0 0 0 0 0 0 0 2 5 0 0 0 0 0 0 0 0 0 0 0 0 0 0 0 0 0 0 0 0 0 0 0 25 0 0 0 0 0 0 0 0 0 0
0 0 0 0 0 0 18 0 0 0 3 0 0 0 0 0 0 20 0 0 0 0 0 0 0 0 0 10 0 0 0 49 0 0 0 0 0 0 0 0 0 0 0 0 0 0 0 0 0 0 0 0 0 0 0 0 0 0 13 0 0 0 0 0 0 0 0 0 0 0
0 0 0 0 0 0 0 0 0 0 0 0 0 0 0 0 0 0 0 44 0 0 0 0 0 0 0 0 0 0 0 0 0 0 0 0 0 0 0 0 0 0 0 0 0 3 0 0 0 0 0 38 0 0 0 5 0 0 0 0 0 0 0 25 0 0 0 0 0 0
0 0 0 29 0 0 0 0 0 0 0 0 0 0 0 0 0 0 0 0 0 0 0 0 0 0 0 0 0 2 50 0 0 0 0 0 29 0 1 44 0 0 20 0 0 0 41 0 0 0 0 0 0 0 0 0 0 0 0 0 0 0 21 0 0 0 0 0 0 0
0 0 0 0 0 0 0 0 0 0 0 0 0 0 0 0 0 0 0 0 0 0 0 0 0 0 0 0 0 0 0 0 8 0 0 0 0 0 0 0 0 0 0 0 0 0 0 0 0 0 0 0 0 16 0 0 0 0 0 0 0 0 0 0 0 0 0 0 0 0
0 0 0 0 0 0 10 0 12 0 0 0 0 14 0 0 0 0 0 0 0 0 0 17 0 0 0 48 0 0 0 0 0 43 0 0 0 0 0 0 0 0 0 0 0 0 0 50 0 0 0 0 0 0 0 0 0 0 0 0 0 0 0 0 0 0 0 0 0 4
29 0 0 0 18 0 0 0 0 0 0 0 0 0 0 0 0 0 0 0 0 0 0 50 0 0 0 0 0 0 0 0 0 0 0 0 0 0 0 23 4 0 0 0 0 5 0 0 0 0 0 0 0 0 0 0 0 0 0 26 0 0 21 0 0 11 0 0 0 0
0 0 0 18 0 0 19 0 0 0 0 0 0 0 0 0 0 0 0 0 0 0 0 0 0 12 0 0 0 0 37 0 0 39 0 0 0 0 0 0 14 0 0 0 37 0 0 0 0 0 0 0 0 0 0 0 0 0 0 0 0 0 0 0 0 0 27 42 0 0
0 0 0 0 0 0 0 0 0 0 0 0 2 0 0 0 0 0 31 0 47 44 0 0 0 0 0 0 0 11 0 0 0 18 0 0 0 0 0 0 0 0 12 0 0 0 0 50 0 0 15 0 0 0 0 0 0 0 0 0 46 0 0 24 0 0 0 42 22 0
0 0 10 0 19 0 0 0 30 0 0 0 0 0 0 0 0 0 0 0 0 0 0 0 0 0 0 0 0 0 0 0 24 0 0 0 0 0 0 0 0 0 37 0 0 0 0 44 0 0 0 0 0 0 0 0 0 0 0 0 0 0 0 0 0 0 0 0 0 0
0 0 0 0 0 0 0 0 0 0 0 0 0 0 0 0 0 0 0 46 0 0 0 0 13 0 0 0 5 0 0 0 0 0 0 0 0 0 0 0 0 0 0 0 0 0 31 0 0 0 0 0 0 0 0 0 0 0 0 0 0 0 0 0 0 0 0 0 0 0
0 0 12 0 0 0 30 0 0 0 0 0 0 0 0 0 0 0 0 0 0 0 0 0 0 0 47 0 0 40 0 0 0 0 0 0 0 0 0 0 0 0 0 0 0 0 0 0 0 0 0 0 0 0 0 0 0 0 0 0 0 0 0 3 0 0 0 0 0 0
0 0 0 0 0 0 0 0 0 0 0 0 0 0 0 0 0 0 0 0 0 0 0 0 0 0 0 0 0 0 0 0 0 0 0 0 0 0 0 0 0 0 0 0 0 0 0 0 32 0 0 0 0 0 0 0 0 0 0 0 0 0 0 0 0 0 0 0 0 0
0 0 0 0 0 0 0 0 0 0 0 0 0 0 0 0 0 0 0 0 0 0 0 0 0 0 29 0 0 0 42 0 0 0 0 0 0 0 0 0 0 0 0 0 9 6 0 0 0 0 0 0 0 6 0 0 0 0 8 41 0 0 0 0 0 0 0 13 0 0
0 0 0 0 0 0 0 0 0 0 0 0 0 44 0 2 0 0 0 0 0 0 0 0 0 41 0 0 0 0 0 0 0 0 0 0 31 0 0 0 0 0 0 0 0 41 0 11 0 44 0 0 0 0 0 0 0 47 0 0 0 0 0 0 0 0 0 0 0 25
0 0 0 0 0 2 0 0 0 0 0 0 0 0 0 0 0 0 0 0 0 0 0 0 10 0 0 0 0 0 0 0 0 0 0 0 0 0 16 0 0 0 0 0 0 0 0 0 0 0 0 0 0 0 0 0 0 0 0 0 44 0 0 2 0 0 0 0 0 0
0 0 14 0 0 0 0 0 0 0 0 44 0 0 0 0 0 0 0 0 0 0 0 39 0 1 0 0 0 0 0 0 0 0 0 0 0 0 0 0 0 0 0 0 0 0 0 0 0 0 0 0 0 0 0 0 0 0 0 0 0 0 0 0 0 0 0 0 0 0
0 0 0 0 0 0 0 0 0 0 0 0 0 0 0 9 0 0 0 0 0 0 0 0 0 0 0 0 0 0 0 33 0 0 0 0 38 14 0 0 20 0 0 0 0 0 0 0 0 0 0 0 30 32 0 0 0 0 0 0 0 0 10 0 0 0 0 2 0 0
0 0 0 0 0 0 0 0 0 0 0 2 0 0 9 0 0 0 0 3 8 0 0 0 0 0 0 0 0 0 0 0 0 0 0 0 0 43 0 0 22 12 0 0 13 0 0 0 0 0 0 0 0 0 0 0 47 0 0 0 0 0 0 0 0 0 48 0 0 0
0 0 0 0 0 0 0 0 0 0 0 0 0 0 0 0 0 0 22 0 0 0 0 0 0 0 0 0 0 0 0 0 0 0 0 0 0 0 0 0 0 0 0 0 50 0 0 0 0 0 0 0 0 0 0 0 0 0 0 0 0 0 0 0 0 0 36 0 0 0
0 0 0 0 0 0 0 0 0 0 0 0 0 0 0 0 0 0 0 0 0 0 0 0 0 0 0 13 0 0 0 0 0 4 0 0 0 0 0 0 0 0 0 0 0 0 0 0 0 0 0 0 0 0 0 0 0 0 42 0 0 14 0 0 0 0 0 0 0 0
0 0 0 0 0 31 0 0 0 0 0 0 0 0 0 0 22 0 0 0 0 0 0 0 0 0 0 0 0 0 0 0 0 0 0 0 0 0 0 0 10 0 0 0 0 0 0 0 0 0 0 0 0 0 0 0 0 0 0 0 0 0 0 0 0 0 0 0 0 0
0 0 0 0 0 0 0 46 0 0 0 0 0 0 0 3 0 0 0 0 0 0 0 0 0 0 0 48 0 0 0 0 0 0 9 0 0 0 0 0 0 0 3 0 0 0 0 0 0 0 0 0 0 0 0 0 0 0 0 0 0 0 0 0 0 0 0 0 0 0
0 0 0 0 0 47 0 0 0 0 0 0 0 0 0 8 0 0 0 0 0 0 0 0 0 0 0 0 0 0 0 19 0 0 0 0 0 0 0 0 0 0 0 0 40 0 0 0 0 0 0 0 46 0 27 0 0 0 0 0 0 0 0 0 0 0 0 0 0 0
0 0 0 0 0 44 0 0 0 0 0 0 0 0 0 0 0 0 0 0 0 0 0 0 0 0 5 44 0 0 0 0 0 0 0 0 0 0 0 0 0 0 0 0 0 0 0 0 0 0 0 42 0 0 0 0 19 0 0 0 0 0 0 11 0 30 0 0 0 0
0 0 0 0 0 0 0 0 0 0 0 0 0 0 0 0 0 0 0 0 0 0 0 0 0 0 0 0 0 0 0 0 0 0 0 0 0 0 0 0 0 0 0 47 0 0 36 0 0 0 0 0 0 0 0 0 0 0 12 0 0 0 0 0 0 0 0 0 0 0
0 0 17 50 0 0 0 0 0 0 0 0 0 39 0 0 0 0 0 0 0 0 0 0 27 0 0 0 0 0 0 0 0 0 0 0 0 0 0 0 0 0 0 0 0 0 0 0 0 0 0 0 47 0 0 0 48 0 0 4 0 0 0 0 0 0 33 0 0 0
0 0 0 0 0 0 0 13 0 0 0 0 10 0 0 0 0 0 0 0 0 0 0 27 0 12 0 50 0 0 0 0 34 0 0 22 0 0 0 0 0 0 0 0 0 17 0 0 0 0 0 0 0 0 0 0 0 0 0 0 0 0 0 0 0 38 0 0 0 0
0 0 0 0 12 0 0 0 0 0 0 41 0 1 0 0 0 0 0 0 0 0 0 0 12 0 22 0 0 0 0 0 0 0 0 0 20 0 0 0 0 0 0 0 6 0 0 0 0 0 0 0 0 0 0 0 5 0 0 0 0 0 0 0 0 0 0 0 0 0
0 0 0 0 0 0 0 0 47 0 29 0 0 0 0 0 0 0 0 0 0 5 0 0 0 22 0 0 0 0 9 0 0 0 0 0 0 0 0 0 0 0 0 0 0 0 0 0 0 0 0 13 10 0 0 0 0 0 0 0 0 0 0 0 0 0 0 0 0 0
0 0 48 0 0 0 0 0 0 0 0 0 0 0 0 0 0 13 0 48 0 44 0 0 50 0 0 0 0 0 42 0 0 0 0 0 0 0 0 0 0 0 0 0 0 0 0 0 0 0 0 0 0 0 0 0 0 0 0 0 0 19 8 0 0 0 0 0 0 0
0 0 0 0 0 0 0 5 0 0 0 0 0 0 0 0 0 0 0 0 0 0 0 0 0 0 0 0 0 0 0 0 0 0 0 0 0 0 0 0 0 0 11 0 10 39 0 0 0 0 0 0 0 0 0 0 0 0 0 0 0 0 12 0 0 0 0 0 0 43
2 0 0 0 0 11 0 0 40 0 0 0 0 0 0 0 0 0 0 0 0 0 0 0 0 0 0 0 0 0 0 0 0 0 5 0 0 0 0 0 0 0 0 0 0 0 0 0 0 0 0 0 24 0 0 43 0 0 0 13 0 0 0 0 0 0 0 0 0 0
50 0 0 0 37 0 0 0 0 0 42 0 0 0 0 0 0 0 0 0 0 0 0 0 0 0 9 42 0 0 0 0 0 0 0 1 0 35 0 0 0 0 0 0 0 8 0 0 40 0 0 0 0 0 0 0 0 0 0 14 0 0 0 0 0 0 0 0 0 0
0 0 0 0 0 0 0 0 0 0 0 0 0 0 33 0 0 0 0 0 19 0 0 0 0 0 0 0 0 0 0 0 0 0 0 0 0 0 0 0 0 22 0 48 0 0 0 0 0 0 0 0 0 0 0 0 0 0 0 0 0 0 0 0 0 0 8 0 0 0
0 8 0 0 0 0 24 0 0 0 0 0 0 0 0 0 0 0 0 0 0 0 0 0 34 0 0 0 0 0 0 0 0 0 0 0 0 0 0 0 0 0 0 0 44 40 0 0 0 0 0 0 0 0 0 0 0 0 0 0 0 0 0 13 10 0 0 0 0 0
0 0 43 0 39 18 0 0 0 0 0 0 0 0 0 0 0 4 0 0 0 0 0 0 0 0 0 0 0 0 0 0 0 0 0 0 0 0 0 0 0 0 0 0 0 0 0 0 0 0 0 0 0 0 0 0 0 0 0 0 0 9 0 0 0 0 0 0 0 0
0 0 0 0 0 0 0 0 0 0 0 0 0 0 0 0 0 0 0 9 0 0 0 0 0 0 0 0 0 5 0 0 0 0 0 0 0 0 0 0 0 0 0 0 0 7 0 0 0 0 0 0 0 0 0 0 0 0 0 35 27 23 0 0 0 0 39 0 0 0
0 0 0 0 0 0 0 0 0 0 0 0 0 0 0 0 0 0 0 0 0 0 0 0 22 0 0 0 0 0 1 0 0 0 0 0 0 0 0 0 0 0 0 0 0 0 0 0 0 0 0 50 0 15 0 0 0 0 0 0 0 0 0 0 0 0 12 0 0 0
29 0 0 0 0 0 0 0 0 0 0 31 0 0 38 0 0 0 0 0 0 0 0 0 0 20 0 0 0 0 0 0 0 0 0 0 0 0 0 0 0 0 0 0 0 25 0 0 0 0 0 0 0 0 0 0 0 0 17 0 0 0 0 0 0 0 21 0 0 0
0 0 0 0 0 0 0 0 0 0 0 0 0 0 14 43 0 0 0 0 0 0 0 0 0 0 0 0 0 0 35 0 0 0 0 0 0 0 40 0 0 0 0 0 0 0 0 0 0 0 0 0 0 0 0 0 0 42 0 0 0 35 0 0 0 0 0 0 0 0
1 0 0 0 0 0 0 0 0 0 0 0 16 0 0 0 0 0 0 0 0 0 0 0 0 0 0 0 0 0 0 0 0 0 0 0 0 40 0 0 0 0 0 0 0 0 21 0 0 0 0 0 0 0 0 32 0 0 0 0 24 0 0 0 0 0 0 0 0 41
44 0 0 23 0 0 0 0 0 0 0 0 0 0 0 0 0 0 0 0 0 0 0 0 0 0 0 0 0 0 0 0 0 0 0 0 0 0 0 0 0 17 0 27 0 0 0 0 0 0 0 0 0 0 11 0 0 0 47 0 0 0 0 0 0 0 0 0 0 0
0 0 0 4 14 0 0 0 0 0 0 0 0 0 20 22 0 0 10 0 0 0 0 0 0 0 0 0 0 0 0 0 0 0 0 0 0 0 0 0 0 0 34 0 0 0 0 0 0 0 0 0 0 0 0 0 0 0 0 0 0 0 0 0 0 10 0 0 0 0
0 0 0 0 0 0 0 0 0 0 0 0 0 0 0 12 0 0 0 0 0 0 0 0 0 0 0 0 0 0 0 22 0 0 0 0 0 0 0 17 0 0 0 0 0 0 0 0 0 0 0 0 0 0 0 0 0 0 0 0 0 0 0 0 0 0 0 0 0 0
20 0 0 0 0 12 37 0 0 0 0 0 0 0 0 0 0 0 0 3 0 0 0 0 0 0 0 0 11 0 0 0 0 0 0 0 0 0 0 0 34 0 0 0 0 0 0 0 0 0 0 0 0 0 0 0 15 0 0 0 0 0 0 0 0 0 0 0 0 37
0 0 0 0 0 0 0 0 0 0 0 0 0 0 0 0 0 0 0 0 0 0 47 0 0 0 0 0 0 0 0 48 0 0 0 0 0 0 0 27 0 0 0 0 32 0 0 0 0 0 0 39 0 0 0 0 19 0 42 0 0 0 0 0 0 0 44 0 0 0
0 0 0 0 37 0 0 0 0 0 9 0 0 0 0 13 50 0 0 0 40 0 0 0 0 6 0 0 10 0 0 0 44 0 0 0 0 0 0 0 0 0 0 32 0 0 0 0 0 0 0 0 3 0 0 0 0 0 0 0 0 0 42 0 0 0 0 0 0 0
0 0 0 5 0 0 0 0 0 0 6 41 0 0 0 0 0 0 0 0 0 0 0 0 17 0 0 0 39 0 8 0 40 0 7 0 25 0 0 0 0 0 0 0 0 0 0 0 0 0 0 0 0 0 0 0 0 0 0 0 0 0 0 0 0 40 0 0 0 0
41 0 0 0 0 0 0 31 0 0 0 0 0 0 0 0 0 0 0 0 0 0 36 0 0 0 0 0 0 0 0 0 0 0 0 0 0 0 21 0 0 0 0 0 0 0 0 3 0 0 0 16 0 0 0 0 0 38 0 0 16 0 0 0 0 0 0 0 0 0
0 0 50 0 0 50 44 0 0 0 0 11 0 0 0 0 0 0 0 0 0 0 0 0 0 0 0 0 0 0 0 0 0 0 0 0 0 0 0 0 0 0 0 0 0 0 3 0 0 0 0 0 0 0 0 0 0 0 0 0 0 0 0 0 0 0 0 0 0 0
0 0 0 0 0 0 0 0 0 32 0 0 0 0 0 0 0 0 0 0 0 0 0 0 0 0 0 0 0 0 40 0 0 0 0 0 0 0 0 0 0 0 0 0 0 0 0 0 0 20 0 0 0 1 0 0 0 0 0 0 18 0 0 0 0 0 0 0 0 0
0 0 0 0 0 0 0 0 0 0 0 44 0 0 0 0 0 0 0 0 0 0 0 0 0 0 0 0 0 0 0 0 0 0 0 0 0 0 0 0 0 0 0 0 0 0 0 0 20 0 0 0 0 0 42 0 0 0 0 0 0 0 0 0 0 0 0 0 0 6
0 0 0 0 0 15 0 0 0 0 0 0 0 0 0 0 0 0 0 0 0 0 0 0 0 0 0 0 0 0 0 0 0 0 0 0 0 0 0 0 0 0 0 0 0 0 0 0 0 0 0 5 0 0 26 0 0 0 0 0 0 0 0 0 0 0 0 0 0 0
0 0 0 0 0 0 0 0 0 0 0 0 0 0 0 0 0 0 0 0 0 42 0 0 0 0 13 0 0 0 0 0 0 0 0 50 0 0 0 0 0 0 0 39 0 0 16 0 0 0 5 0 0 0 0 0 0 0 0 0 0 0 0 0 0 0 0 0 0 0
0 0 0 0 0 0 0 0 0 0 0 0 0 0 30 0 0 0 0 0 46 0 0 47 0 0 10 0 0 24 0 0 0 0 0 0 0 0 0 0 0 0 0 0 3 0 0 0 0 0 0 0 0 0 0 0 0 0 0 0 0 0 0 0 0 27 0 0 0 0
0 16 0 0 0 0 0 0 0 0 6 0 0 0 32 0 0 0 0 0 0 0 0 0 0 0 0 0 0 0 0 0 0 0 0 15 0 0 0 0 0 0 0 0 0 0 0 0 1 0 0 0 0 0 0 0 0 0 0 0 0 0 0 0 0 0 8 0 10 0
0 0 0 0 0 0 0 0 0 0 0 0 0 0 0 0 0 0 0 0 27 0 0 0 0 0 0 0 0 0 0 0 0 0 0 0 0 0 0 11 0 0 0 0 0 0 0 0 0 42 26 0 0 0 0 12 42 0 0 0 0 0 0 0 0 0 0 0 0 0
0 0 0 0 0 0 0 0 0 0 0 0 0 0 0 0 0 0 0 0 0 0 0 0 0 0 0 0 0 43 0 0 0 0 0 0 0 0 32 0 0 0 0 0 0 0 0 0 0 0 0 0 0 0 12 0 0 0 0 0 0 0 0 13 7 0 0 32 0 44
0 0 0 0 0 0 0 0 0 0 0 0 0 0 0 47 0 0 0 0 0 19 0 48 0 5 0 0 0 0 0 0 0 0 0 0 0 0 0 0 0 0 15 19 0 0 0 0 0 0 0 0 0 0 42 0 0 0 0 0 0 31 0 0 0 0 0 0 11 11
0 0 0 0 0 0 0 0 0 0 0 47 0 0 0 0 0 0 0 0 0 0 0 0 0 0 0 0 0 0 0 0 0 0 0 0 0 42 0 0 0 0 0 0 0 0 38 0 0 0 0 0 0 0 0 0 0 0 0 0 0 0 0 0 0 37 0 27 0 0
0 0 0 0 0 0 0 0 0 0 8 0 0 0 0 0 0 42 0 0 0 0 12 0 0 0 0 0 0 0 0 0 0 0 0 0 17 0 0 47 0 0 0 42 0 0 0 0 0 0 0 0 0 0 0 0 0 0 0 0 5 0 0 0 0 0 0 0 0 0
0 0 0 26 0 0 0 0 0 0 41 0 0 0 0 0 0 0 0 0 0 0 0 4 0 0 0 0 0 13 14 0 0 0 35 0 0 0 0 0 0 0 0 0 0 0 0 0 0 0 0 0 0 0 0 0 0 0 0 0 0 0 0 0 0 0 0 0 0 0
0 0 0 0 0 46 0 0 0 0 0 0 44 0 0 0 0 0 0 0 0 0 0 0 0 0 0 0 0 0 0 0 0 0 27 0 0 0 24 0 0 0 0 0 0 0 16 0 18 0 0 0 0 0 0 0 0 0 5 0 0 0 0 0 0 0 0 0 0 31
0 0 0 0 0 0 0 0 0 0 0 0 0 0 0 0 0 14 0 0 0 0 0 0 0 0 0 19 0 0 0 0 0 9 23 0 0 35 0 0 0 0 0 0 0 0 0 0 0 0 0 0 0 0 0 0 31 0 0 0 0 0 0 10 0 0 0 0 0 0
21 0 0 21 0 0 0 0 0 0 0 0 0 0 10 0 0 0 0 0 0 0 0 0 0 0 0 8 12 0 0 0 0 0 0 0 0 0 0 0 0 0 0 0 42 0 0 0 0 0 0 0 0 0 0 0 0 0 0 0 0 0 0 0 0 0 0 0 0 0
0 0 0 0 0 24 0 0 3 0 0 0 2 0 0 0 0 0 0 0 0 11 0 0 0 0 0 0 0 0 0 0 13 0 0 0 0 0 0 0 0 0 0 0 0 0 0 0 0 0 0 0 0 0 0 13 0 0 0 0 0 10 0 0 0 0 0 0 0 0
0 0 0 0 0 0 0 0 0 0 0 0 0 0 0 0 0 0 0 0 0 0 0 0 0 0 0 0 0 0 0 0 10 0 0 0 0 0 0 0 0 0 0 0 0 0 0 0 0 0 0 0 0 0 0 7 0 0 0 0 0 0 0 0 0 0 0 0 0 20
0 0 0 11 0 0 0 0 0 0 0 0 0 0 0 0 0 0 0 0 0 30 0 0 38 0 0 0 0 0 0 0 0 0 0 0 0 0 0 0 10 0 0 0 0 40 0 0 0 0 0 0 27 0 0 0 0 37 0 0 0 0 0 0 0 0 0 0 34 0
0 0 0 0 27 0 0 0 0 0 0 0 0 0 0 48 36 0 0 0 0 0 0 33 0 0 0 0 0 0 0 8 0 0 39 12 21 0 0 0 0 0 0 44 0 0 0 0 0 0 0 0 0 8 0 0 0 0 0 0 0 0 0 0 0 0 0 0 0 0
0 0 0 0 42 42 0 0 0 0 13 0 0 0 2 0 0 0 0 0 0 0 0 0 0 0 0 0 0 0 0 0 0 0 0 0 0 0 0 0 0 0 0 0 0 0 0 0 0 0 0 0 0 0 0 32 0 27 0 0 0 0 0 0 0 0 0 0 0 0
0 0 0 0 0 22 0 0 0 0 0 0 0 0 0 0 0 0 0 0 0 0 0 0 0 0 0 0 0 0 0 0 0 0 0 0 0 0 0 0 0 0 0 0 0 0 0 0 0 0 0 0 0 10 0 0 11 0 0 0 0 0 0 0 0 34 0 0 0 0
0 0 4 0 0 0 0 0 0 0 0 25 0 0 0 0 0 0 0 0 0 0 0 0 0 0 0 0 43 0 0 0 0 0 0 0 0 0 41 0 0 0 37 0 0 0 0 0 0 6 0 0 0 0 0 44 11 0 0 0 31 0 0 0 20 0 0 0 0 0
