4
3 2 2
0 0 4
4 0 -9
0 0 -16
500
1 2
9 13
-20 1
3 17
3 3
-3 2
-9 1
2 10
-17 -7
3 3
4 7
-18 3
-16 2
-12 -11
-14 3
-4 3
-18 -14
8 20
-19 20
-8 2
-18 -17
1 6
-15 10
15 17
7 9
-15 -11
4 20
-18 3
-16 2
14 18
3 3
6 10
3 3
-8 11
14 18
-3 0
-6 3
-18 -1
2 18
10 11
-7 3
-18 -17
-1 -1
-20 -20
-15 -12
-18 3
1 7
5 12
16 20
3 3
3 17
3 3
-10 10
-5 1
-7 -5
-15 -11
-13 0
-5 -5
-10 3
-6 3
-12 -10
-11 2
-2 20
-4 11
3 4
9 9
-17 3
-12 20
-5 7
7 7
3 3
-20 -20
-9 2
2 2
1 19
-20 -1
-6 2
8 14
3 3
2 11
2 11
3 3
3 3
7 18
-11 7
-15 1
-3 -2
-8 -6
12 20
-20 0
3 3
9 9
-4 2
3 16
-20 -17
-9 -6
9 17
3 3
1 2
3 13
-18 -18
-6 2
9 18
-2 -2
-20 -16
-19 5
9 11
-11 -7
-12 -12
13 15
-19 3
-14 -13
-8 -3
5 15
-18 14
3 3
-15 20
-10 -10
8 18
-14 -12
-7 7
2 3
-12 3
3 3
12 19
-8 -3
-13 12
-18 -4
19 19
3 7
4 10
5 14
7 11
-5 -5
3 15
-18 -9
4 14
-19 -8
-18 -8
-11 -11
0 13
-20 -18
-19 2
-13 19
4 15
3 3
-17 7
15 15
14 19
-20 -10
3 4
-20 -18
4 18
-6 1
-7 2
3 3
6 16
-14 -8
-5 3
3 16
3 9
-17 -8
-1 9
3 5
-11 -11
6 17
8 16
-4 -1
-20 -19
3 3
3 4
-15 -11
2 20
7 17
13 18
-10 7
-19 -9
-13 16
-15 -11
-9 -4
-11 13
3 3
-16 -11
4 14
4 11
4 14
-20 -11
-15 3
-20 -7
6 10
0 3
12 16
-19 2
6 17
-19 0
3 3
5 6
-18 0
3 3
5 16
8 10
3 3
3 3
-5 4
-15 2
-10 -8
-12 14
-17 -5
-6 3
3 16
-7 1
1 3
6 6
3 3
-10 -7
-2 9
-20 -8
-18 3
-19 -4
-17 -7
-20 -17
-13 -3
-4 11
-12 -4
-5 -1
3 3
-14 -12
1 1
-20 -19
-11 9
-18 -17
-18 -12
-15 2
-3 7
-18 2
-14 18
3 3
-14 -12
-8 -7
3 3
-15 -9
15 19
-13 -12
16 20
-11 6
7 11
9 14
4 14
4 4
-18 -18
1 17
12 17
-12 -4
12 19
-17 -8
3 3
4 8
-14 -13
-2 -1
3 3
7 16
-6 -1
15 17
-12 -12
3 17
4 8
3 3
1 3
-3 1
-15 -15
3 3
3 20
-8 -2
-15 -11
6 16
-13 -12
4 7
4 5
-4 3
-8 9
3 6
-18 3
-12 -7
-20 4
-20 3
-12 0
-19 9
-20 3
14 15
8 14
-16 -11
8 11
-11 2
6 17
-14 -2
-19 -15
-8 -3
-20 -20
0 4
-5 -3
3 3
-18 -16
-7 -2
9 18
-2 6
7 18
-14 -13
-12 -10
3 16
4 16
8 13
-9 3
5 15
11 11
-17 0
3 3
-14 -6
15 15
-14 -6
-17 1
4 10
-15 3
3 3
-15 -15
-12 1
8 11
-6 3
6 16
-10 2
0 1
-18 7
4 11
-17 3
-16 -7
-20 -17
-18 -17
3 3
-15 10
-2 13
-9 -8
-14 8
-20 19
-19 -13
3 3
-6 15
-14 13
-2 3
12 16
-14 -5
-20 -3
-12 16
-13 -6
8 9
-19 -18
-18 7
3 3
10 16
3 3
-18 2
-18 2
12 19
-4 2
3 7
-13 -9
2 2
-20 -17
18 18
-20 -17
-1 8
7 7
9 11
3 9
-19 9
-1 -1
13 20
8 19
-9 2
-13 3
-15 -10
-7 -1
-20 -16
20 20
11 18
3 3
8 8
-16 10
5 17
-13 1
-20 6
-14 -11
-2 13
3 3
6 8
-7 7
-18 -15
8 10
-17 -17
-16 2
-17 -11
4 14
10 14
-7 1
-13 -7
3 3
3 3
3 3
9 11
-9 -7
-6 -4
17 20
-7 16
4 14
-1 12
-11 -10
3 17
4 13
-18 5
-13 -1
3 3
-7 20
-15 -11
12 17
11 16
-3 10
-2 -2
4 11
-9 2
11 15
-9 -8
-2 -2
12 15
-17 11
-8 -5
-5 2
3 3
3 12
7 9
-17 9
-17 -8
-18 -18
5 16
-7 -5
-11 -11
19 19
0 1
-11 2
-18 -14
-6 -5
-15 -9
15 16
9 19
-3 2
-19 4
-18 -17
3 3
-19 -3
3 4
-4 2
9 13
-20 -5
-7 3
6 6
-19 -17
-11 -2
0 20
5 13
-7 10
7 18
10 16
15 16
-3 2
-19 -5
14 17
10 11
-14 4
-20 -5
-16 3
3 3
-5 1
-20 6
-14 17
0 3
-17 -17
-19 4
-13 3
-8 -1
-12 3
-11 -10
0 11
-18 -18
-20 -15
-7 2
-4 -2
8 9
-16 -15
1 14
3 3
5 12
-14 13
3 3
