50 3348 13314 7348 9314
3348 13314
2973 13312
-684 13191
-734 13186
-2680 12965
-4006 12625
-5165 12252
-7384 11349
-8214 10996
-10023 10226
-10674 9885
-11227 9532
-11672 9226
-11725 9171
-11937 8729
-12228 7988
-12651 6797
-12889 5145
-12673 3988
-12436 3010
-12137 2030
-11676 824
-11437 280
-11382 160
-10809 -928
-10591 -1310
-10133 -2061
-9568 -2661
-9088 -3123
-6396 -5330
-5567 -5818
-4849 -6203
-4624 -6318
-2900 -7016
-2522 -7155
-1655 -7356
1495 -8001
1743 -8035
5698 -8048
6166 -7528
7024 -6511
7289 -5986
7875 -2713
8019 1420
8032 5003
8025 6493
7941 7283
7127 10085
6658 11167
3875 13010
