70 70
0 55 64 15 65 5 3 49 2 48 7 26 20 19 69 50 12 39 30 54 40 11 21 62 61 38 51 24 25 66 28 27 58 57 35 14 59 23 41 9 18 46 6 32 45 42 68 52 37 36 31 44 47 53 16 56 1 13 22 10 8 34 43 17 67 29 60 33 4 63
0 0 0 0 28 0 0 0 34 0 19 0 0 0 0 0 0 50 0 0 0 0 0 0 0 0 0 0 0 0 48 0 0 13 0 37 0 45 0 0 0 0 0 0 0 46 0 0 0 0 0 9 0 0 0 0 0 0 0 0 0 0 0 0 7 0 0 0 16 7
0 0 0 0 0 0 0 0 0 0 0 0 0 0 0 0 0 0 0 0 0 0 0 0 0 0 49 0 0 27 42 0 0 0 0 0 0 0 0 46 0 0 0 0 0 0 0 0 0 0 36 0 0 0 0 0 0 0 0 0 0 0 0 0 0 0 0 39 0 0
0 0 0 0 0 0 6 0 0 0 0 0 0 0 17 0 0 0 0 0 0 29 0 0 0 0 0 0 48 0 0 0 0 0 0 10 0 0 0 0 0 34 0 47 0 0 0 0 0 0 0 26 0 0 0 0 0 0 0 0 0 36 0 0 0 0 0 0 0 47
0 0 0 0 0 0 0 0 0 0 0 0 0 0 0 0 0 0 0 0 0 0 0 0 0 0 0 0 46 0 0 0 0 0 0 0 0 34 14 0 0 0 0 0 0 0 0 0 0 7 0 0 0 0 0 0 0 0 0 0 0 0 0 0 0 39 0 0 0 0
0 0 0 0 0 0 0 0 6 0 0 0 0 0 0 0 0 0 0 0 0 0 0 0 0 0 0 0 0 0 0 4 0 0 0 0 0 0 0 0 0 0 0 19 0 0 0 0 0 0 0 0 0 0 0 0 0 0 36 0 0 0 0 14 0 0 50 0 0 0
0 0 0 0 22 0 0 0 0 0 0 0 0 0 4 0 0 0 0 0 0 0 0 0 15 0 0 0 0 0 0 0 0 21 25 0 0 0 35 0 0 36 0 23 45 0 0 6 0 0 0 0 0 0 43 0 39 0 0 0 0 0 24 0 0 0 0 0 0 0
0 0 0 0 17 0 0 0 19 0 0 0 0 0 0 0 0 0 0 0 0 0 0 0 0 0 0 0 0 0 0 33 0 0 0 0 0 0 40 0 0 0 0 0 0 0 0 0 40 0 0 0 0 0 15 0 0 0 0 0 0 0 0 0 49 0 0 0 0 0
0 0 0 0 0 0 0 0 0 0 0 0 0 0 0 0 0 0 0 0 0 0 0 0 0 0 0 0 0 0 39 0 0 37 0 0 0 0 0 0 0 44 0 0 0 0 0 0 0 0 0 0 0 0 0 0 0 0 0 0 0 0 0 0 0 41 45 0 0 0
0 0 0 0 0 0 0 0 0 0 0 0 0 0 0 0 0 2 0 0 0 0 0 0 0 0 0 0 31 0 0 0 0 0 0 0 0 0 0 0 0 0 0 0 0 0 0 0 48 0 0 0 0 0 0 0 0 0 0 0 0 0 40 0 0 0 0 0 0 0
5 0 0 0 0 0 0 0 0 0 0 0 0 0 0 17 4 0 0 30 0 0 0 0 0 0 0 0 24 0 0 0 0 0 0 0 0 0 40 0 0 0 0 0 0 0 0 0 0 0 0 0 0 0 0 0 0 0 5 0 0 0 0 0 0 0 0 0 0 0
0 0 0 0 49 0 7 0 45 0 0 0 0 0 0 45 11 34 0 0 0 0 0 0 0 42 49 0 0 0 1 0 0 39 0 0 0 0 0 0 0 0 0 0 0 0 0 0 0 33 0 0 50 0 0 0 0 0 0 0 0 0 0 0 0 0 0 0 0 19
0 0 0 0 41 0 44 0 0 0 0 0 0 34 50 0 0 0 0 0 0 0 0 0 0 0 0 0 0 0 0 0 0 0 0 0 0 0 0 0 0 11 0 0 15 0 0 0 0 0 0 0 0 0 0 0 0 0 44 0 0 0 27 0 0 0 0 0 0 0
0 0 26 0 0 0 0 43 50 49 0 0 0 0 0 0 39 0 0 0 0 26 0 0 0 0 0 0 0 0 0 0 0 0 0 0 0 0 25 0 11 0 0 1 0 0 0 0 0 0 0 0 0 0 0 0 0 0 0 0 0 0 0 0 0 0 0 0 35 0
0 0 14 0 0 0 0 0 0 38 21 0 0 0 0 0 0 0 0 0 0 0 0 0 0 38 0 0 0 0 19 0 0 40 0 0 40 11 0 0 0 0 0 0 0 0 0 0 0 0 0 39 0 0 42 0 48 0 0 0 0 0 0 0 0 0 0 0 0 0
11 0 0 0 0 0 0 0 0 0 0 0 0 0 0 0 32 41 27 19 0 0 0 0 0 0 18 0 0 0 0 0 0 36 0 0 0 0 33 0 0 0 0 0 0 0 0 0 0 0 0 0 0 0 0 0 0 0 0 0 0 0 50 0 0 0 0 0 0 0
0 0 0 0 0 0 0 4 0 0 0 0 0 0 0 0 0 0 0 11 0 0 0 0 0 0 0 0 0 35 0 0 29 0 0 0 0 0 0 0 0 0 0 0 0 0 0 0 39 0 0 34 0 0 0 0 0 0 0 0 0 0 0 0 0 0 0 0 0 0
0 0 0 30 0 0 0 0 0 0 17 0 0 0 0 0 0 0 0 0 0 47 0 0 0 0 48 0 0 0 0 0 0 47 0 40 0 0 0 0 0 0 0 0 0 0 0 0 0 0 0 0 0 0 0 0 0 0 0 5 24 0 0 0 0 0 0 0 0 0
0 0 0 0 0 0 0 0 0 0 0 0 0 20 0 0 0 0 0 0 0 0 0 0 0 0 0 0 0 17 0 0 0 0 0 0 0 0 0 0 0 0 0 23 0 0 16 0 20 0 0 0 0 0 0 0 0 0 0 0 0 0 0 0 0 0 0 0 1 19
0 0 0 0 0 0 0 24 0 18 0 0 0 0 0 43 0 0 0 0 0 0 0 5 0 0 0 0 0 0 0 0 0 0 0 0 0 0 0 0 0 0 0 0 15 30 24 0 0 0 0 0 0 0 31 0 0 0 15 0 0 0 0 0 0 0 26 32 0 29
0 0 17 0 0 0 0 0 0 0 0 0 2 0 0 0 0 0 0 0 12 0 0 0 0 0 0 0 0 0 0 0 0 0 42 0 0 0 0 0 0 0 0 0 0 0 0 0 0 0 0 0 0 18 0 0 13 0 0 0 0 0 0 0 2 26 0 0 0 0
0 0 0 0 0 30 0 0 0 0 37 0 0 0 0 0 0 0 0 24 0 47 31 0 4 0 0 0 0 0 0 0 0 0 0 0 0 0 0 42 0 0 0 0 23 0 0 0 0 0 0 0 0 0 0 0 40 0 0 0 0 0 0 0 0 0 0 0 0 24
0 48 0 0 0 0 0 0 0 0 0 0 0 47 1 0 0 0 0 0 40 0 0 0 0 0 43 0 36 0 0 0 0 0 0 0 0 0 0 0 0 0 0 0 0 0 0 0 41 0 0 0 0 33 0 0 0 0 8 0 37 0 0 0 0 38 23 6 0 0
0 7 0 0 0 37 0 0 0 0 0 0 0 0 0 0 0 0 0 0 0 0 0 0 0 0 0 0 0 0 0 36 0 0 0 0 0 0 0 0 0 0 0 0 26 0 0 0 0 0 0 40 0 0 0 0 14 0 0 26 46 49 0 0 0 24 0 0 0 0
2 0 0 0 0 0 0 0 0 0 0 0 0 0 0 0 0 0 0 15 40 0 0 27 0 0 33 38 0 19 0 0 0 0 34 0 0 0 0 43 0 0 0 0 0 0 0 9 0 0 0 0 0 0 0 0 0 28 0 0 0 0 0 0 0 0 0 0 0 0
0 0 19 0 0 0 0 0 0 0 0 11 0 0 0 0 0 30 14 0 0 0 0 0 47 0 0 0 0 0 0 0 0 0 0 0 0 0 42 0 0 0 0 1 0 0 0 0 29 0 0 0 25 0 0 0 0 0 0 0 0 0 0 0 0 0 0 0 8 0
0 0 0 0 0 0 36 0 0 0 23 0 0 19 0 0 0 0 0 0 0 0 0 0 0 0 0 0 0 0 0 0 0 0 0 0 0 0 0 0 16 0 0 0 0 0 0 0 0 0 0 0 0 0 0 0 0 0 0 0 0 12 0 0 0 0 0 0 0 0
0 0 0 8 0 21 0 0 0 0 0 0 0 0 0 0 0 0 0 0 0 0 0 0 0 0 0 0 0 0 25 0 0 0 0 0 0 0 30 0 0 0 0 0 0 0 0 0 0 0 0 0 0 0 16 13 0 0 0 0 0 0 0 0 0 0 0 0 0 0
0 0 0 0 0 0 0 6 0 27 0 0 0 0 0 0 0 0 0 0 17 0 0 0 0 0 0 0 0 0 0 0 0 0 0 0 0 0 0 0 0 0 0 0 0 0 0 47 0 0 0 0 0 0 0 0 0 0 0 5 0 0 0 0 0 0 0 0 0 0
0 0 0 0 0 0 0 0 0 0 0 0 0 46 0 0 0 18 0 0 0 0 0 0 0 0 0 0 47 0 0 0 0 42 0 0 0 0 0 0 0 0 0 18 0 0 0 0 0 0 0 0 0 0 21 0 0 0 0 4 0 0 0 0 0 0 0 0 0 0
0 44 0 0 0 0 0 0 0 0 0 38 0 0 0 0 0 7 2 0 0 0 0 0 0 0 0 0 1 0 0 0 23 0 0 0 0 0 0 0 0 50 0 0 0 0 14 0 0 0 0 0 0 0 37 0 0 0 0 0 0 0 0 0 0 0 0 48 41 0
0 0 0 0 0 0 0 0 0 0 0 0 0 0 45 21 0 0 0 0 0 0 10 0 0 0 0 0 0 46 0 0 0 0 0 0 17 0 0 0 0 0 35 0 0 0 0 0 0 0 0 0 0 0 0 0 0 0 0 0 0 0 0 0 0 0 0 0 0 0
0 1 0 0 0 0 0 34 0 0 0 0 49 0 0 0 0 0 0 0 0 0 0 0 0 0 0 0 0 0 0 0 0 0 0 0 0 0 0 0 0 38 0 0 0 0 0 23 31 20 24 24 0 8 0 0 0 0 0 0 0 0 6 0 0 0 3 0 0 0
0 0 0 0 5 0 0 0 0 0 0 0 0 0 18 0 0 0 0 0 0 0 0 0 0 0 0 0 0 0 0 0 0 21 0 48 0 0 0 49 41 0 0 0 0 39 0 0 0 46 15 0 0 22 0 0 0 0 0 0 0 16 0 0 0 0 0 0 0 0
0 0 0 0 0 0 0 0 0 0 50 0 0 0 0 41 0 0 13 0 0 0 0 0 0 0 0 0 0 0 0 0 0 0 11 0 3 21 0 0 0 0 0 0 0 0 0 0 1 0 0 0 0 0 0 0 0 0 0 0 0 43 0 0 0 0 0 0 0 0
0 0 0 41 0 0 0 0 0 0 0 0 0 0 0 0 0 0 44 0 0 0 0 0 0 0 0 0 0 0 0 0 0 0 0 30 0 0 0 0 0 0 0 0 0 0 0 0 0 0 0 0 0 26 0 14 0 0 0 0 0 0 27 0 0 0 0 0 0 0
0 50 0 0 0 0 21 0 0 0 0 0 0 43 0 0 0 0 0 0 0 0 0 0 0 0 0 4 0 0 0 0 0 0 0 0 8 0 0 0 0 0 0 0 0 0 0 0 0 0 0 0 0 0 0 0 0 0 19 0 0 0 0 0 0 0 0 0 39 0
0 0 0 0 0 0 0 0 0 0 0 0 34 0 0 0 0 0 0 0 0 0 0 0 0 0 0 0 0 30 0 0 0 0 0 0 0 0 0 28 0 0 0 0 3 37 0 0 35 0 0 0 0 0 0 0 0 0 31 0 0 0 0 0 0 0 0 0 0 0
0 0 0 0 26 0 0 0 0 0 26 0 0 20 0 0 0 20 0 0 0 0 0 0 0 0 0 0 0 0 0 0 0 0 0 0 0 0 0 0 0 0 0 0 0 0 0 0 0 0 0 0 0 0 0 0 39 0 0 0 0 0 0 0 0 0 0 0 0 25
0 0 0 31 0 0 0 0 0 45 0 0 18 0 0 0 0 0 38 0 0 0 0 15 0 31 0 0 0 48 0 0 0 0 0 25 0 49 0 42 0 0 0 0 0 0 37 0 19 0 0 0 0 0 0 33 0 0 0 0 0 0 0 0 0 6 0 0 0 0
0 14 0 12 0 0 0 0 0 0 0 0 0 0 0 0 0 0 0 0 0 0 0 0 0 0 43 0 0 0 0 0 0 0 0 0 0 0 0 0 0 0 0 0 0 0 0 0 0 0 0 0 3 0 0 0 0 0 0 0 0 0 0 34 0 0 0 0 0 22
0 0 0 0 0 0 0 35 0 0 0 0 0 0 0 0 8 0 0 0 0 0 0 0 0 22 0 17 0 0 0 0 0 0 0 0 0 0 0 0 0 0 0 0 0 0 0 19 0 0 0 0 0 0 0 0 0 0 0 0 0 0 0 0 0 46 0 0 0 0
0 0 0 0 0 0 0 0 0 0 0 0 0 0 0 0 0 0 0 0 0 40 0 0 0 0 0 29 0 0 47 40 0 0 0 0 0 0 0 0 0 0 0 0 0 0 0 0 4 2 0 0 0 0 0 0 0 0 0 27 0 0 0 0 0 0 0 0 0 0
0 0 0 0 0 0 0 0 0 0 0 0 47 28 0 0 0 0 0 0 39 11 0 0 0 0 5 0 4 0 0 30 0 0 0 0 0 0 0 0 0 0 0 0 0 0 0 0 0 0 0 0 0 0 0 0 0 1 0 0 0 0 0 0 0 0 0 0 0 0
0 0 0 0 0 27 0 0 0 0 0 0 0 0 0 0 0 0 32 0 0 0 0 0 0 0 0 0 0 0 0 0 0 0 0 0 0 0 0 0 39 0 0 0 0 0 23 0 35 0 43 40 0 0 0 0 0 0 0 0 0 0 0 0 0 0 0 0 0 0
0 0 0 0 0 0 0 0 31 0 0 0 0 0 0 16 27 0 0 0 0 5 0 0 10 0 0 0 0 32 0 0 0 0 0 0 0 0 0 0 0 35 0 0 0 0 0 0 36 25 0 0 0 0 0 0 28 0 0 0 0 36 44 0 0 0 0 0 0 0
5 0 0 0 0 0 0 0 0 0 0 0 0 0 0 0 0 0 0 0 0 25 0 0 0 0 0 0 0 0 0 0 0 0 0 0 0 40 0 0 0 49 0 0 0 0 0 0 47 0 0 14 0 0 0 0 36 5 0 0 0 0 0 0 0 0 0 0 0 0
0 0 0 0 0 0 0 0 0 0 0 0 0 0 15 0 0 0 0 0 0 0 0 0 0 0 30 0 0 0 0 0 0 0 0 0 0 0 22 0 0 0 0 0 0 17 0 0 0 0 0 23 0 0 0 0 0 0 0 0 0 0 0 0 31 0 0 0 0 0
0 0 0 0 0 0 0 0 0 0 0 0 0 0 0 0 42 21 0 0 0 0 0 0 0 0 0 0 0 0 0 25 0 0 0 0 0 0 0 0 0 0 0 0 0 0 0 0 0 0 0 0 0 0 0 0 0 0 0 0 0 0 0 0 0 0 0 0 0 0
0 0 0 0 0 0 13 0 0 0 0 0 0 0 12 0 45 0 0 0 0 0 25 28 0 0 0 7 0 0 0 0 0 0 0 0 0 0 0 0 0 0 0 40 46 0 0 0 0 0 42 0 41 23 12 0 0 0 0 0 0 0 0 0 0 0 21 0 0 0
11 0 0 0 0 0 39 0 0 0 0 0 0 0 0 0 0 0 0 0 20 0 0 0 0 0 0 0 0 0 0 0 0 0 0 0 0 0 0 42 0 0 0 0 0 0 0 15 0 0 0 0 0 0 0 0 0 0 16 0 3 0 0 0 0 0 0 0 0 0
0 0 0 0 0 0 0 0 0 0 0 0 0 0 0 0 0 0 0 0 0 0 0 44 0 0 0 33 0 0 0 0 0 0 0 0 0 0 0 0 0 0 0 14 0 0 0 0 0 0 20 0 0 0 0 40 0 0 0 0 0 49 0 0 0 0 0 0 50 0
0 16 0 0 0 0 0 0 0 0 0 0 0 0 0 0 1 0 0 46 31 0 33 0 0 0 0 0 0 0 0 0 0 0 0 0 0 0 0 0 0 0 49 0 35 0 0 0 0 0 0 0 0 0 0 0 0 44 0 0 0 1 0 18 0 0 0 0 0 0
0 0 4 0 0 0 0 0 0 5 33 0 0 0 0 0 0 0 0 0 0 0 0 0 0 0 0 0 0 0 0 0 50 0 28 17 40 16 0 0 0 0 0 5 0 0 0 9 0 0 0 29 0 0 0 0 0 0 0 0 0 0 0 2 0 0 0 0 0 45
0 0 0 0 0 0 0 0 0 0 9 0 0 0 1 0 0 46 0 0 21 0 0 0 0 0 0 0 0 0 0 0 0 0 0 0 0 0 0 0 0 0 0 0 0 0 0 1 0 0 0 0 0 0 0 0 0 42 0 0 0 0 0 0 0 0 0 0 0 0
0 0 0 0 0 0 0 0 0 0 27 0 0 0 0 0 0 0 0 0 0 0 0 0 0 0 0 0 0 0 0 0 0 0 18 0 0 7 0 0 0 0 0 27 0 0 0 0 29 0 0 0 0 0 0 0 0 0 17 8 0 0 0 0 0 0 0 0 0 0
0 0 41 0 0 0 0 0 0 0 0 0 0 0 0 0 0 0 0 0 0 0 0 0 0 0 0 49 0 0 0 8 0 0 0 0 40 0 34 0 0 0 0 7 0 0 0 0 0 0 0 0 0 8 45 0 0 0 36 0 12 0 0 0 0 0 0 0 17 0
0 0 0 0 0 0 0 0 0 0 0 21 0 6 0 0 0 0 0 0 0 0 0 0 0 6 0 0 0 45 0 0 0 0 10 0 0 0 0 0 0 0 0 0 0 35 0 0 0 0 0 0 0 0 0 17 0 24 0 0 0 0 0 0 0 0 0 0 0 0
0 9 0 34 0 0 0 0 0 0 0 0 0 0 0 0 0 0 0 0 0 0 0 0 0 0 0 0 0 0 0 0 0 0 30 3 0 0 7 0 0 0 0 0 0 0 0 0 0 0 7 0 0 0 0 0 0 6 0 0 0 0 0 0 0 0 17 0 0 0
0 0 0 0 0 0 0 0 0 0 3 0 0 0 0 0 0 0 0 0 0 0 0 0 0 0 0 0 0 0 0 0 0 0 16 0 0 0 0 48 0 0 0 0 0 6 0 0 0 48 0 0 0 0 0 0 0 0 27 0 0 0 0 15 0 0 0 0 0 36
0 0 46 18 0 0 35 0 0 3 0 0 0 0 0 0 0 11 0 0 0 0 3 40 0 0 0 0 0 25 40 0 0 0 0 0 0 40 0 0 0 0 0 25 0 0 50 0 0 0 0 40 0 0 0 0 0 0 0 0 0 0 0 0 24 0 0 0 0 0
0 0 0 0 0 46 0 0 0 0 0 0 0 26 0 0 0 0 0 0 41 0 0 0 0 0 0 0 0 0 0 0 0 0 0 0 0 47 0 0 0 0 0 0 0 0 44 0 0 0 49 42 0 0 0 0 20 0 0 0 0 7 0 0 0 0 0 0 0 0
0 0 0 0 0 0 0 0 0 0 0 0 0 0 0 0 0 9 0 11 0 0 0 0 0 0 0 0 0 0 0 0 0 0 0 0 0 0 0 0 0 0 0 0 0 0 0 0 0 0 0 0 0 0 0 0 0 40 0 0 0 0 43 0 0 0 0 0 0 0
0 0 0 0 0 0 0 0 0 0 0 0 0 0 0 0 0 0 0 0 0 0 0 0 35 0 0 0 0 0 0 0 0 0 0 0 0 0 0 0 0 20 0 0 0 0 0 0 0 28 0 3 0 0 0 0 0 0 0 0 0 0 0 0 0 0 16 0 0 0
0 0 0 0 0 0 0 0 0 33 0 0 0 0 5 0 0 36 0 0 0 27 0 0 0 0 0 0 0 0 0 0 0 0 31 0 0 0 0 0 0 0 0 0 0 0 0 0 0 0 19 0 0 0 0 0 0 0 0 0 0 0 0 0 0 0 0 31 0 0
0 0 0 0 0 34 0 0 0 0 0 0 6 0 0 0 30 0 24 0 0 0 0 0 0 0 0 0 0 0 0 9 0 0 0 0 6 0 0 0 0 0 0 0 0 0 0 0 0 9 4 0 0 0 0 0 31 0 0 0 33 0 0 0 0 0 25 0 24 0
0 0 22 0 0 0 0 19 0 0 0 0 0 0 0 0 0 0 0 0 0 0 0 0 0 0 0 0 0 0 0 0 0 0 0 0 9 0 0 0 0 0 0 5 0 0 10 19 0 0 0 0 0 0 45 0 4 0 0 0 0 0 0 0 2 0 0 0 0 0
0 0 0 0 0 0 0 0 0 0 31 0 33 0 0 0 27 0 0 0 0 0 0 0 0 0 0 0 0 0 0 0 0 0 0 2 0 0 0 0 0 0 0 36 0 0 0 0 0 0 28 16 0 0 0 0 0 0 0 38 0 34 0 0 0 0 0 0 0 0
0 0 0 16 0 0 5 0 0 0 0 24 0 0 22 0 0 0 0 0 38 0 0 0 0 0 0 0 0 0 0 0 0 0 0 21 0 0 21 0 0 0 16 0 0 0 0 0 33 0 0 0 0 0 0 0 48 0 0 18 0 0 7 48 0 0 0 0 0 0
0 0 11 8 0 0 0 12 0 0 0 0 0 0 0 0 0 0 0 0 0 0 0 0 0 32 0 0 0 20 0 0 0 0 0 0 0 0 0 0 0 0 48 47 0 0 0 0 0 42 0 0 0 0 0 0 0 0 0 0 4 0 0 0 0 0 0 20 48 0
3 0 0 0 0 0 0 0 0 0 0 0 0 40 0 0 0 0 0 32 0 0 0 0 0 37 0 0 0 0 0 0 0 0 0 0 0 0 0 0 0 0 0 0 39 0 0 25 1 0 32 0 0 0 0 0 0 0 0 0 42 34 0 0 0 28 0 0 17 0
0 0 0 0 0 0 0 44 0 0 5 0 0 0 0 0 0 0 0 0 0 0 0 0 0 0 43 0 0 0 0 0 0 0 0 0 0 0 0 0 0 0 41 0 0 43 4 0 0 0 0 0 0 0 0 0 0 0 0 8 0 0 0 0 0 0 0 0 0 0
0 0 0 0 0 0 0 0 0 0 0 0 0 0 0 0 0 0 0 0 0 0 0 0 0 0 0 0 9 47 38 43 0 0 0 0 0 0 0 0 0 0 0 0 19 0 0 0 25 0 0 0 0 0 0 0 0 0 0 0 0 0 0 0 0 24 0 0 8 0
0 0 0 0 0 0 0 0 0 0 0 0 0 0 0 0 0 0 0 0 0 0 0 30 0 47 0 0 44 0 0 0 0 0 0 0 0 0 0 0 0 0 0 0 0 0 0 0 0 0 0 48 0 0 0 0 0 0 0 0 0 0 0 0 0 0 0 0 0 0
0 0 0 0 29 0 13 0 0 0 0 0 0 0 0 0 0 0 0 0 0 0 0 0 0 0 0 0 0 0 0 0 0 10 0 0 0 0 0 0 48 0 0 45 0 0 16 0 0 0 0 0 0 0 0 0 0 0 0 43 0 0 0 0 0 0 0 0 0 0
0 0 0 29 0 0 0 0 0 0 0 0 0 0 0 0 0 0 0 0 0 0 0 0 0 0 0 0 0 0 0 0 0 0 0 0 0 2 0 0 0 0 0 0 0 0 0 0 0 0 0 0 0 0 0 0 0 0 39 0 0 0 20 0 0 0 0 0 0 0
0 0 0 0 0 0 0 0 0 0 0 0 48 0 0 0 0 0 0 32 0 0 0 0 0 0 0 0 0 0 0 0 0 39 0 0 0 0 0 0 0 0 0 0 0 17 0 0 40 0 0 0 0 0 0 0 0 0 0 0 0 0 0 0 0 0 0 0 0 0
0 0 0 13 0 0 0 0 0 0 0 0 0 0 0 0 15 0 0 0 35 0 0 0 0 0 0 0 0 0 0 0 0 0 0 0 0 3 0 32 0 0 0 0 0 0 0 0 0 0 0 0 0 0 9 0 0 0 0 0 4 0 0 0 0 0 0 0 13 0
44 0 0 0 0 0 0 0 0 0 0 0 0 0 38 0 0 0 45 0 0 29 0 5 31 0 0 0 0 21 0 0 0 0 0 0 0 0 0 0 0 0 31 0 0 0 0 7 0 0 0 3 0 0 0 0 0 0 0 0 0 0 0 0 0 0 0 0 0 0
0 0 0 0 0 0 0 0 0 0 0 0 0 0 0 49 0 0 0 8 0 0 0 0 0 0 0 0 0 0 0 0 0 0 0 0 0 0 0 0 0 0 0 0 0 0 0 36 0 0 0 0 0 0 0 0 50 0 0 25 0 0 0 0 0 0 0 0 0 40
0 0 0 0 0 0 0 0 0 0 7 0 0 0 0 0 0 0 0 0 0 0 0 0 0 0 0 0 0 0 29 0 0 0 0 0 0 0 0 0 0 0 0 0 0 0 0 0 0 0 0 0 0 0 0 0 0 0 0 0 0 0 0 0 0 0 0 0 16 0
5 0 0 0 0 0 0 0 0 7 0 0 0 0 2 0 0 0 0 0 0 0 0 0 0 0 0 0 0 0 0 0 0 0 0 0 0 0 0 0 0 0 0 0 0 0 0 0 0 0 0 0 0 0 0 0 45 27 0 0 0 0 0 0 0 0 0 0 0 0
0 0 0 0 0 0 0 0 0 0 0 0 0 0 0 0 0 0 0 34 0 0 0 0 0 0 0 0 24 0 0 50 0 9 0 0 0 0 28 0 0 0 0 0 0 0 0 0 0 0 0 16 0 0 4 0 0 0 0 13 0 0 0 0 0 0 50 0 0 0
0 0 0 0 0 48 0 0 0 0 0 0 0 0 0 0 0 0 0 0 0 0 0 40 0 0 26 0 0 0 18 17 0 0 0 0 0 0 0 0 0 0 0 0 0 0 0 0 0 0 0 0 4 0 0 0 0 0 0 0 0 0 0 0 16 0 0 0 0 6
0 0 0 0 0 0 0 0 0 0 0 0 0 0 0 0 0 0 0 0 0 23 0 0 0 0 0 0 11 0 0 0 35 0 0 0 0 0 11 0 0 0 0 0 0 43 0 8 0 0 0 0 0 0 0 0 0 0 0 0 0 35 0 0 0 0 0 0 0 10
0 0 0 0 0 0 0 38 0 0 2 0 0 0 0 0 0 0 0 0 0 0 0 0 0 0 0 0 0 22 0 0 0 0 0 0 0 0 0 0 0 22 0 0 8 0 0 0 0 0 0 0 0 11 0 0 0 0 0 0 47 0 0 0 0 0 0 13 0 0
0 0 0 0 0 0 0 0 49 0 0 0 0 0 0 0 0 0 0 13 0 0 0 0 0 0 0 0 0 0 0 0 0 0 0 0 0 0 0 0 0 0 0 0 0 29 0 0 0 41 0 0 0 0 0 0 0 0 0 0 0 0 0 0 0 0 0 0 0 0
0 0 0 0 0 0 15 0 0 0 0 0 0 0 0 0 0 0 0 0 0 0 0 0 0 0 0 0 14 24 0 0 0 0 0 0 0 0 0 0 14 0 0 0 0 0 0 0 0 0 0 0 0 0 0 0 26 0 0 0 28 0 0 0 0 0 44 0 0 0
0 0 0 0 0 0 0 0 0 0 0 0 0 0 0 0 0 0 0 0 7 0 0 0 0 0 0 0 0 0 0 0 0 0 0 0 0 0 0 0 0 0 10 0 0 0 0 0 0 0 0 0 0 0 0 0 0 0 0 0 0 0 0 0 43 0 0 0 0 0
0 0 0 0 0 0 0 45 0 0 0 0 0 0 0 0 0 0 0 0 0 0 0 0 0 19 0 0 0 0 0 38 0 0 0 0 0 0 0 0 0 0 0 0 0 0 0 0 0 0 36 0 0 0 0 0 0 0 0 7 0 0 1 0 0 0 0 0 0 0
0 0 0 0 0 32 0 0 8 0 0 34 0 0 0 13 0 0 0 0 0 0 10 38 21 0 0 23 0 0 0 0 0 0 0 0 0 0 0 0 0 0 31 0 0 0 0 0 0 0 0 0 0 0 0 6 8 4 0 0 0 0 0 0 0 0 0 0 0 0
0 0 0 0 0 0 35 0 0 0 0 0 0 0 0 0 0 7 0 0 0 0 41 0 0 0 0 0 0 0 0 0 0 0 0 0 0 0 0 0 0 0 0 0 0 45 0 0 0 0 0 0 0 0 0 0 0 0 0 0 0 7 0 0 24 0 0 0 0 0
0 0 0 0 0 0 0 29 0 0 0 0 0 23 0 0 0 0 0 0 0 0 8 0 0 0 0 0 0 0 0 0 0 0 0 0 0 0 0 0 0 31 0 0 0 0 0 0 0 0 23 0 0 0 0 0 9 0 0 0 0 0 0 0 20 0 0 0 0 0
0 0 0 0 0 0 0 0 0 0 0 0 0 0 0 0 0 0 0 10 41 8 0 0 34 0 0 40 0 0 0 0 0 0 0 0 34 0 0 0 0 0 0 0 0 0 0 0 0 0 0 0 0 0 0 0 0 0 0 0 0 0 0 0 0 0 0 0 0 0
0 0 30 0 0 0 0 5 0 0 0 0 40 0 0 0 0 0 0 38 0 0 0 0 0 0 0 0 36 0 0 0 0 0 0 0 0 0 0 0 6 0 0 0 0 0 0 0 0 0 0 0 0 0 0 0 0 0 0 0 0 0 0 0 0 0 0 0 0 0
0 0 0 0 0 0 0 31 0 0 0 0 0 0 0 0 0 0 0 21 0 0 34 0 0 0 0 0 0 0 0 0 0 0 0 0 0 0 0 0 0 0 30 0 0 0 0 0 0 0 0 0 0 0 0 0 0 42 0 0 0 0 0 0 0 22 0 0 0 0
0 0 47 0 0 0 0 0 0 0 0 0 0 0 0 0 0 0 19 0 0 0 0 0 0 0 0 0 0 0 0 0 0 0 0 0 0 0 0 15 0 0 0 0 0 0 0 34 0 0 0 0 0 0 0 0 0 0 0 0 0 0 0 0 0 0 0 0 0 0
43 0 0 0 0 0 0 0 0 0 0 0 26 0 0 0 0 0 0 0 0 0 0 0 0 0 0 0 0 0 27 0 0 0 0 2 0 0 0 0 0 0 0 0 0 0 0 0 0 0 0 44 0 0 0 0 0 0 0 0 0 0 0 0 0 0 0 0 0 0
0 0 0 0 0 0 0 0 0 0 0 0 0 0 0 0 0 0 0 23 0 0 40 0 0 0 0 0 0 0 0 0 0 0 0 38 0 0 0 0 0 0 0 0 0 0 0 0 0 0 0 0 15 0 0 0 0 0 0 0 0 0 0 0 0 0 0 0 0 0
0 9 44 0 0 0 0 0 0 0 0 24 0 11 0 0 14 0 0 0 0 0 0 36 0 0 0 0 0 0 0 0 0 0 0 0 0 0 0 0 0 0 0 35 0 0 0 0 0 0 0 0 43 0 0 0 0 0 0 0 0 0 0 0 0 0 0 0 0 0
0 47 0 0 0 0 0 21 0 0 0 0 0 0 22 0 24 0 0 0 0 0 0 0 0 0 0 0 0 0 0 0 0 0 0 23 0 0 0 0 0 0 0 0 0 0 0 0 0 0 40 0 0 0 0 0 0 0 0 0 0 27 45 0 0 0 0 0 0 0
0 38 0 0 0 0 0 0 0 29 0 0 18 0 0 0 0 0 0 0 0 0 0 0 0 0 27 0 0 0 0 0 0 0 0 0 0 0 0 1 0 0 50 35 0 0 0 0 0 0 0 0 0 0 0 23 3 0 0 0 0 16 34 39 0 0 0 0 0 27
0 43 0 0 0 0 0 0 0 0 0 50 17 0 0 0 0 0 38 0 0 0 0 0 0 0 0 0 0 0 0 0 0 0 0 0 0 0 0 0 41 0 0 0 0 0 31 0 0 0 0 0 0 0 0 0 0 0 0 0 0 0 1 0 0 0 44 0 0 0
0 0 0 0 0 0 0 0 0 0 0 0 0 35 0 0 0 0 0 0 0 0 0 0 0 0 0 0 0 0 0 0 0 0 0 0 0 0 0 0 0 0 0 0 0 0 0 0 0 0 0 0 0 39 0 0 0 0 0 0 0 0 0 0 0 43 0 0 0 0
0 0 0 10 0 39 0 0 0 0 0 9 0 0 0 0 0 0 0 0 0 0 0 0 0 0 0 0 0 0 0 0 0 0 0 0 0 0 0 0 0 0 0 0 0 0 0 0 0 0 0 0 0 0 0 38 0 14 0 0 0 0 0 0 0 0 0 0 0 0
0 0 0 0 0 0 0 0 0 0 0 0 0 0 0 0 0 0 0 0 0 0 0 0 0 0 0 0 0 0 0 0 0 0 0 0 0 0 0 0 0 0 0 0 0 24 0 0 0 0 0 0 0 0 0 0 0 0 0 0 0 0 13 43 0 0 0 0 0 0
0 0 0 0 0 0 0 0 0 0 0 0 0 0 0 0 0 0 0 0 0 0 0 0 0 0 2 38 0 23 0 0 0 0 0 0 0 42 0 0 0 0 0 0 0 0 0 0 0 0 0 0 0 49 0 0 0 0 0 0 0 0 0 0 0 0 0 0 0 0
0 0 0 0 0 0 0 0 0 0 0 0 0 0 0 0 0 0 0 0 0 0 34 0 0 0 0 0 0 0 0 0 0 0 0 0 0 0 0 0 0 0 0 0 44 0 0 0 0 0 0 0 0 0 0 0 0 0 0 0 31 0 0 0 0 0 0 0 0 0
0 0 0 0 2 0 3 0 0 0 0 0 0 0 0 0 0 0 0 0 0 0 0 0 0 0 0 0 0 0 0 0 0 0 0 42 0 0 0 0 0 0 0 0 0 0 0 0 0 0 0 0 0 0 0 0 0 0 0 0 27 0 0 0 0 0 16 35 0 0
0 0 0 0 0 0 0 0 0 0 0 28 0 11 0 0 0 0 0 0 0 0 0 0 0 0 0 0 0 0 0 0 0 0 0 0 0 0 0 44 0 0 0 0 0 0 0 0 0 0 0 38 0 0 0 0 0 0 0 0 0 0 0 0 0 0 46 0 0 0
0 0 0 0 0 0 32 0 0 0 0 0 0 0 0 0 0 0 0 0 0 0 0 0 0 15 0 0 0 0 1 0 0 0 0 0 0 0 44 0 0 0 0 0 0 0 0 0 0 0 0 0 0 0 0 0 0 38 0 5 0 0 0 0 0 19 0 31 0 0
0 0 0 48 0 0 0 0 0 0 0 0 0 0 0 0 14 0 0 0 0 0 0 6 0 0 0 0 0 0 0 41 0 0 0 0 0 0 0 0 0 0 0 0 5 0 0 0 0 0 0 0 0 0 0 0 0 0 0 0 0 0 0 0 0 0 0 0 0 0
0 0 0 0 0 0 0 0 0 0 0 0 0 0 22 0 0 0 0 0 0 31 0 0 0 0 0 0 0 0 0 0 0 0 0 0 0 0 0 0 0 0 0 0 0 0 0 0 0 0 0 0 0 0 0 0 0 0 0 0 0 0 0 0 0 0 0 0 36 0
41 0 0 0 0 0 0 31 0 0 0 0 0 0 0 0 0 10 0 31 0 0 0 0 30 0 0 0 0 0 50 0 0 0 0 0 0 0 0 0 0 0 0 0 0 0 0 0 0 0 0 0 18 0 0 0 0 0 0 0 0 7 0 0 0 0 0 0 0 0
0 0 0 45 0 0 0 0 0 0 0 0 0 0 0 0 0 0 0 0 0 0 0 0 0 0 0 0 35 0 35 0 0 0 0 0 0 0 0 0 0 0 0 0 0 0 0 0 0 0 0 0 28 0 0 0 0 0 0 0 0 0 0 26 0 0 0 0 0 33
0 19 0 0 0 0 0 0 0 0 0 0 0 0 8 0 0 0 0 0 0 0 0 0 0 0 0 0 0 0 0 0 0 0 0 0 44 0 0 0 5 0 0 0 0 0 0 0 0 0 0 0 0 0 0 0 0 0 0 0 0 0 0 0 0 0 0 0 0 0
43 0 0 0 0 17 0 0 0 0 0 0 0 43 0 29 0 0 0 0 45 0 0 0 0 0 0 0 0 0 0 0 0 0 24 0 0 0 0 0 0 0 0 0 0 0 0 0 23 0 0 0 28 0 0 0 0 0 44 0 0 0 0 0 0 0 0 0 0 0
4 0 0 16 0 0 0 0 0 0 0 0 0 0 0 0 0 0 0 0 0 0 0 0 0 0 0 0 0 0 0 31 0 0 0 0 0 0 0 0 0 0 0 0 0 0 0 0 0 0 0 0 0 0 0 0 0 0 0 0 0 0 0 0 0 0 0 0 0 0
0 0 0 0 0 0 0 7 36 0 0 0 0 8 0 0 0 0 0 0 0 0 0 0 0 34 0 0 0 0 0 0 0 0 0 0 0 0 0 0 0 0 0 0 0 0 0 0 0 0 0 0 0 0 0 32 0 0 0 0 23 12 0 0 19 0 37 0 0 0
0 25 0 0 0 40 0 0 0 0 0 0 0 0 0 0 0 0 0 0 0 0 0 0 0 0 0 0 0 0 0 0 0 0 0 0 0 0 0 0 0 0 0 0 0 23 0 0 0 0 0 0 0 35 0 0 21 0 0 0 15 0 0 0 0 0 0 0 0 0
0 0 0 0 0 0 0 0 0 0 0 0 0 0 0 41 0 0 0 0 0 0 0 0 0 0 0 0 0 0 0 0 0 0 0 0 0 0 0 0 0 0 0 0 0 0 0 0 0 0 0 0 42 0 0 0 0 0 0 0 0 0 0 0 0 0 0 0 0 0
0 0 0 0 0 0 0 0 0 0 0 0 0 0 0 0 0 0 36 0 0 23 0 0 0 0 0 0 0 40 0 0 0 0 0 0 0 0 0 0 0 0 0 0 0 0 0 0 0 0 0 0 15 0 0 36 0 0 0 0 0 0 0 0 0 0 43 0 0 0
0 0 48 0 0 0 0 3 0 0 0 16 0 0 0 0 0 0 0 0 0 0 0 0 0 0 44 0 0 0 0 0 0 0 0 0 0 0 38 0 0 0 0 0 0 0 0 0 0 0 0 0 0 0 0 0 0 0 0 0 0 0 0 0 0 0 0 0 0 0
0 0 0 0 0 0 0 0 0 0 0 0 4 0 0 0 0 0 0 0 0 0 0 0 0 0 0 15 43 0 0 0 0 0 0 0 0 0 0 0 0 0 18 28 0 28 0 0 0 42 15 0 0 0 0 0 49 0 0 0 0 0 0 0 29 0 47 0 35 0
0 0 0 0 0 0 0 0 0 0 0 0 0 0 11 0 0 0 0 0 0 0 0 0 0 0 0 0 0 0 0 0 39 0 0 49 0 0 0 0 0 0 0 0 0 0 0 0 35 0 0 0 0 0 0 22 0 0 0 0 0 1 0 0 0 0 24 0 0 0
0 0 0 0 0 0 9 0 0 0 0 4 0 0 0 0 0 0 0 0 0 0 0 0 0 0 0 0 0 0 0 0 0 0 0 0 0 0 0 0 0 0 0 0 0 0 0 0 0 0 0 0 0 0 0 0 20 30 0 0 0 0 0 3 0 0 0 0 0 0
0 0 0 0 0 0 0 0 0 0 0 0 0 0 0 0 0 0 0 6 0 0 0 0 0 0 0 0 0 0 23 0 0 38 0 0 0 0 0 0 0 0 0 0 0 0 0 32 0 0 36 0 0 22 0 0 0 0 0 0 37 0 0 0 0 0 0 0 0 0
0 0 0 0 0 0 0 0 50 0 45 0 0 0 0 0 26 0 0 8 0 9 0 0 0 0 0 0 0 0 3 0 0 0 0 0 0 0 0 0 0 0 0 0 0 0 0 0 21 0 0 0 49 0 20 0 0 0 0 0 0 0 0 0 0 0 0 36 0 47
0 0 0 0 0 0 0 0 0 0 27 0 0 0 0 0 0 0 0 4 0 0 0 0 42 0 0 0 0 0 0 0 0 14 0 0 0 0 0 38 0 0 0 0 0 0 0 0 0 0 0 0 0 0 30 0 0 0 0 0 0 0 0 0 0 0 0 0 0 0
0 0 0 0 39 0 0 0 0 0 0 0 0 0 0 0 0 0 0 0 0 0 0 0 0 0 0 0 0 0 0 0 0 0 0 0 0 0 0 0 0 0 0 0 0 44 0 0 0 0 0 0 0 0 0 0 0 0 0 0 0 0 0 0 0 0 0 0 0 0
8 0 0 43 0 0 0 0 25 0 0 13 0 0 0 0 0 0 7 0 0 0 0 0 0 0 0 0 0 0 0 0 0 0 0 0 0 0 0 5 0 0 0 0 0 0 0 0 0 0 0 0 0 0 0 0 0 0 0 0 0 0 0 0 9 19 0 0 39 0
0 0 0 0 0 0 4 0 0 0 0 0 0 0 47 0 28 0 0 0 0 0 0 0 0 0 0 0 0 0 0 0 0 0 0 0 31 27 0 0 0 0 0 0 0 0 0 23 15 0 0 0 0 0 0 37 0 0 0 0 0 0 0 0 0 0 0 0 0 0
0 0 0 0 0 0 0 0 0 0 0 0 0 35 0 0 0 0 0 0 7 0 0 0 0 0 0 0 0 27 16 0 0 0 0 0 0 0 0 0 0 0 7 0 0 0 0 12 0 0 0 0 0 1 0 0 0 0 0 0 0 0 0 0 0 0 0 0 0 0
0 0 0 0 20 0 0 0 0 0 0 0 0 0 0 0 0 0 1 0 0 0 0 0 0 0 0 0 0 45 34 1 0 0 13 0 0 0 0 0 0 0 0 0 0 0 0 0 0 0 0 0 0 0 0 0 0 0 0 0 0 0 0 0 0 0 0 0 0 15
0 0 0 0 0 0 0 0 0 0 0 0 0 0 0 0 0 0 0 0 0 0 0 0 0 0 0 0 0 0 39 0 0 0 43 0 0 0 0 0 0 0 0 26 0 0 0 0 0 0 0 0 0 0 3 0 0 0 0 0 0 0 0 0 0 0 0 0 0 0
0 0 0 0 0 0 0 0 0 0 0 0 16 0 0 0 0 43 0 0 24 20 0 0 0 0 0 0 0 0 0 0 0 0 0 0 0 0 0 0 0 0 0 0 0 0 0 19 0 0 0 0 29 0 0 0 0 0 0 9 0 0 0 0 0 0 0 0 0 0
0 24 0 0 0 0 0 0 0 0 0 0 0 0 0 0 0 0 0 0 0 0 0 0 22 0 0 0 0 0 0 0 43 0 0 0 0 0 0 19 0 0 0 0 0 0 0 0 0 0 0 0 0 0 0 0 0 0 0 19 0 0 0 0 0 0 0 0 0 0
0 0 0 0 0 0 0 0 0 0 0 50 0 0 0 0 44 0 0 0 0 0 0 0 0 0 0 0 0 0 0 44 0 0 0 0 0 16 46 0 0 0 0 0 0 0 0 37 0 0 43 0 47 24 0 0 0 0 0 0 0 0 0 0 0 0 0 0 0 0
0 0 0 0 0 0 0 0 0 0 0 0 0 0 13 0 0 0 0 0 0 0 0 0 0 0 0 0 0 0 0 0 0 0 0 0 0 35 0 31 0 0 0 0 0 0 0 0 0 0 0 0 0 0 0 0 36 0 0 0 0 0 0 0 0 0 0 0 0 0
0 8 0 0 0 0 13 0 0 16 0 0 0 0 0 0 0 0 0 0 0 0 0 0 0 0 0 0 0 0 0 0 0 0 0 0 0 0 0 0 0 36 0 0 0 0 0 0 0 0 0 0 35 0 0 0 0 0 0 39 0 0 0 0 0 0 0 0 0 0
0 0 0 0 0 0 0 0 40 0 0 0 6 10 0 0 0 0 0 0 0 0 0 0 0 0 0 0 0 0 27 0 0 0 0 0 0 0 0 0 0 0 0 33 0 0 0 0 0 0 0 0 0 0 0 0 47 0 0 0 0 0 15 0 0 0 0 0 0 0
