50 -1533 -731 -1533 -2766
-1533 -731
-5180 -765
-10272 -849
-14084 -1204
-14534 -1310
-14445 -1503
-13963 -1910
-13743 -2066
-13436 -2160
-11414 -2453
-10897 -2519
-10716 -2539
-9877 -2610
-8932 -2680
-8383 -2717
-7832 -2731
-5973 -2776
-4855 -2776
-3201 -2774
-1610 -2771
-682 -2769
1467 -2754
2863 -2736
2995 -2734
4113 -2709
4446 -2701
4984 -2679
6287 -2608
7239 -2537
7520 -2511
8060 -2461
8910 -2376
9567 -2298
10043 -2239
10154 -2224
11052 -2097
11761 -1985
13402 -1659
13736 -1589
14265 -1432
14526 -1352
14643 -1299
14750 -1250
14770 -1185
14795 -1084
10029 -941
8757 -907
4773 -805
2933 -765
1030 -743
