30 30
7 55 90 10 13 34 92 35 96 36 72 48 34 78 68 62 4 31 68 89 83 2 62 75 40 81 0 37 100 27
8 30 28 12 3 8 9 5 2 25 23 13 26 26 2 20 5 11 12 5 18 30 17 22 20 4 25 0 3 3
16 21 2 22 19 15 4 13 21 5 7 28 6 23 8 5 7 19 23 15 25 1 11 4 27 3 28 11 23 3
29 29 11 29 13 12 27 25 8 2 0 14 2 30 2 4 7 5 14 16 17 3 14 13 27 12 12 14 2 16
1 27 10 12 13 13 7 1 18 24 21 30 9 26 5 3 29 13 4 1 3 17 20 16 21 11 3 4 21 1
29 28 27 23 10 17 17 14 25 25 18 21 24 11 1 7 6 11 0 1 9 22 30 1 12 27 3 6 15 21
0 5 10 26 20 10 21 13 20 19 7 18 25 19 25 6 5 10 9 8 7 8 6 15 12 8 10 28 7 29
22 22 0 13 1 20 5 24 8 12 15 22 7 13 25 30 22 28 24 26 13 8 30 1 11 3 20 15 22 11
23 3 18 0 4 25 3 1 14 7 6 27 3 22 9 15 1 8 15 2 5 23 20 16 7 11 18 4 23 18
16 23 28 25 13 4 25 0 12 2 2 21 20 15 2 29 11 5 30 13 23 30 28 27 9 3 17 13 8 10
3 4 13 9 29 12 18 30 27 5 13 7 20 8 9 3 18 30 29 0 13 24 13 28 29 11 14 12 3 20
29 26 5 20 3 13 18 18 25 4 16 9 19 14 11 4 0 23 19 4 6 10 1 24 8 14 8 5 28 29
7 2 4 27 5 12 28 9 15 9 4 15 27 1 15 13 17 16 15 12 12 11 7 2 30 7 25 10 22 18
1 23 11 26 1 27 11 9 25 18 15 9 9 4 14 2 12 12 3 26 16 14 12 15 4 9 18 18 1 0
19 3 13 3 5 3 3 5 2 30 14 24 7 10 24 6 30 10 27 4 25 12 27 5 17 30 10 10 17 28
12 6 22 30 27 18 13 5 28 28 4 1 14 17 24 11 25 17 1 30 12 10 23 13 14 16 12 24 3 26
19 30 11 8 16 11 17 14 7 23 15 23 4 11 27 13 17 8 28 9 16 22 20 28 12 14 28 10 15 20
29 9 21 20 12 25 11 1 29 0 18 9 20 16 18 4 19 6 18 22 17 24 29 23 30 20 15 25 10 14
10 19 1 4 6 12 23 29 18 8 2 10 18 13 9 14 14 27 24 5 13 27 9 4 4 19 19 28 10 18
13 12 4 7 18 13 9 6 28 16 13 27 19 18 29 12 0 30 9 2 18 30 1 17 11 12 3 20 16 5
5 19 17 16 18 10 27 13 20 0 27 16 7 19 9 4 23 22 2 21 13 21 22 25 5 0 20 3 21 28
15 4 17 14 18 21 12 29 30 15 29 12 22 8 12 25 10 7 27 3 24 3 25 22 19 12 27 24 23 19
20 2 13 4 20 21 9 25 20 27 20 10 22 26 14 1 8 22 20 11 21 29 11 5 26 3 26 17 22 19
0 3 30 30 29 15 16 12 12 7 3 8 4 6 28 11 24 2 27 26 8 21 6 4 11 21 10 25 7 29
9 13 21 20 13 19 24 4 13 16 13 25 25 13 4 20 27 5 21 19 14 11 10 13 3 23 0 7 10 4
6 16 12 5 23 24 26 0 8 6 1 2 4 25 17 23 28 13 16 7 3 20 14 27 16 3 27 8 10 22
20 25 10 22 6 2 27 19 4 17 16 20 19 21 4 10 24 14 8 4 10 19 20 21 8 30 12 19 1 4
3 5 8 8 15 7 14 27 17 15 23 20 6 29 1 30 13 18 14 18 4 14 7 14 4 3 18 20 19 20
3 23 0 5 27 8 11 20 0 28 12 7 8 13 10 17 8 8 22 23 13 5 12 13 5 26 29 19 4 9
30 19 0 11 26 27 29 0 9 24 6 5 22 17 29 13 13 19 0 12 6 13 16 9 5 18 3 8 9 15
17 1 8 10 2 30 24 27 30 4 29 14 17 24 2 29 10 5 29 27 9 13 29 21 4 9 27 22 1 28
0 0 0 1 1 0 0 1 0 1 0 1 1 1 0 1 0 0 0 1 0 1 1 0 1 1 1 1 0 0
0 0 0 1 1 0 1 0 0 1 1 1 0 0 0 1 1 1 0 1 1 1 1 0 1 1 1 0 1 0
0 0 0 0 1 1 1 1 1 1 1 1 0 1 1 0 0 0 1 0 0 1 0 1 0 1 1 0 1 1
1 1 0 0 1 0 1 1 1 1 1 1 1 0 0 0 1 1 1 0 1 1 0 0 1 0 0 1 0 1
1 1 1 1 0 0 1 1 0 0 1 0 0 0 1 0 0 1 0 1 1 1 0 1 1 1 0 1 1 1
0 0 1 0 0 0 1 1 0 1 1 0 0 1 0 0 1 0 1 0 1 0 0 1 0 0 1 1 0 1
0 1 1 1 1 1 0 1 1 1 0 0 1 0 0 1 0 0 0 1 0 1 0 0 1 1 1 1 1 1
1 0 1 1 1 1 1 0 0 1 0 1 1 0 1 1 0 0 0 1 1 0 1 0 1 1 0 1 1 1
0 0 1 1 0 0 1 0 0 0 1 0 0 0 1 1 1 1 1 1 0 0 1 1 0 0 1 1 1 0
1 1 1 1 0 1 1 1 0 0 1 1 0 0 0 1 0 1 1 0 1 0 0 0 1 1 0 1 1 0
0 1 1 1 1 1 0 0 1 1 0 1 1 1 1 1 1 0 1 0 0 1 1 1 0 1 1 1 0 1
1 1 1 1 0 0 0 1 0 1 1 0 1 1 0 0 1 1 1 0 1 0 1 0 0 1 0 0 1 0
1 0 0 1 0 0 1 1 0 0 1 1 0 1 1 1 1 0 0 0 0 0 0 1 0 1 1 1 1 1
1 0 1 0 0 1 0 0 0 0 1 1 1 0 0 1 1 1 1 0 0 1 1 1 0 0 0 1 1 1
0 0 1 0 1 0 0 1 1 0 1 0 1 0 0 1 1 0 1 1 1 0 0 1 0 1 1 1 1 1
1 1 0 0 0 0 1 1 1 1 1 0 1 1 1 0 0 1 0 1 1 1 0 0 1 0 1 0 1 0
0 1 0 1 0 1 0 0 1 0 1 1 1 1 1 0 0 1 0 1 0 0 0 0 0 0 1 0 1 0
0 1 0 1 1 0 0 0 1 1 0 1 0 1 0 1 1 0 0 0 1 1 1 0 1 1 1 0 0 0
0 0 1 1 0 1 0 0 1 1 1 1 0 1 1 0 0 0 0 0 1 0 1 1 1 0 0 0 1 1
1 1 0 0 1 0 1 1 1 0 0 0 0 0 1 1 1 0 0 0 0 0 0 1 0 0 1 0 0 0
0 1 0 1 1 1 0 1 0 1 0 1 0 0 1 1 0 1 1 0 0 1 0 1 1 1 0 0 1 1
1 1 1 1 1 0 1 0 0 0 1 0 0 1 0 1 0 1 0 0 1 0 0 1 1 1 0 1 1 0
1 1 0 0 0 0 0 1 1 0 1 1 0 1 0 0 0 1 1 0 0 0 0 0 0 0 0 1 1 0
0 0 1 0 1 1 0 0 1 0 1 0 1 1 1 0 0 0 1 1 1 1 0 0 0 0 0 1 1 0
1 1 0 1 1 0 1 1 0 1 0 0 0 0 0 1 0 1 1 0 1 1 0 0 0 0 0 1 0 0
1 1 1 0 1 0 1 1 0 1 1 1 1 0 1 0 0 1 0 0 1 1 0 0 0 0 0 0 0 1
1 1 1 0 0 1 1 0 1 0 1 0 1 0 1 1 1 1 0 1 0 0 0 0 0 0 0 0 1 1
1 0 0 1 1 1 1 1 1 1 1 0 1 1 1 0 0 0 0 0 0 1 1 1 1 0 0 0 0 1
0 1 1 0 1 0 1 1 1 1 0 1 1 1 1 1 1 0 1 0 1 1 1 1 0 0 1 0 0 1
0 0 1 1 1 1 1 1 0 0 1 0 1 1 1 0 0 0 1 0 1 0 0 0 0 1 1 1 1 0
