41 -1626 12027 5506 -9369
-1625 12028
-3462 11479
-6231 10624
-7691 10127
-7852 10066
-11512 8361
-13131 6551
-14187 4578
-14401 3461
-14352 2488
-13858 713
-12982 -1536
-12602 -2431
-10079 -5841
-8756 -7420
-6957 -8591
-5955 -9092
-5025 -9438
-2732 -10207
1568 -9875
3340 -9674
4615 -9498
7590 -9070
8779 -8812
9731 -8446
10634 -8076
11826 -7538
13129 -5853
13448 -5390
14291 -3921
14384 -3544
14719 -1810
14798 1194
13822 3939
13470 4905
12539 6059
7404 10253
6127 11005
5363 11333
4131 11622
2469 11836
