1000
99995 3620
99995 580
99996 7992
99997 533
100000 4477
99999 744
99997 65974
99998 67552
99998 0594
99997 23954
99996 4395
99996 37130
100000 5213
99996 3244
99995 0631
99996 6716
99999 0669
99999 56302
99997 1092
99998 915
99997 706
99999 9255
99999 055
99999 29655
99995 779
99997 960
99997 6863
100000 540
99998 365
99999 213
99995 80312
99995 414
99999 86145
100000 33346
100000 26875
100000 2466
99995 4945
99998 494
99999 716
99996 08613
99999 5083
99998 0728
99995 5204
99995 81301
99997 4611
99998 29409
99997 025
100000 9873
100000 11885
99998 2985
99998 73919
99997 900
99998 483
99997 8905
99998 24842
99998 526
99995 48912
99996 106
99998 64347
99998 320
99997 9395
100000 9839
99995 8237
99995 323
99998 86702
99999 030
99997 251
99995 06838
99998 63315
100000 806
99997 86112
99999 275
99997 444
99995 07259
99999 589
99995 095
99998 520
99997 3807
99999 2208
99997 963
99995 60563
99999 759
99999 868
100000 4087
99995 0332
99999 955
99995 62609
99997 3737
99997 035
99997 9891
99996 72894
99997 68136
99996 501
99997 904
99998 0081
100000 6174
99999 58057
99997 1410
99997 2453
99997 267
99995 6266
99995 437
99995 77928
99996 97611
100000 479
99997 35540
99995 40621
99996 409
99999 2610
99996 620
99995 9744
100000 642
99998 2037
99997 291
99998 912
99997 6593
99996 75275
99997 74053
99999 104
99999 845
99996 16534
99997 79042
99996 93939
100000 73460
99996 012
99995 29411
99997 000
99998 671
99995 025
99998 7493
100000 355
99998 26973
99995 0272
99996 36163
99997 3814
99999 35643
99996 271
99995 18985
99996 49954
99997 018
100000 0029
99995 831
100000 202
99997 10051
99998 406
99995 4537
99995 41075
99995 953
100000 5763
99995 36159
99997 32813
99999 4042
100000 6107
100000 8035
99999 90289
100000 75816
99998 55444
99996 65746
99998 96598
99998 868
99995 94928
99999 375
99997 3740
99998 721
99997 9063
99997 360
99999 2414
99997 60052
99995 075
99999 7574
99995 141
99995 58080
99995 66509
99996 015
99995 63236
100000 36984
99998 7971
99999 5322
99996 897
99997 085
99997 5433
99997 3621
99997 9072
99996 6345
100000 14651
99997 133
100000 28566
99997 549
99995 647
99999 0906
99998 0914
99999 327
99997 425
99999 0026
100000 200
100000 284
99996 267
99995 35901
99998 73436
99995 62382
100000 559
99998 67048
99999 71511
100000 74926
99998 244
99999 415
99997 85196
99998 08508
99998 573
100000 7380
99995 152
99998 900
99996 32625
99995 949
99999 063
99997 0810
99997 083
99997 55309
100000 92513
99998 906
99996 5767
100000 182
99998 207
99997 791
100000 8091
99998 6416
99998 231
99997 092
99999 9618
100000 36020
99995 1198
99999 179
99999 13845
99997 078
99997 53491
99997 13196
99996 074
99999 9593
99998 3254
100000 58993
99995 414
99998 61565
99995 49016
99996 16590
99996 9803
99995 00640
99998 42560
99995 7442
99997 42752
99995 612
99997 36717
100000 12046
99995 270
99995 40384
99995 1933
99999 6793
99997 16539
99995 793
99997 41094
100000 539
100000 1834
99997 84800
99995 323
100000 4447
99996 05123
99995 27143
99995 639
99998 55688
99997 79510
99995 51657
99997 80281
99997 09240
99995 39709
100000 959
99996 835
99997 25988
99995 8760
99998 7852
100000 619
99998 784
99999 26535
99998 8390
99997 3589
99995 05169
99996 425
99995 93601
100000 180
99999 2339
99999 0724
99996 74946
99996 30026
100000 0240
99996 4331
99996 6889
100000 45808
99997 267
99999 9378
99996 23064
99995 431
99995 5174
99995 7842
99996 47797
99999 64795
100000 953
99999 0848
99996 35643
99995 71002
99998 5230
99997 488
99995 34303
100000 429
99999 09289
99998 5722
99997 613
100000 90060
99998 993
99996 2232
99998 24290
99998 3092
100000 3906
99999 68704
99997 7794
99996 192
100000 0959
100000 27666
99996 5303
99998 0777
99998 911
100000 10758
99996 5256
99997 5495
99996 766
99996 7203
99997 1881
99998 718
99997 07633
99998 535
99998 205
99995 69879
99999 4740
99996 45511
99997 083
99997 6002
100000 51329
99995 40798
99995 3866
100000 44255
100000 5921
99997 90222
100000 261
99998 519
100000 6462
99996 0566
99995 5633
99998 730
100000 095
100000 3264
99996 14658
99999 9713
99995 6274
99995 5536
99999 242
99995 3036
99995 474
99997 6797
99997 6145
99999 0248
99999 304
99999 06058
100000 0034
99995 54374
99998 3271
99995 9364
99997 6799
99997 4641
99996 11081
99999 7362
99997 748
100000 4346
99997 16328
99995 88882
99996 3820
99996 64025
99999 382
99995 79344
99997 258
99997 68831
99999 72737
99999 5013
100000 9125
99998 8881
100000 8150
99995 149
99997 4200
99995 925
99997 619
99998 01887
99996 60833
99995 63132
100000 9372
100000 718
99998 076
99998 09369
99999 837
99998 3159
99995 05567
99995 267
100000 90068
99995 141
99996 451
100000 31225
99998 8033
100000 327
99998 28377
99996 0619
99996 439
99998 241
99996 138
100000 13332
99995 2067
99995 0745
99995 706
99999 466
99996 74863
99998 63280
99996 69718
99995 741
99995 779
99999 6101
99997 28750
100000 535
99999 695
99998 2975
99997 114
99995 608
99999 694
99998 7850
100000 93221
100000 4370
99998 53683
99997 754
100000 2469
99996 960
100000 1871
99995 230
99999 1418
100000 6923
99999 338
99999 062
99996 59037
99999 01679
100000 8567
99999 60527
99997 82688
100000 64304
99998 5881
99997 6214
99998 14735
99996 208
99996 6081
99996 3375
99998 567
99998 8601
99996 5102
100000 0963
99999 848
99998 2246
99997 1416
100000 7997
99997 85136
99996 54490
99995 83476
100000 612
99995 1468
100000 562
99998 7852
99998 2868
99996 82551
99999 678
99997 667
99999 52686
99995 3077
99998 945
99997 18167
99997 6056
99998 7894
100000 70624
99995 15671
99995 746
100000 4402
99998 17876
99995 17408
99997 28999
99998 835
99995 71183
99997 5540
99997 846
99995 339
99996 72388
100000 646
99999 045
99998 14008
99997 83457
99998 917
99996 033
100000 474
99999 47000
99996 395
100000 33761
99998 75325
99996 7022
99999 1840
99996 863
100000 168
100000 6094
99999 866
99996 42542
99996 3921
99997 66186
99997 404
99999 6718
99996 574
99996 127
99998 625
99997 022
99999 0380
99996 58056
99995 365
99997 5309
99999 44638
99997 68181
100000 38929
99999 44332
100000 0155
99999 320
99997 670
100000 716
99998 4849
99997 456
99996 875
99996 8568
99997 5433
99997 22728
99997 19324
99998 80520
99998 330
99996 36329
100000 466
99997 573
99999 61503
100000 8745
100000 9436
99999 70548
99995 3205
99997 309
99998 655
99998 3994
100000 9832
99996 5288
99996 1314
99998 8028
99999 05498
99997 2105
99997 15633
99997 03106
99995 71961
99995 12055
100000 510
99996 000
99997 352
99996 546
99997 9411
100000 5953
99999 139
99996 27378
100000 9904
99996 9545
100000 170
100000 7732
99998 1470
99999 45548
99998 779
99998 3360
99996 3649
99995 8837
100000 068
100000 6951
99995 154
99995 23919
99997 78519
99998 708
99995 245
99995 307
99996 83508
99996 8783
99997 43415
99999 4672
100000 13354
99999 3267
99995 180
100000 0469
99996 831
99995 943
99996 2635
99995 97147
99995 92906
99995 1503
99998 088
99996 236
99997 5578
99996 213
99998 65211
99996 5862
100000 9977
99998 92866
100000 44333
99997 525
100000 5955
99995 165
99996 4726
100000 669
99997 096
99996 6805
99999 8773
99996 3674
99995 8251
99999 0312
99998 9477
99999 129
99995 54480
99995 5442
99996 612
100000 7231
99995 6478
99995 0351
99999 016
100000 04197
100000 827
99996 5481
99998 54681
99996 3636
99995 6776
100000 856
99995 2210
99995 53750
99996 238
99995 885
99995 470
100000 45511
99999 9088
99995 673
99997 49544
99996 2912
100000 10816
99998 3230
99996 7990
99998 064
99999 82801
99996 86636
99995 08557
99996 86616
99998 03523
99996 6319
100000 6232
99998 30896
100000 3979
99995 66527
99996 5181
99998 70961
100000 45039
99998 0458
100000 747
99997 69381
99999 0060
99999 517
100000 94196
100000 50970
99997 7839
99996 07885
99996 55649
99997 7777
99998 73673
99996 0019
100000 0244
99999 3282
99996 161
100000 5163
99997 10279
99995 838
99998 55806
99999 7039
100000 467
99998 200
100000 043
100000 44296
100000 331
100000 7543
99995 791
99997 6394
100000 66554
100000 53748
99996 910
100000 676
99995 16548
99995 2015
99997 05779
100000 684
100000 0338
99995 697
100000 6564
99999 5652
99997 34571
100000 37823
99999 7886
99999 38042
99998 0746
99995 9159
99997 91829
99997 4729
99996 3792
99997 800
99999 28091
99997 7881
99998 8052
99997 2346
99998 7704
99997 276
99998 066
99996 071
99998 2294
99997 8562
99995 0963
99996 2998
99995 05426
100000 5178
99999 74603
99998 1911
99999 163
99996 709
99996 721
99997 199
100000 3482
100000 4447
99996 165
99995 1039
99997 28391
99998 809
99996 4357
99995 992
100000 47103
99997 701
100000 77594
99997 312
100000 1272
99995 51233
99996 33619
99998 981
99998 388
99998 9172
99996 299
99996 851
99997 53501
99997 87800
99999 56111
99998 04908
99997 144
99996 0003
99995 506
99995 4904
99999 5097
100000 618
100000 8518
99997 4918
100000 1342
99997 97123
99995 08830
99997 69762
99998 05068
99998 675
99998 28386
100000 83498
100000 593
99997 05886
99999 5441
99996 8960
99998 41660
99999 17130
99996 06569
100000 49067
99998 35739
99995 08718
99999 23163
99996 278
99997 96015
99999 84615
99995 9995
99997 32453
99998 4541
99995 719
99999 54061
100000 100
99999 743
99998 4738
99996 943
99995 456
99998 46593
100000 92349
100000 390
99996 8865
100000 568
99999 175
99997 3965
99999 544
99998 038
99997 95339
99996 3182
99999 29803
99998 61964
100000 28266
99997 927
99998 633
99998 98849
99995 48083
99997 96149
100000 087
100000 7297
99998 81322
99998 265
100000 082
100000 5640
99995 491
99999 022
99997 328
99998 88731
99995 44964
99999 238
99996 02568
99999 935
99996 7041
99995 97346
99998 33914
99999 7521
99997 8957
99999 38108
99997 44775
99998 7680
99995 250
99997 56103
99996 0767
99999 874
99996 28198
99996 29379
99995 823
100000 2439
99998 172
100000 6686
99997 00240
99995 859
99998 86022
99998 0799
99995 3301
99995 819
99996 6073
100000 20157
99999 38838
99997 3972
99997 31418
99998 849
100000 25484
99999 47075
99996 180
100000 469
99996 462
99997 41553
99998 924
100000 0138
99995 4463
99997 013
99999 97282
99996 79675
100000 7622
99999 656
99997 2143
99999 309
99999 71011
99998 536
100000 38053
99995 27374
99998 59326
99996 72951
99995 5085
99997 64627
99996 76217
100000 02007
99999 48856
99997 9567
99999 678
99998 76225
99999 8755
100000 8609
99998 7822
99998 56719
99998 11340
99996 239
99997 25996
99995 557
99998 8833
100000 11572
100000 12054
99995 373
99999 757
99995 9333
99998 6414
99997 9387
99998 55954
99997 868
100000 379
99999 006
99999 2236
99995 614
99998 7386
99997 1442
99999 36424
99996 3450
99999 66030
99996 3698
99998 58872
99997 6968
99996 41047
99999 63587
99996 4203
99997 58006
99998 5864
99996 79098
99999 0298
99996 3538
100000 3016
99997 604
99997 8847
99999 859
99998 2985
99997 4304
99997 15038
99999 900
99996 715
99998 47089
99995 3994
99998 215
99999 9586
99996 82956
99999 49635
100000 7774
99998 090
100000 84501
99995 666
99998 696
99997 588
99995 41151
99997 3767
99995 6664
99998 64554
100000 4530
99995 6415
99998 196
99999 8458
99996 8367
99998 013
99998 553
100000 519
99996 138
99999 046
99997 195
99998 128
99998 62628
99996 48643
99999 7013
99996 4322
99995 61269
99999 643
100000 23294
99997 5303
99999 926
99995 427
99996 4780
99996 77439
99996 1020
99997 8972
99996 0381
99996 03251
99997 7594
99999 1493
99995 26276
99997 1929
99998 6418
99996 0756
99999 58109
100000 398
100000 523
100000 00851
99995 5591
