70 70
808549 268392 192753 571659 873585 531386 104771 152061 738775 293190 22244 931373 705136 120229 747104 862773 119302 671182 665066 504818 665795 771758 563559 843787 615957 507545 182634 712061 236331 636420 130656 586130 432253 757950 148601 618499 84288 991609 399951 695383 145561 711696 601588 196039 868474 137177 609242 867448 270414 348750 212683 529265 628225 467394 610553 614731 345756 402342 429701 387471 846423 747236 77047 703491 602132 745276 785208 172942 192878 372506
23 48 29 17 44 16 15 22 23 31 24 25 38 44 4 2 1 14 23 46 50 7 22 4 5 31 7 18 28 38 21 21 43 47 11 22 43 13 36 22 29 2 3 1 33 22 35 38 12 24 34 26 31 0 28 20 28 18 34 8 49 49 8 24 47 1 49 49 7 29
23 19 8 49 35 49 18 35 37 16 1 16 35 2 28 38 38 30 8 8 27 33 3 47 7 39 28 25 6 36 24 16 35 47 2 39 50 6 3 2 9 44 22 50 27 5 9 2 44 34 30 18 47 9 5 8 44 23 8 44 29 43 45 20 14 23 23 29 24 42
23 33 38 17 50 46 25 44 45 32 37 47 26 7 33 6 6 39 37 38 44 30 42 12 20 34 34 45 49 19 40 14 46 43 10 24 27 18 6 48 11 10 14 27 1 50 21 35 3 22 28 43 37 39 5 28 28 16 13 7 45 18 20 31 21 35 30 28 31 44
32 19 39 24 33 6 45 28 36 45 40 12 30 28 42 33 20 35 14 31 42 12 22 39 48 42 4 25 26 7 11 15 26 22 8 28 12 13 22 38 0 40 42 39 43 31 28 34 39 32 36 35 16 2 4 22 40 1 32 10 21 31 23 2 13 4 28 21 9 25
21 24 13 22 48 44 0 21 2 28 43 16 14 20 50 29 42 42 30 40 14 26 50 5 38 3 37 30 22 4 8 16 2 23 24 49 44 13 47 4 6 17 32 20 15 21 16 20 34 3 7 25 28 13 0 15 33 9 24 46 22 38 36 44 20 7 19 23 7 38
27 12 8 49 25 37 17 21 6 21 50 22 31 32 36 37 16 9 2 15 4 47 34 29 4 6 47 17 35 5 20 6 27 20 10 5 5 11 22 32 29 44 45 19 6 11 2 4 18 47 13 30 9 18 28 43 22 21 34 20 3 35 3 16 19 12 19 6 5 21
41 10 48 11 1 4 23 42 19 4 4 3 1 49 17 43 42 46 1 17 8 6 12 47 24 20 23 37 3 8 21 46 22 8 35 15 41 45 6 23 5 42 30 28 20 44 6 5 48 48 17 29 10 4 6 14 7 43 36 30 21 11 35 48 43 6 35 34 8 3
44 30 34 6 41 35 17 31 25 3 28 41 49 45 34 39 36 32 19 6 20 15 13 0 13 9 44 8 36 20 32 38 4 46 29 47 47 0 26 19 42 32 4 31 8 46 20 43 43 34 25 26 40 27 48 45 34 24 22 3 41 48 32 47 28 35 40 7 17 36
4 42 24 17 20 28 48 39 44 47 3 22 17 39 31 31 19 44 46 45 49 20 3 34 22 12 6 30 48 8 11 6 32 19 40 16 10 22 38 25 42 25 46 21 17 10 8 44 12 16 12 22 42 14 42 13 15 41 1 21 45 18 18 33 23 24 20 18 48 44
25 13 0 31 5 19 8 2 16 48 37 14 9 0 5 4 26 31 43 42 47 8 19 4 46 7 28 10 33 28 0 10 19 11 18 23 13 31 26 44 29 33 50 45 17 29 36 41 15 3 35 14 36 48 14 17 48 49 33 11 36 9 37 37 26 0 40 42 27 31
2 38 37 29 4 18 0 43 20 10 4 19 38 23 17 14 14 45 1 5 28 13 43 45 22 39 16 31 4 49 12 34 26 42 27 23 15 40 38 7 13 18 22 24 9 9 11 25 36 42 48 12 23 11 9 26 39 14 45 38 6 9 41 23 43 35 21 11 43 15
35 23 23 27 36 15 36 26 39 1 12 18 7 37 40 41 33 3 19 26 7 39 45 3 27 35 48 41 33 4 39 6 24 21 38 2 21 32 19 31 14 27 3 10 3 33 2 6 12 7 22 37 24 11 22 46 39 49 9 29 21 16 25 24 12 7 9 14 30 29
45 49 6 33 20 2 20 5 15 19 3 33 16 2 3 14 38 21 2 21 49 1 13 32 49 22 14 23 21 20 29 28 41 7 30 39 35 34 10 42 37 14 11 8 10 7 50 21 45 30 0 26 42 35 36 4 29 27 46 3 22 31 32 10 32 0 21 28 8 16
21 40 46 1 40 38 42 36 26 20 2 36 29 25 41 19 13 11 41 23 34 48 18 4 36 0 0 10 21 41 28 42 8 7 32 16 22 27 38 9 28 9 0 13 22 8 41 23 31 2 3 34 33 14 39 48 32 22 21 5 34 2 47 25 21 0 20 42 11 20
0 45 47 5 28 45 10 17 39 21 16 24 32 5 18 31 41 22 3 42 26 50 28 18 45 42 43 6 0 36 34 13 14 18 35 39 28 20 36 18 38 10 20 35 6 24 9 3 14 17 5 21 12 10 25 38 17 27 30 50 11 2 2 23 17 43 22 40 50 32
7 3 36 6 33 8 7 8 36 34 42 5 25 41 45 15 40 26 5 16 30 38 16 49 36 41 40 45 14 47 31 31 40 18 1 2 5 14 9 14 42 14 33 10 38 16 44 38 18 28 26 50 27 50 42 16 29 20 25 5 42 11 27 7 1 38 25 20 28 14
49 17 42 19 0 29 39 5 27 44 49 21 50 43 15 49 38 8 32 4 14 48 27 8 27 17 42 35 27 8 9 23 47 8 35 7 49 1 25 21 46 18 43 10 36 12 21 2 41 31 14 11 21 12 45 17 31 10 4 19 49 9 23 19 24 23 25 15 35 25
33 48 49 44 42 13 15 11 32 16 32 29 32 2 20 40 27 35 47 37 11 19 47 18 47 0 38 22 22 34 7 36 2 10 39 17 49 26 9 32 43 37 4 20 17 43 9 49 30 13 8 8 15 34 0 8 20 13 0 47 4 40 42 22 41 35 24 21 30 43
34 9 0 23 18 19 0 14 16 14 7 29 30 2 27 46 43 34 22 17 36 4 24 3 13 50 11 28 35 21 9 23 17 44 16 14 14 18 2 42 12 6 43 47 18 31 48 19 47 12 18 1 5 24 33 9 27 45 18 1 17 22 25 48 34 4 46 30 5 0
40 40 16 6 2 19 9 22 6 24 6 22 0 33 31 1 10 25 9 14 27 38 32 13 45 4 25 19 14 35 20 43 41 48 48 23 10 29 17 4 42 13 31 39 22 42 36 37 19 18 47 30 16 23 9 28 5 4 39 47 30 1 22 33 2 42 12 39 37 15
16 22 21 45 4 49 46 3 21 47 40 27 4 20 10 33 18 31 46 27 29 41 29 35 2 27 31 14 34 3 34 31 46 30 27 20 10 2 15 13 24 39 50 42 22 38 11 0 5 14 25 48 44 49 21 43 41 23 2 16 47 38 45 33 28 9 1 29 12 7
1 3 37 10 18 46 9 13 2 37 18 21 23 32 44 31 48 7 7 3 33 43 6 5 19 23 16 36 40 48 49 26 2 10 47 39 43 23 44 9 14 37 20 5 27 38 31 21 18 9 47 23 49 4 13 10 4 32 47 14 15 9 25 0 29 48 39 39 36 48
4 18 22 43 47 46 8 0 18 11 2 41 10 11 29 38 42 44 39 44 26 36 20 10 20 44 17 38 9 37 22 46 12 16 40 2 23 10 29 26 6 21 28 47 44 24 11 44 4 44 0 17 42 18 28 30 21 19 0 26 21 50 10 49 48 16 1 28 45 11
27 37 39 27 15 41 1 41 33 11 42 49 25 19 15 9 17 14 31 2 39 23 38 42 35 22 0 48 36 48 11 17 15 26 38 12 34 13 3 43 35 8 40 20 7 17 4 34 45 14 24 21 24 29 8 42 36 28 9 39 22 34 28 27 23 17 48 11 27 41
48 27 7 35 19 13 0 25 7 32 10 28 19 1 46 38 15 38 34 39 15 31 23 4 36 34 11 34 37 47 3 0 30 25 44 46 12 39 32 21 15 5 19 5 14 18 39 9 4 5 31 45 41 34 19 16 31 7 30 10 2 9 47 35 8 24 47 5 10 37
14 41 19 31 6 2 27 14 39 19 13 12 20 25 8 25 40 47 1 39 11 12 3 40 2 18 48 50 8 4 6 3 19 6 4 23 11 40 40 1 4 30 41 16 45 13 2 2 36 29 9 0 49 9 36 37 22 1 13 5 42 38 9 15 10 5 21 39 17 32
3 22 17 30 10 32 24 18 8 17 8 16 13 41 1 45 28 30 29 42 10 12 29 46 42 26 46 36 12 23 10 5 0 19 2 6 30 29 24 42 31 33 12 33 17 28 24 36 49 4 13 37 8 7 37 5 38 8 3 18 1 28 8 7 28 22 50 33 21 2
22 12 44 30 22 31 5 49 28 22 13 5 32 10 20 4 28 12 42 50 47 30 3 45 8 43 18 13 28 22 7 50 14 22 0 24 45 19 49 4 38 1 13 30 26 40 13 50 21 39 16 42 7 3 2 11 23 50 30 28 23 4 39 26 17 43 45 2 32 13
6 40 34 29 27 17 33 8 28 19 29 23 17 18 14 4 26 33 47 13 13 0 35 47 41 41 12 2 6 16 26 49 45 48 35 4 41 22 24 9 3 40 36 36 20 8 23 8 7 1 29 36 17 29 25 34 46 24 10 10 6 48 5 21 0 37 46 6 21 26
34 16 5 2 50 15 12 16 23 45 24 24 46 37 24 18 30 31 16 6 9 28 33 33 2 41 36 37 26 47 44 23 37 6 36 36 43 42 50 29 4 38 49 13 20 9 5 45 28 32 3 0 48 0 32 30 50 5 16 4 30 21 37 38 8 6 25 15 35 12
19 12 3 13 50 22 24 37 11 41 2 24 4 20 46 11 7 20 44 33 25 37 34 22 16 0 26 7 42 47 25 50 28 7 40 1 26 48 40 5 29 2 3 6 26 45 0 18 12 18 3 13 34 43 40 0 45 6 29 26 2 37 47 41 48 33 15 27 23 6
1 35 5 5 23 42 41 4 8 48 16 36 18 26 26 35 42 20 27 22 44 9 5 42 43 37 5 5 40 7 11 18 33 35 27 24 14 5 9 33 32 12 13 24 19 19 28 7 40 23 34 39 19 47 27 43 45 0 27 19 47 0 0 6 17 43 30 15 37 33
16 12 29 36 46 33 15 46 48 20 46 32 6 16 50 30 14 21 43 43 24 6 29 9 15 37 14 14 10 24 37 30 9 40 3 23 44 3 6 5 46 47 31 25 19 34 20 37 2 39 36 7 23 32 44 4 27 21 39 5 50 25 22 25 37 11 7 41 5 5
23 22 33 4 49 25 26 44 14 29 29 40 20 0 8 39 25 13 26 11 23 23 42 23 39 3 0 44 20 37 34 32 37 42 2 4 47 34 4 23 24 15 32 10 13 33 22 32 46 20 28 33 29 18 27 20 33 40 40 3 16 15 31 27 29 22 21 45 43 37
16 12 42 45 15 41 14 38 18 11 31 30 35 34 47 0 5 42 5 43 16 23 4 15 3 20 40 45 40 50 8 1 18 12 39 36 32 13 48 27 21 38 29 25 20 21 21 43 9 42 23 9 0 47 41 21 36 32 8 24 30 7 26 13 30 5 44 12 2 30
8 19 19 15 43 40 34 34 15 13 8 23 7 24 42 23 49 8 19 36 25 26 7 35 17 23 31 37 49 42 18 18 47 33 38 7 41 11 24 21 19 35 15 24 25 27 47 20 14 17 26 12 37 32 27 34 30 32 23 31 37 9 30 45 0 32 15 6 19 10
3 6 30 29 1 19 29 1 37 8 7 1 35 35 11 31 38 23 6 34 11 7 0 46 39 24 13 4 46 6 28 7 3 47 23 47 23 20 47 30 43 10 33 26 36 5 5 23 3 18 41 13 48 33 48 28 50 37 32 39 34 37 1 16 13 42 15 48 38 37
17 47 11 38 33 1 24 26 22 38 42 43 47 23 9 28 13 9 18 36 37 0 35 32 41 20 44 26 1 10 4 39 44 2 2 21 35 8 16 25 4 4 23 11 5 46 29 1 4 4 19 6 5 42 43 7 1 4 44 11 7 31 34 7 33 0 2 50 38 10
22 40 38 40 6 2 6 5 29 46 24 24 10 15 0 33 33 6 24 22 20 28 13 46 42 41 46 9 5 50 23 1 43 34 35 26 49 29 50 24 16 37 20 3 32 28 20 45 30 50 35 38 21 46 40 11 3 2 19 28 42 17 2 42 11 14 42 2 29 5
16 14 31 24 34 48 41 23 26 22 3 10 0 29 31 0 39 2 7 1 31 18 24 39 40 38 7 35 15 47 38 29 0 47 31 25 7 24 37 12 35 35 22 31 3 42 23 11 14 17 26 28 32 0 13 4 18 12 25 28 20 21 1 22 32 13 22 37 12 46
19 34 24 1 16 39 8 33 44 40 25 14 7 38 24 22 46 41 16 36 4 19 8 9 49 17 44 0 36 2 31 22 44 1 21 7 42 38 20 41 48 20 21 38 29 12 8 0 45 18 41 16 47 48 12 40 24 32 12 45 20 19 43 37 21 7 19 6 8 2
13 30 41 30 31 5 37 17 20 49 3 42 20 24 35 22 38 25 0 33 41 40 23 21 13 6 38 35 17 1 48 26 31 8 47 8 14 37 26 11 20 27 14 17 16 30 36 20 37 50 19 8 0 0 31 37 49 14 34 31 17 40 14 19 48 5 45 18 9 15
47 10 38 34 37 39 7 2 5 34 19 23 20 23 7 18 43 25 49 49 41 0 17 5 16 6 12 29 42 20 19 30 25 34 50 25 40 15 46 43 1 13 11 3 14 8 6 6 1 11 43 34 1 36 43 20 40 31 43 29 24 26 25 36 29 17 38 12 7 34
45 43 30 48 31 38 11 24 33 17 47 3 9 32 21 36 7 7 32 19 1 19 0 9 16 19 49 6 31 17 42 39 21 22 22 37 6 30 3 10 26 23 13 33 49 28 34 16 27 46 11 43 17 26 30 46 33 7 27 36 24 13 7 49 31 19 44 45 14 33
15 48 10 30 3 27 42 23 34 16 2 31 2 23 39 46 7 16 7 16 7 16 32 39 1 2 43 26 26 36 39 10 38 9 50 36 7 24 5 38 50 22 39 12 45 28 41 38 35 3 0 16 23 0 48 0 26 40 31 15 47 1 20 40 20 3 31 33 45 0
41 3 31 33 33 12 38 41 48 41 29 9 28 6 2 2 28 4 2 25 45 0 43 0 0 38 8 41 18 42 15 21 8 17 20 27 24 34 6 1 21 27 17 14 5 32 27 2 22 41 5 1 13 37 2 42 12 0 23 35 37 10 47 14 3 48 46 43 8 36
39 50 25 1 12 7 22 45 49 32 45 33 11 22 46 48 33 1 34 16 12 38 49 35 21 2 19 4 34 46 20 32 20 36 6 5 2 35 14 21 34 12 32 0 28 20 3 23 15 12 42 42 48 49 44 7 28 36 19 36 35 8 49 30 43 27 33 23 6 36
27 22 45 4 12 32 47 47 45 18 44 11 1 26 9 34 3 0 0 17 30 23 2 32 17 34 37 33 16 41 44 39 27 3 41 36 25 6 9 6 42 24 27 2 14 9 45 39 12 13 15 24 3 50 9 18 26 7 46 41 24 24 49 33 8 37 2 34 17 24
7 12 50 2 4 14 13 17 39 1 19 2 31 17 19 37 30 7 40 10 13 9 4 14 36 13 5 32 0 21 12 19 3 24 40 41 40 12 48 40 16 32 27 19 31 1 14 39 24 2 2 42 0 19 35 39 47 31 43 29 45 6 18 32 41 28 22 1 47 40
49 1 49 45 31 44 25 44 23 27 37 28 12 22 31 25 42 47 29 21 43 20 46 40 0 28 14 25 47 39 22 34 43 5 38 0 19 14 5 48 10 40 39 6 13 21 24 16 4 7 46 36 44 34 30 2 31 31 31 26 8 40 35 38 8 47 43 43 37 5
1 18 9 8 37 23 22 8 27 11 13 34 15 43 39 0 12 42 3 12 16 45 39 23 49 14 30 7 17 6 14 34 37 9 14 43 6 49 25 31 9 35 18 19 10 11 1 42 48 17 42 32 25 50 28 16 11 14 36 43 33 21 40 25 38 12 3 46 15 17
31 37 32 35 16 47 11 3 31 27 12 32 25 39 2 19 50 25 5 30 22 37 26 24 34 42 27 8 45 10 9 49 9 12 10 37 15 9 16 0 17 49 50 47 13 2 31 48 36 18 49 4 24 23 31 35 5 4 32 46 36 46 12 0 30 14 37 44 34 42
27 3 8 14 11 34 6 3 8 33 34 0 16 17 42 3 20 24 41 33 22 40 40 43 43 10 15 31 34 22 5 48 30 42 25 41 40 37 35 42 1 8 35 8 18 10 23 6 37 2 46 8 48 46 17 29 20 35 14 37 22 24 12 14 43 22 45 30 48 11
27 50 17 3 8 19 35 8 12 44 42 28 44 47 23 34 28 3 31 29 20 50 49 32 1 8 26 42 9 19 35 49 14 12 41 21 31 0 23 31 36 33 19 5 13 29 42 48 40 23 11 41 4 25 26 38 7 28 5 1 40 8 13 30 19 39 21 9 7 9
45 28 33 18 13 13 42 9 19 36 28 28 10 14 24 18 18 33 8 38 28 35 11 13 28 30 36 19 20 25 32 6 37 33 47 21 31 25 3 33 33 5 45 47 29 19 22 48 23 21 8 21 34 0 0 30 20 11 33 10 38 47 49 21 21 5 10 33 24 42
1 6 50 35 26 48 20 6 33 42 18 20 7 19 6 35 28 3 45 50 29 13 43 18 23 14 15 22 11 49 20 18 29 0 35 18 31 38 20 38 13 38 49 43 43 41 37 0 11 2 34 10 50 36 42 33 45 3 33 6 7 49 12 23 30 18 48 17 25 5
36 50 25 48 47 25 22 2 2 48 29 33 36 27 19 3 24 10 35 47 6 10 0 49 46 22 40 48 43 37 18 47 30 37 3 11 22 31 39 39 42 6 33 37 13 25 5 1 33 41 37 41 43 30 30 34 28 35 47 20 44 24 38 0 30 19 4 30 31 42
24 30 37 41 16 5 13 39 1 34 32 30 27 39 14 26 46 30 30 38 4 37 17 24 37 42 28 5 35 9 42 38 13 40 11 39 29 10 42 49 24 7 13 50 33 48 6 23 41 49 1 9 39 0 33 39 44 26 14 14 19 19 48 10 31 15 19 11 19 2
36 48 15 6 49 4 3 0 9 21 42 19 7 40 28 29 9 1 6 43 28 37 30 39 45 33 39 34 5 49 40 36 48 2 7 34 34 5 50 34 41 6 50 19 18 13 6 43 5 27 5 46 22 48 21 19 29 23 47 11 37 4 11 0 41 12 45 29 5 14
17 14 17 49 46 26 0 16 25 48 27 12 31 28 22 19 25 20 16 15 15 19 16 12 5 7 5 41 35 37 22 24 14 2 36 30 20 3 42 25 35 9 41 5 3 5 42 43 29 34 24 4 27 23 13 28 22 13 40 29 43 25 48 5 17 42 49 23 5 42
11 21 30 17 12 47 6 10 44 50 14 4 6 48 27 46 7 49 15 16 7 5 50 10 6 17 33 39 14 7 32 33 18 20 23 50 16 17 1 29 40 27 34 24 41 37 38 8 2 31 2 38 25 12 50 35 43 31 50 36 44 41 48 25 10 8 32 12 23 0
4 45 0 26 0 37 37 28 34 33 20 41 31 41 42 31 16 6 12 30 29 6 43 40 20 8 42 49 31 42 17 38 21 9 35 36 25 13 26 25 40 33 43 1 25 16 33 20 28 47 44 47 28 36 35 49 12 26 17 29 8 50 18 4 46 9 38 4 38 2
39 25 0 12 43 48 14 20 38 2 4 35 8 22 49 11 49 49 40 36 39 39 29 43 49 3 20 24 15 33 8 19 31 43 34 27 43 8 15 38 27 15 25 8 28 32 14 36 26 37 0 27 17 1 48 28 24 4 19 38 7 42 50 49 17 37 20 21 38 1
50 18 46 33 14 17 18 12 25 25 50 38 37 9 6 34 19 50 49 23 16 10 29 23 8 30 20 21 37 22 30 0 15 22 42 38 31 26 31 20 37 47 8 5 16 8 24 21 18 50 40 20 37 40 15 43 25 46 10 38 11 44 43 50 13 17 1 49 44 22
29 21 45 21 18 42 7 37 26 14 40 49 27 50 34 5 12 23 17 41 40 22 0 18 49 12 39 19 37 47 26 43 29 12 13 23 23 37 27 21 11 13 2 11 1 44 3 25 19 48 24 31 27 42 21 9 14 23 9 13 37 10 45 42 5 23 0 0 24 4
19 16 17 35 13 0 23 45 2 35 34 1 48 29 47 23 45 3 25 48 23 48 15 13 49 30 14 49 35 4 46 5 27 49 4 20 11 48 50 2 46 36 38 31 45 34 31 29 18 24 32 2 4 31 19 28 43 22 24 45 36 27 8 17 5 33 36 2 15 16
18 50 36 35 28 0 25 37 49 46 47 22 38 3 47 43 3 38 6 1 43 43 30 48 25 30 21 32 37 23 11 49 31 34 31 0 37 17 28 11 35 25 24 4 46 38 39 18 35 16 13 23 38 7 5 50 36 45 16 44 26 6 5 24 23 2 27 47 7 2
41 28 17 38 1 42 19 33 5 45 17 18 12 13 3 14 42 35 44 33 16 34 17 25 4 2 17 48 47 19 41 19 30 16 27 14 6 32 47 17 45 38 29 16 3 42 11 47 27 23 14 2 48 48 11 0 50 27 43 4 25 28 20 42 1 15 44 26 32 48
44 22 20 20 1 19 42 26 23 38 31 33 2 42 22 29 11 10 43 17 13 44 18 9 16 43 23 19 14 8 34 28 0 33 21 39 12 32 39 0 30 25 16 44 0 21 9 10 33 30 16 11 7 41 4 27 49 41 31 44 9 0 30 31 47 22 19 27 10 13
33 27 15 32 18 39 14 50 6 2 13 20 37 32 49 9 17 23 46 11 37 2 10 37 44 46 10 23 34 18 29 14 11 21 42 35 17 25 46 43 28 22 31 41 2 4 36 21 20 0 29 24 12 45 18 18 15 14 2 26 1 35 48 26 5 41 31 33 16 18
0 4 7 10 2 8 8 5 8 0 10 8 8 9 4 0 3 0 0 1 6 1 3 1 2 2 3 4 2 10 1 2 10 9 1 7 2 8 0 10 0 3 5 4 4 7 3 10 2 8 8 0 0 10 1 0 9 9 8 10 5 4 5 9 10 8 5 7 2 3
4 0 7 0 9 5 2 0 2 0 7 10 0 0 9 8 7 4 4 3 5 1 9 4 6 8 4 3 4 0 3 6 2 3 8 5 6 9 7 6 10 5 4 10 1 3 3 7 7 8 2 10 10 3 6 3 7 5 8 9 10 6 8 10 1 3 2 0 4 2
7 7 0 8 5 3 2 0 9 9 6 2 1 7 1 10 6 0 9 5 10 2 1 1 8 2 8 7 5 2 8 2 7 7 5 10 3 5 6 2 4 5 8 6 10 9 7 5 8 8 3 5 8 9 2 3 7 2 0 2 3 7 3 6 6 5 5 5 3 8
10 0 8 0 7 8 7 1 3 4 2 3 6 3 8 6 1 0 2 3 4 5 6 10 0 9 9 4 4 10 3 0 3 2 6 5 1 9 2 4 6 2 1 10 4 4 6 1 10 4 1 9 1 3 8 10 0 1 4 3 5 10 5 10 0 6 1 4 1 10
2 9 5 7 0 9 8 1 4 1 6 10 3 9 8 0 4 0 3 1 2 2 6 1 1 8 1 9 6 7 3 1 3 6 6 6 1 7 3 10 5 0 4 4 7 9 0 5 3 4 7 10 4 5 0 8 5 1 0 4 6 3 8 9 7 2 5 3 10 8
8 5 3 8 9 0 8 5 1 2 5 9 1 6 3 6 5 2 9 5 4 8 5 2 7 6 8 0 1 1 6 4 7 9 1 4 4 0 10 0 10 5 9 9 6 3 4 1 0 5 3 4 6 7 7 4 8 2 4 2 6 10 10 5 7 6 0 2 2 2
8 2 2 7 8 8 0 0 1 0 3 3 6 10 3 10 7 0 1 10 10 7 0 6 7 7 5 3 0 6 6 9 0 5 10 7 7 6 5 6 5 5 0 3 1 10 8 8 9 7 0 4 6 5 0 6 2 4 5 4 4 4 0 1 9 2 4 10 3 3
5 0 0 1 1 5 0 0 5 7 10 6 4 8 0 8 4 9 9 5 10 8 4 5 5 6 5 3 9 2 3 0 5 8 8 10 5 7 9 1 8 2 3 9 10 7 6 2 2 1 10 2 6 3 0 2 4 6 8 2 9 3 7 5 2 7 4 6 8 1
8 2 9 3 4 1 1 5 0 1 2 3 2 1 7 8 8 4 3 2 10 10 8 10 9 9 3 0 7 6 1 9 0 2 8 0 6 4 1 5 9 3 8 6 7 10 7 6 0 0 4 4 7 1 2 1 8 5 10 7 3 5 1 4 3 4 9 5 0 7
0 0 9 4 1 2 0 7 1 0 8 4 6 3 6 9 8 4 10 0 7 9 10 9 10 6 6 9 8 6 10 7 1 10 9 8 6 7 9 10 5 8 3 8 6 8 3 9 10 5 4 3 5 6 10 10 3 3 2 5 1 4 8 9 8 7 0 10 8 6
10 7 6 2 6 5 3 10 2 8 0 5 6 2 3 3 6 2 3 2 2 5 6 7 9 6 7 1 3 7 10 6 2 9 3 4 0 0 4 0 3 9 8 7 3 1 4 10 1 0 3 8 8 4 0 4 9 2 3 9 4 6 2 3 10 6 3 3 1 6
8 10 2 3 10 9 3 6 3 4 5 0 2 10 4 4 4 4 9 5 5 6 8 0 8 6 1 10 8 0 10 5 8 3 3 9 10 4 0 2 8 3 9 10 6 7 4 4 2 5 1 0 8 4 8 10 6 1 3 2 3 3 1 9 9 5 3 6 3 10
8 0 1 6 3 1 6 4 2 6 6 2 0 8 0 7 0 1 10 1 7 5 6 9 6 3 8 0 10 1 8 0 10 8 8 5 0 2 5 1 6 2 5 1 1 10 1 3 2 6 2 10 1 2 7 3 4 1 3 0 8 9 0 8 6 4 2 9 1 0
9 0 7 3 9 6 10 8 1 3 2 10 8 0 2 3 3 4 7 8 9 8 7 2 0 9 4 1 0 2 6 2 5 6 4 1 2 10 3 0 6 7 2 8 4 5 8 10 7 0 5 6 1 6 2 1 2 3 1 6 9 4 6 10 10 1 7 4 2 3
4 9 1 8 8 3 3 0 7 6 3 4 0 2 0 0 1 10 3 4 6 4 10 6 1 0 7 1 6 9 5 6 3 7 6 10 4 8 4 7 5 9 9 7 1 8 10 4 2 7 5 4 3 9 9 7 1 4 1 5 8 6 7 10 1 0 4 10 5 8
0 8 10 6 0 6 10 8 8 9 3 4 7 3 0 0 9 1 6 0 0 5 3 4 5 1 3 9 2 3 8 7 3 8 10 6 3 1 1 7 4 5 6 7 10 9 0 2 3 7 9 0 1 3 8 5 9 0 9 8 9 1 0 5 0 4 10 5 4 9
3 7 6 1 4 5 7 4 8 8 6 4 0 3 1 9 0 8 8 2 5 7 4 7 10 4 10 7 4 0 8 8 0 10 6 3 9 4 9 6 0 9 5 1 6 1 5 9 7 8 1 10 10 2 1 9 4 0 3 7 10 9 7 7 9 10 3 9 10 10
0 4 0 0 0 2 0 9 4 4 2 4 1 4 10 1 8 0 4 6 10 0 9 6 9 0 0 6 2 10 1 3 9 1 7 9 4 5 5 4 10 6 8 2 5 6 0 0 5 9 0 8 4 6 7 6 1 6 1 0 0 1 3 7 0 7 1 8 9 8
0 4 9 2 3 9 1 9 3 10 3 9 10 7 3 6 8 4 0 0 10 6 4 3 0 7 8 7 9 6 4 0 10 2 8 9 3 4 1 5 8 9 0 9 6 9 0 9 9 8 0 8 6 9 9 0 4 8 8 10 7 5 0 10 5 5 5 1 10 6
1 3 5 3 1 5 10 5 2 0 2 5 1 8 4 0 2 6 0 0 0 4 1 3 0 10 2 10 2 2 1 6 7 8 3 4 1 4 3 1 4 10 0 8 2 7 5 3 1 3 4 10 5 0 4 6 3 0 8 7 5 8 4 10 0 0 9 6 8 4
6 5 10 4 2 4 10 10 10 7 2 5 7 9 6 0 5 10 10 0 0 4 7 1 8 3 0 6 8 7 8 6 8 2 2 4 1 0 9 7 0 7 4 9 3 8 3 10 0 2 10 2 2 10 2 5 8 0 0 2 7 6 7 3 10 0 8 2 3 4
1 1 2 5 2 8 7 8 10 9 5 6 5 8 4 5 7 0 6 4 4 0 6 3 4 0 1 6 8 6 1 9 6 8 10 9 8 8 10 9 8 8 2 0 8 4 3 1 3 3 6 1 2 0 4 6 0 2 9 7 5 3 8 10 7 7 0 7 3 0
3 9 1 6 6 5 0 4 8 10 6 8 6 7 10 3 4 9 4 1 7 6 0 10 1 10 8 7 7 4 0 9 2 3 10 4 5 10 1 0 0 2 10 4 3 9 2 7 8 10 7 8 10 10 2 0 10 6 0 7 0 4 2 10 10 1 10 1 3 4
1 4 1 10 1 2 6 5 10 9 7 0 9 2 6 4 7 6 3 3 1 3 10 0 0 6 3 9 4 1 10 6 2 5 0 8 2 3 6 8 0 9 4 3 3 2 4 2 6 6 9 0 1 6 0 5 9 6 9 9 5 8 10 6 9 0 2 6 4 10
2 6 8 0 1 7 7 5 9 10 9 8 6 0 1 5 10 9 0 0 8 4 1 0 0 3 9 8 3 7 7 1 3 10 3 6 0 2 1 0 2 9 8 5 5 5 9 7 9 7 10 3 5 1 10 2 6 9 6 3 2 10 3 6 3 7 4 2 9 10
2 8 2 9 8 6 7 6 9 6 6 6 3 9 0 1 4 0 7 10 3 0 10 6 3 0 0 0 9 9 5 6 8 7 3 3 9 5 2 3 10 7 1 8 8 3 3 6 6 3 7 4 1 0 6 8 2 10 8 10 4 8 3 6 3 3 6 2 9 0
3 4 8 9 1 8 5 5 3 6 7 1 8 4 7 3 10 0 8 2 0 1 8 3 9 0 0 3 4 2 10 7 8 0 0 4 6 8 2 1 9 6 0 5 1 2 7 0 1 10 2 6 3 8 0 6 7 8 6 4 7 10 10 6 1 2 6 9 7 1
4 3 7 4 9 0 3 3 0 9 1 10 0 1 1 9 7 6 7 10 6 6 7 9 8 0 3 0 1 2 0 2 9 8 4 2 5 5 2 2 8 0 8 1 9 9 6 10 2 0 3 0 3 3 9 7 4 1 5 5 6 0 2 2 8 5 5 8 0 7
2 4 5 4 6 1 0 9 7 8 3 8 10 0 6 2 4 2 9 2 8 8 7 4 3 9 4 1 0 6 0 4 5 8 3 9 3 6 1 3 4 0 4 2 6 7 7 2 1 0 6 5 3 10 4 4 4 10 3 6 7 3 9 8 5 8 1 0 8 8
10 0 2 10 7 1 6 2 6 6 7 0 1 2 9 3 0 10 6 2 7 6 4 1 7 9 2 2 6 0 4 5 8 10 4 0 9 5 6 10 3 5 1 3 9 7 3 0 9 0 9 4 8 9 2 4 7 0 5 2 7 4 9 5 8 6 2 3 2 2
1 3 8 3 3 6 6 3 1 10 10 10 8 6 5 8 8 1 4 1 8 1 0 10 7 5 10 0 0 4 0 10 3 10 6 2 2 1 10 0 7 9 5 8 4 2 2 0 1 0 1 4 9 2 5 10 1 3 10 3 10 8 4 0 3 10 10 0 4 5
2 6 2 0 1 4 9 0 9 7 6 5 0 2 6 7 8 3 0 6 6 9 9 6 1 6 7 2 4 5 10 0 4 2 0 2 10 5 6 8 6 0 6 8 2 3 2 5 6 6 10 3 4 0 1 1 0 9 3 4 8 10 3 1 10 6 7 0 10 0
10 2 7 3 3 7 0 5 0 1 2 8 10 5 3 3 0 9 10 7 8 6 2 2 3 8 8 9 5 8 3 4 0 9 5 3 6 2 4 5 6 2 0 5 6 0 2 6 8 1 0 9 4 9 2 7 3 4 1 4 10 5 0 10 1 1 4 9 10 0
9 3 7 2 6 9 5 8 2 10 9 3 8 6 7 8 10 1 2 8 2 8 3 5 10 7 0 8 8 10 10 2 9 0 2 10 2 2 1 6 4 1 7 5 10 3 5 4 4 5 5 7 2 0 4 5 7 4 6 1 2 8 0 1 5 3 6 4 8 7
1 8 5 6 6 1 10 8 8 9 3 3 8 4 6 10 6 7 8 3 2 10 10 0 3 3 0 4 3 4 6 0 5 2 0 5 5 4 3 7 4 1 4 8 1 8 10 5 10 0 6 5 3 5 5 0 3 0 3 6 0 10 2 2 0 10 9 5 8 1
7 5 10 5 6 4 7 10 0 8 4 9 5 1 10 6 3 9 9 4 4 9 4 8 6 3 4 2 9 0 2 2 3 10 5 0 6 9 5 8 5 5 1 5 6 3 6 0 4 4 0 9 8 1 7 5 9 3 1 7 5 10 8 7 9 4 2 6 1 9
2 6 3 1 1 4 7 5 6 6 0 10 0 2 4 3 9 4 3 1 1 8 5 2 0 9 6 5 3 9 2 10 6 2 5 6 0 3 2 5 4 8 10 1 2 0 10 8 6 2 2 4 8 6 9 5 8 3 1 2 2 8 7 3 4 3 5 8 3 5
8 9 5 9 7 0 6 7 4 7 0 4 2 10 8 1 4 5 4 4 0 8 10 3 2 5 8 5 6 5 1 5 2 2 4 9 3 0 5 8 0 7 3 2 9 8 3 4 5 4 0 1 4 5 9 9 0 1 5 7 9 5 3 3 10 3 4 1 8 3
0 7 6 2 3 10 5 9 1 9 4 0 5 3 4 1 9 5 1 3 9 10 1 6 1 2 2 2 1 6 10 6 4 1 3 5 2 5 0 7 5 3 10 2 10 0 10 4 2 10 7 8 1 8 3 2 9 9 4 10 7 0 2 0 7 3 8 6 1 4
10 6 2 4 10 0 6 1 5 10 0 2 1 0 7 7 6 4 5 1 7 9 0 8 0 3 1 2 3 10 0 8 5 6 7 8 5 8 7 0 6 7 8 2 5 9 4 8 3 6 4 6 3 9 4 9 2 3 3 5 6 8 10 2 5 10 2 0 2 1
0 10 4 6 5 10 5 8 9 5 3 8 6 6 5 4 0 10 8 4 0 8 0 0 2 10 9 8 4 3 7 6 6 4 4 5 4 0 5 6 0 8 5 9 8 10 1 1 3 2 3 8 8 7 6 6 7 5 10 6 0 4 7 10 7 10 4 9 0 0
3 5 5 2 0 5 5 2 3 8 9 3 2 7 9 5 9 6 9 10 7 8 2 9 9 7 6 0 0 5 9 0 2 1 1 5 8 7 3 7 8 0 8 8 10 2 10 5 0 1 3 3 2 10 9 10 7 3 5 2 6 0 6 1 6 9 6 2 9 6
5 4 8 1 4 9 0 3 8 3 8 9 5 2 9 6 5 8 0 0 4 2 10 4 8 1 0 8 4 1 5 6 0 7 4 1 10 3 10 8 5 8 0 1 1 0 4 6 9 6 0 5 10 5 2 10 3 5 10 8 6 0 1 8 8 3 10 0 9 3
4 10 6 10 4 9 3 9 6 8 7 10 1 8 7 7 1 2 9 8 9 0 4 3 5 8 5 1 2 3 8 8 5 5 8 5 1 2 2 2 9 8 1 0 7 7 3 8 1 4 4 10 3 1 8 2 6 9 9 3 6 7 2 8 10 7 0 3 10 5
4 1 10 4 7 6 1 10 7 6 3 6 1 4 1 10 6 5 6 2 3 8 3 3 5 8 1 9 6 9 4 2 6 10 1 6 2 9 10 5 8 10 1 7 0 3 1 6 4 2 0 9 8 5 3 6 2 3 8 3 4 0 5 7 1 7 8 5 1 5
7 3 9 4 9 3 10 7 10 8 1 7 10 5 8 9 1 6 9 7 8 4 9 2 5 3 2 9 7 7 2 3 0 3 8 3 0 8 0 9 10 2 0 7 3 0 6 3 3 7 6 9 6 2 8 0 4 6 5 5 5 3 0 8 7 6 8 7 8 8
3 3 7 6 0 4 8 6 7 3 4 4 1 8 10 0 5 0 0 5 3 3 2 4 9 3 7 6 7 3 2 2 2 5 10 6 10 3 10 4 1 10 4 3 1 6 0 9 7 9 0 9 8 0 8 1 1 9 10 7 6 9 5 5 7 0 10 2 1 2
10 7 5 1 5 1 8 2 6 9 10 4 3 10 4 2 9 0 9 3 10 1 7 2 7 6 0 10 2 0 0 5 6 4 5 0 8 4 4 8 1 5 6 8 6 3 9 0 10 10 6 2 1 3 8 3 9 2 0 6 8 8 9 6 7 0 8 5 5 9
2 7 8 10 3 0 9 2 0 10 1 2 2 7 2 3 7 5 9 1 0 3 8 6 9 6 1 2 1 9 1 6 8 4 10 4 6 5 2 3 3 0 9 1 4 3 7 10 0 2 6 10 2 0 5 4 4 8 1 10 5 8 5 7 6 9 6 2 3 7
8 8 8 4 4 5 7 1 0 5 0 5 6 0 7 7 8 9 8 3 2 3 10 6 7 3 10 0 0 0 0 6 1 5 0 4 2 4 10 6 2 1 6 4 2 7 9 10 2 0 4 0 8 2 4 2 5 8 5 10 5 7 1 6 7 8 1 8 2 5
8 2 3 1 7 3 0 10 4 4 3 1 2 5 5 9 1 0 0 4 10 6 7 9 10 7 2 3 6 9 1 10 0 5 6 0 2 0 7 4 3 3 0 4 0 6 0 6 6 4 0 1 8 3 4 10 10 9 0 3 7 10 5 10 0 3 3 10 3 4
0 10 5 9 10 4 4 2 4 3 8 0 10 6 4 0 10 8 8 10 2 1 8 0 3 4 6 0 5 4 4 3 9 7 5 9 4 1 8 6 8 3 5 10 9 9 9 2 10 0 1 0 4 10 0 0 0 3 10 1 3 7 9 4 7 0 8 6 4 8
0 10 8 1 4 6 6 6 7 5 8 8 1 1 3 1 10 4 6 5 2 2 10 1 5 1 3 3 3 8 9 4 4 2 3 8 8 4 1 3 8 2 10 3 8 6 8 1 2 8 8 4 0 4 3 5 9 5 0 6 10 10 3 5 7 10 4 5 8 3
10 3 9 3 5 7 5 3 1 6 4 4 2 6 9 3 2 6 9 0 10 0 10 6 1 0 8 3 10 9 2 0 9 0 5 1 6 5 8 9 7 10 5 1 5 2 0 3 0 2 3 10 4 0 4 8 0 10 1 9 8 7 3 4 1 1 1 9 2 4
1 6 2 8 0 7 0 0 2 10 0 8 7 2 9 8 1 7 9 4 2 4 2 0 10 6 0 9 4 2 5 1 2 4 5 7 9 9 3 4 6 9 2 8 3 8 8 8 5 4 4 0 3 4 0 9 4 8 8 0 8 5 8 0 7 8 5 4 8 2
0 3 3 10 8 4 6 2 1 10 4 10 3 1 7 5 9 6 0 6 5 6 0 5 2 8 6 7 4 4 10 1 7 5 0 5 5 9 2 9 6 10 10 2 6 0 1 3 4 2 10 0 5 8 9 0 9 8 3 6 7 9 10 9 8 9 9 2 5 0
9 7 7 0 5 8 2 4 8 3 9 6 4 2 1 9 4 1 4 3 8 0 10 9 6 2 7 4 4 7 1 0 3 7 3 9 8 0 9 2 7 7 3 6 2 4 1 9 4 5 10 0 9 0 4 9 0 6 0 9 3 9 10 0 1 1 7 10 2 9
9 5 2 1 1 2 4 6 5 3 2 1 1 3 4 0 0 6 8 0 0 2 6 6 9 10 8 1 10 0 3 9 4 4 0 3 3 1 9 3 5 3 5 9 3 6 9 2 8 8 9 3 5 10 8 8 6 0 7 3 7 5 2 9 6 3 2 2 9 0
8 8 0 4 0 4 5 8 10 2 3 3 3 1 1 9 3 1 8 8 0 9 0 9 6 8 6 5 3 5 10 3 1 6 3 1 1 5 4 3 10 5 10 9 8 5 10 0 1 5 0 10 0 1 8 3 0 7 0 6 2 3 3 5 10 5 3 6 9 8
10 9 2 3 4 2 4 2 7 5 9 2 0 6 5 8 7 0 10 7 2 7 7 9 3 10 4 5 6 2 3 4 4 1 6 7 2 7 10 5 6 2 8 3 3 5 7 6 10 10 3 1 6 9 0 6 9 3 6 0 5 8 6 3 2 1 7 6 0 7
5 10 3 5 6 6 4 9 3 1 4 3 8 9 8 9 10 0 7 5 7 5 0 5 2 4 7 6 7 7 10 8 10 2 0 5 2 9 7 6 0 6 6 6 4 5 6 8 5 5 7 3 10 8 8 7 3 7 2 5 0 6 2 9 9 8 8 0 6 6
4 6 7 10 3 10 4 3 5 4 6 3 9 4 6 1 9 1 5 8 6 3 4 8 10 8 10 0 3 4 8 10 5 8 10 10 8 5 0 8 4 0 0 7 0 3 9 8 8 7 10 7 10 7 5 9 9 5 3 8 6 0 6 8 4 2 8 1 10 2
5 8 3 5 8 10 0 7 1 8 2 1 0 6 7 0 7 3 0 4 7 8 2 10 3 3 10 2 9 9 4 3 0 0 2 8 7 3 2 10 7 6 1 2 5 0 5 9 5 1 5 9 3 3 8 10 10 2 3 6 2 6 0 3 0 3 3 10 1 8
9 10 6 10 9 5 1 5 4 9 3 9 8 10 10 5 7 7 10 10 3 10 10 6 6 6 6 2 8 5 0 1 10 1 2 7 3 3 0 2 10 1 8 8 7 8 5 6 7 6 10 4 5 4 0 9 0 9 5 3 9 8 3 0 3 9 7 1 8 0
10 1 6 0 7 7 9 2 3 8 10 9 6 10 1 0 9 0 5 0 10 7 10 9 3 3 1 8 5 8 3 10 1 5 0 9 4 10 7 5 7 6 8 10 1 7 7 7 6 7 0 7 7 1 7 8 1 6 10 2 9 4 0 3 0 3 7 8 6 2
8 3 5 6 2 6 2 7 4 7 6 5 4 1 0 4 10 7 5 0 0 7 1 0 7 3 2 5 8 6 10 6 1 3 10 4 3 3 3 10 10 9 3 7 7 6 0 0 9 8 3 0 10 1 8 9 1 3 5 1 8 2 3 9 3 0 1 6 7 0
5 2 5 1 5 0 4 4 9 0 3 3 2 7 4 10 3 1 5 9 8 0 10 2 4 6 6 5 1 2 10 7 4 6 9 2 5 4 8 2 4 6 10 0 8 8 10 8 6 1 3 8 4 1 5 9 7 2 3 7 8 8 3 7 7 1 0 8 8 8
7 0 5 4 3 2 10 6 5 10 3 6 9 4 10 5 9 8 1 6 2 7 1 6 2 2 9 8 0 3 0 0 9 4 5 6 8 1 6 0 9 2 0 3 5 7 2 5 2 8 10 6 5 9 4 2 10 2 6 6 0 1 10 1 8 6 8 0 2 10
2 4 3 1 10 2 3 8 0 8 1 3 1 2 5 4 10 9 10 8 3 3 3 4 9 9 7 0 8 2 4 10 10 8 8 1 3 8 1 2 0 9 9 10 1 8 1 5 3 2 3 4 8 2 8 5 2 9 9 0 6 10 1 8 6 7 8 2 0 8
3 2 8 10 8 2 3 1 7 6 6 10 0 3 8 9 10 8 6 4 4 0 4 10 10 0 1 7 8 2 5 0 0 7 1 9 5 3 4 1 0 6 3 5 5 8 2 9 7 5 4 8 3 4 2 0 9 0 8 7 6 2 8 0 2 0 8 10 8 0
