50 50
9995 4857 6646 551 1849 7328 666 7352 1364 6054 6395 935 5068 1464 9847 8799 4300 2199 473 8245 3885 9801 814 4522 3197 2529 9800 5246 7264 6398 7564 374 3489 2624 2727 6247 5008 9226 2040 1569 9041 3086 5159 8485 8281 6401 8113 7784 6042 7329
0 0 0 0 0 0 0 0 0 0 0 0 0 0 0 0 0 0 0 0 0 0 0 0 0 0 0 0 0 0 0 0 0 0 0 0 0 0 0 0 0 0 0 0 0 0 0 0 0 0
0 0 0 0 0 0 0 0 0 0 0 0 0 0 0 0 0 0 0 0 0 0 0 0 0 0 0 0 0 0 0 0 0 0 0 0 0 0 0 0 0 0 0 0 0 0 0 0 0 0
0 0 0 0 0 0 0 0 0 0 0 0 0 0 0 0 0 0 0 0 0 0 0 0 0 0 0 0 0 0 0 0 0 0 0 0 0 0 0 0 0 0 0 0 0 0 0 0 0 0
0 0 0 0 0 0 0 0 0 0 0 0 0 0 0 0 0 0 0 0 0 0 0 0 0 0 0 0 0 0 0 0 0 0 0 0 0 0 0 0 0 0 0 0 0 0 0 0 0 0
0 0 0 0 0 0 0 0 0 0 0 0 0 0 0 0 0 0 0 0 0 0 0 0 0 0 0 0 0 0 0 0 0 0 0 0 0 0 0 0 0 0 0 0 0 0 0 0 0 0
0 0 0 0 0 0 0 0 0 0 0 0 0 0 0 0 0 0 0 0 0 0 0 0 0 0 0 0 0 0 0 0 0 0 0 0 0 0 0 0 0 0 0 0 0 0 0 0 0 0
0 0 0 0 0 0 0 0 0 0 0 0 0 0 0 0 0 0 0 0 0 0 0 0 0 0 0 0 0 0 0 0 0 0 0 0 0 0 0 0 0 0 0 0 0 0 0 0 0 0
0 0 0 0 0 0 0 0 0 0 0 0 0 0 0 0 0 0 0 0 0 0 0 0 0 0 0 0 0 0 0 0 0 0 0 0 0 0 0 0 0 0 0 0 0 0 0 0 0 0
0 0 0 0 0 0 0 0 0 0 0 0 0 0 0 0 0 0 0 0 0 0 0 0 0 0 0 0 0 0 0 0 0 0 0 0 0 0 0 0 0 0 0 0 0 0 0 0 0 0
0 0 0 0 0 0 0 0 0 0 0 0 0 0 0 0 0 0 0 0 0 0 0 0 0 0 0 0 0 0 0 0 0 0 0 0 0 0 0 0 0 0 0 0 0 0 0 0 0 0
0 0 0 0 0 0 0 0 0 0 0 0 0 0 0 0 0 0 0 0 0 0 0 0 0 0 0 0 0 0 0 0 0 0 0 0 0 0 0 0 0 0 0 0 0 0 0 0 0 0
0 0 0 0 0 0 0 0 0 0 0 0 0 0 0 0 0 0 0 0 0 0 0 0 0 0 0 0 0 0 0 0 0 0 0 0 0 0 0 0 0 0 0 0 0 0 0 0 0 0
0 0 0 0 0 0 0 0 0 0 0 0 0 0 0 0 0 0 0 0 0 0 0 0 0 0 0 0 0 0 0 0 0 0 0 0 0 0 0 0 0 0 0 0 0 0 0 0 0 0
0 0 0 0 0 0 0 0 0 0 0 0 0 0 0 0 0 0 0 0 0 0 0 0 0 0 0 0 0 0 0 0 0 0 0 0 0 0 0 0 0 0 0 0 0 0 0 0 0 0
0 0 0 0 0 0 0 0 0 0 0 0 0 0 0 0 0 0 0 0 0 0 0 0 0 0 0 0 0 0 0 0 0 0 0 0 0 0 0 0 0 0 0 0 0 0 0 0 0 0
0 0 0 0 0 0 0 0 0 0 0 0 0 0 0 0 0 0 0 0 0 0 0 0 0 0 0 0 0 0 0 0 0 0 0 0 0 0 0 0 0 0 0 0 0 0 0 0 0 0
0 0 0 0 0 0 0 0 0 0 0 0 0 0 0 0 0 0 0 0 0 0 0 0 0 0 0 0 0 0 0 0 0 0 0 0 0 0 0 0 0 0 0 0 0 0 0 0 0 0
0 0 0 0 0 0 0 0 0 0 0 0 0 0 0 0 0 0 0 0 0 0 0 0 0 0 0 0 0 0 0 0 0 0 0 0 0 0 0 0 0 0 0 0 0 0 0 0 0 0
0 0 0 0 0 0 0 0 0 0 0 0 0 0 0 0 0 0 0 0 0 0 0 0 0 0 0 0 0 0 0 0 0 0 0 0 0 0 0 0 0 0 0 0 0 0 0 0 0 0
0 0 0 0 0 0 0 0 0 0 0 0 0 0 0 0 0 0 0 0 0 0 0 0 0 0 0 0 0 0 0 0 0 0 0 0 0 0 0 0 0 0 0 0 0 0 0 0 0 0
0 0 0 0 0 0 0 0 0 0 0 0 0 0 0 0 0 0 0 0 0 0 0 0 0 0 0 0 0 0 0 0 0 0 0 0 0 0 0 0 0 0 0 0 0 0 0 0 0 0
0 0 0 0 0 0 0 0 0 0 0 0 0 0 0 0 0 0 0 0 0 0 0 0 0 0 0 0 0 0 0 0 0 0 0 0 0 0 0 0 0 0 0 0 0 0 0 0 0 0
0 0 0 0 0 0 0 0 0 0 0 0 0 0 0 0 0 0 0 0 0 0 0 0 0 0 0 0 0 0 0 0 0 0 0 0 0 0 0 0 0 0 0 0 0 0 0 0 0 0
0 0 0 0 0 0 0 0 0 0 0 0 0 0 0 0 0 0 0 0 0 0 0 0 0 0 0 0 0 0 0 0 0 0 0 0 0 0 0 0 0 0 0 0 0 0 0 0 0 0
0 0 0 0 0 0 0 0 0 0 0 0 0 0 0 0 0 0 0 0 0 0 0 0 0 0 0 0 0 0 0 0 0 0 0 0 0 0 0 0 0 0 0 0 0 0 0 0 0 0
0 0 0 0 0 0 0 0 0 0 0 0 0 0 0 0 0 0 0 0 0 0 0 0 0 0 0 0 0 0 0 0 0 0 0 0 0 0 0 0 0 0 0 0 0 0 0 0 0 0
0 0 0 0 0 0 0 0 0 0 0 0 0 0 0 0 0 0 0 0 0 0 0 0 0 0 0 0 0 0 0 0 0 0 0 0 0 0 0 0 0 0 0 0 0 0 0 0 0 0
0 0 0 0 0 0 0 0 0 0 0 0 0 0 0 0 0 0 0 0 0 0 0 0 0 0 0 0 0 0 0 0 0 0 0 0 0 0 0 0 0 0 0 0 0 0 0 0 0 0
0 0 0 0 0 0 0 0 0 0 0 0 0 0 0 0 0 0 0 0 0 0 0 0 0 0 0 0 0 0 0 0 0 0 0 0 0 0 0 0 0 0 0 0 0 0 0 0 0 0
0 0 0 0 0 0 0 0 0 0 0 0 0 0 0 0 0 0 0 0 0 0 0 0 0 0 0 0 0 0 0 0 0 0 0 0 0 0 0 0 0 0 0 0 0 0 0 0 0 0
0 0 0 0 0 0 0 0 0 0 0 0 0 0 0 0 0 0 0 0 0 0 0 0 0 0 0 0 0 0 0 0 0 0 0 0 0 0 0 0 0 0 0 0 0 0 0 0 0 0
0 0 0 0 0 0 0 0 0 0 0 0 0 0 0 0 0 0 0 0 0 0 0 0 0 0 0 0 0 0 0 0 0 0 0 0 0 0 0 0 0 0 0 0 0 0 0 0 0 0
0 0 0 0 0 0 0 0 0 0 0 0 0 0 0 0 0 0 0 0 0 0 0 0 0 0 0 0 0 0 0 0 0 0 0 0 0 0 0 0 0 0 0 0 0 0 0 0 0 0
0 0 0 0 0 0 0 0 0 0 0 0 0 0 0 0 0 0 0 0 0 0 0 0 0 0 0 0 0 0 0 0 0 0 0 0 0 0 0 0 0 0 0 0 0 0 0 0 0 0
0 0 0 0 0 0 0 0 0 0 0 0 0 0 0 0 0 0 0 0 0 0 0 0 0 0 0 0 0 0 0 0 0 0 0 0 0 0 0 0 0 0 0 0 0 0 0 0 0 0
0 0 0 0 0 0 0 0 0 0 0 0 0 0 0 0 0 0 0 0 0 0 0 0 0 0 0 0 0 0 0 0 0 0 0 0 0 0 0 0 0 0 0 0 0 0 0 0 0 0
0 0 0 0 0 0 0 0 0 0 0 0 0 0 0 0 0 0 0 0 0 0 0 0 0 0 0 0 0 0 0 0 0 0 0 0 0 0 0 0 0 0 0 0 0 0 0 0 0 0
0 0 0 0 0 0 0 0 0 0 0 0 0 0 0 0 0 0 0 0 0 0 0 0 0 0 0 0 0 0 0 0 0 0 0 0 0 0 0 0 0 0 0 0 0 0 0 0 0 0
0 0 0 0 0 0 0 0 0 0 0 0 0 0 0 0 0 0 0 0 0 0 0 0 0 0 0 0 0 0 0 0 0 0 0 0 0 0 0 0 0 0 0 0 0 0 0 0 0 0
0 0 0 0 0 0 0 0 0 0 0 0 0 0 0 0 0 0 0 0 0 0 0 0 0 0 0 0 0 0 0 0 0 0 0 0 0 0 0 0 0 0 0 0 0 0 0 0 0 0
0 0 0 0 0 0 0 0 0 0 0 0 0 0 0 0 0 0 0 0 0 0 0 0 0 0 0 0 0 0 0 0 0 0 0 0 0 0 0 0 0 0 0 0 0 0 0 0 0 0
0 0 0 0 0 0 0 0 0 0 0 0 0 0 0 0 0 0 0 0 0 0 0 0 0 0 0 0 0 0 0 0 0 0 0 0 0 0 0 0 0 0 0 0 0 0 0 0 0 0
0 0 0 0 0 0 0 0 0 0 0 0 0 0 0 0 0 0 0 0 0 0 0 0 0 0 0 0 0 0 0 0 0 0 0 0 0 0 0 0 0 0 0 0 0 0 0 0 0 0
0 0 0 0 0 0 0 0 0 0 0 0 0 0 0 0 0 0 0 0 0 0 0 0 0 0 0 0 0 0 0 0 0 0 0 0 0 0 0 0 0 0 0 0 0 0 0 0 0 0
0 0 0 0 0 0 0 0 0 0 0 0 0 0 0 0 0 0 0 0 0 0 0 0 0 0 0 0 0 0 0 0 0 0 0 0 0 0 0 0 0 0 0 0 0 0 0 0 0 0
0 0 0 0 0 0 0 0 0 0 0 0 0 0 0 0 0 0 0 0 0 0 0 0 0 0 0 0 0 0 0 0 0 0 0 0 0 0 0 0 0 0 0 0 0 0 0 0 0 0
0 0 0 0 0 0 0 0 0 0 0 0 0 0 0 0 0 0 0 0 0 0 0 0 0 0 0 0 0 0 0 0 0 0 0 0 0 0 0 0 0 0 0 0 0 0 0 0 0 0
0 0 0 0 0 0 0 0 0 0 0 0 0 0 0 0 0 0 0 0 0 0 0 0 0 0 0 0 0 0 0 0 0 0 0 0 0 0 0 0 0 0 0 0 0 0 0 0 0 0
0 0 0 0 0 0 0 0 0 0 0 0 0 0 0 0 0 0 0 0 0 0 0 0 0 0 0 0 0 0 0 0 0 0 0 0 0 0 0 0 0 0 0 0 0 0 0 0 0 0
0 0 0 0 0 0 0 0 0 0 0 0 0 0 0 0 0 0 0 0 0 0 0 0 0 0 0 0 0 0 0 0 0 0 0 0 0 0 0 0 0 0 0 0 0 0 0 0 0 0
0 6 23 46 46 29 0 41 13 44 32 3 41 44 27 16 22 43 0 25 20 28 47 7 47 17 25 7 9 41 23 38 39 40 13 47 19 3 14 15 34 47 21 4 44 34 5 45 17 7
6 0 45 48 7 8 9 26 11 8 28 35 33 35 16 1 0 27 31 20 25 7 21 29 23 20 43 45 0 26 10 9 46 35 37 26 38 41 44 27 6 49 28 47 41 12 26 38 43 24
23 45 0 7 8 38 15 35 12 49 33 12 30 15 47 1 30 25 33 35 43 1 0 10 36 44 22 37 48 47 18 9 0 23 13 35 39 25 34 6 33 5 24 28 2 27 0 30 15 16
46 48 7 0 16 46 24 30 10 37 17 41 23 17 27 7 38 12 16 37 49 28 47 49 16 3 1 21 45 28 39 14 13 29 45 10 9 41 11 50 36 15 47 49 45 42 3 41 23 0
46 7 8 16 0 2 32 16 18 50 25 12 33 33 10 47 47 44 30 22 44 5 12 38 18 0 29 21 48 42 28 11 44 28 7 20 40 35 1 1 29 27 22 35 39 18 39 6 38 0
29 8 38 46 2 0 35 41 30 24 40 35 27 13 32 27 25 41 3 27 6 12 42 43 35 46 38 9 29 45 46 35 17 35 15 50 46 20 49 28 5 14 25 30 5 0 26 5 39 30
0 9 15 24 32 35 0 41 49 44 7 3 44 15 39 17 46 11 37 30 36 49 11 40 17 10 0 10 7 20 36 15 10 28 42 28 3 24 33 36 35 39 10 10 49 32 44 8 22 10
41 26 35 30 16 41 41 0 50 14 23 32 21 37 45 37 48 12 12 41 15 7 27 5 45 43 18 0 44 7 4 4 34 16 46 17 7 23 5 25 18 23 45 50 19 40 49 24 9 4
13 11 12 10 18 30 49 50 0 32 21 33 26 11 29 29 50 39 21 25 44 14 38 36 10 20 36 39 27 3 24 16 22 37 10 35 26 25 33 46 42 13 33 28 28 20 10 27 40 49
44 8 49 37 50 24 44 14 32 0 11 35 49 43 2 42 43 11 50 33 35 9 41 2 18 31 2 16 20 20 43 24 46 3 22 24 46 35 19 4 3 31 41 23 34 41 45 11 13 13
32 28 33 17 25 40 7 23 21 11 0 19 31 44 49 40 22 0 44 15 29 38 28 46 24 27 8 33 37 9 0 23 20 16 13 15 10 4 4 50 34 47 0 16 38 48 42 12 9 50
3 35 12 41 12 35 3 32 33 35 19 0 34 32 18 19 49 33 29 12 35 28 30 46 49 15 21 21 32 47 26 30 49 5 11 7 23 47 27 7 30 10 4 31 0 21 40 36 44 13
41 33 30 23 33 27 44 21 26 49 31 34 0 0 39 21 10 30 3 16 40 13 23 41 47 47 28 41 9 21 6 32 38 23 0 44 49 37 12 9 17 17 2 0 12 29 21 41 5 49
44 35 15 17 33 13 15 37 11 43 44 32 0 0 11 15 36 21 22 6 17 7 49 24 47 25 4 5 44 33 31 35 32 47 22 7 37 46 7 49 22 6 11 24 42 2 18 17 40 23
27 16 47 27 10 32 39 45 29 2 49 18 39 11 0 33 21 27 20 34 24 32 49 4 44 20 6 40 42 8 42 16 8 28 21 16 21 0 31 6 14 24 40 33 11 14 38 30 25 27
16 1 1 7 47 27 17 37 29 42 40 19 21 15 33 0 8 50 3 7 9 45 35 47 20 22 11 28 36 24 26 49 32 31 37 12 50 26 50 8 33 28 27 9 27 41 13 40 37 42
22 0 30 38 47 25 46 48 50 43 22 49 10 36 21 8 0 26 18 49 35 17 43 5 34 50 8 24 14 12 11 48 25 43 46 23 44 49 26 30 38 43 18 12 11 27 13 31 43 23
43 27 25 12 44 41 11 12 39 11 0 33 30 21 27 50 26 0 2 43 14 17 17 15 25 8 3 17 15 5 22 44 17 34 47 22 27 2 11 8 8 2 18 40 8 42 42 8 7 9
0 31 33 16 30 3 37 12 21 50 44 29 3 22 20 3 18 2 0 32 19 46 18 44 48 50 18 2 37 17 35 44 13 4 44 37 19 19 34 8 18 36 12 21 29 48 20 25 21 39
25 20 35 37 22 27 30 41 25 33 15 12 16 6 34 7 49 43 32 0 10 48 28 25 45 14 38 23 4 32 24 42 17 32 28 11 38 19 42 16 4 16 5 32 13 8 28 17 7 7
20 25 43 49 44 6 36 15 44 35 29 35 40 17 24 9 35 14 19 10 0 28 49 13 20 1 37 37 13 10 29 45 35 47 32 4 46 12 35 13 18 49 8 15 10 21 19 13 10 49
28 7 1 28 5 12 49 7 14 9 38 28 13 7 32 45 17 17 46 48 28 0 19 11 20 14 24 3 10 18 11 24 10 40 17 9 40 4 27 47 48 28 1 3 16 34 17 23 3 46
47 21 0 47 12 42 11 27 38 41 28 30 23 49 49 35 43 17 18 28 49 19 0 8 32 49 29 21 42 28 4 45 28 19 3 41 6 8 13 25 27 20 29 4 1 10 50 40 21 11
7 29 10 49 38 43 40 5 36 2 46 46 41 24 4 47 5 15 44 25 13 11 8 0 30 47 46 21 46 6 26 32 47 12 32 11 6 16 42 20 5 4 31 49 20 39 11 12 43 24
47 23 36 16 18 35 17 45 10 18 24 49 47 47 44 20 34 25 48 45 20 20 32 30 0 5 16 6 44 29 44 29 49 24 19 47 14 36 7 1 28 2 2 21 31 1 21 46 17 16
17 20 44 3 0 46 10 43 20 31 27 15 47 25 20 22 50 8 50 14 1 14 49 47 5 0 28 10 25 3 17 18 48 27 46 42 11 31 20 0 24 30 40 48 17 35 41 22 16 48
25 43 22 1 29 38 0 18 36 2 8 21 28 4 6 11 8 3 18 38 37 24 29 46 16 28 0 20 14 8 36 9 8 35 0 38 18 3 15 29 47 31 42 36 29 7 18 40 27 42
7 45 37 21 21 9 10 0 39 16 33 21 41 5 40 28 24 17 2 23 37 3 21 21 6 10 20 0 17 6 43 5 18 19 16 36 28 36 43 22 29 5 0 10 14 37 48 8 16 5
9 0 48 45 48 29 7 44 27 20 37 32 9 44 42 36 14 15 37 4 13 10 42 46 44 25 14 17 0 50 6 8 46 35 32 11 13 30 45 31 39 14 10 50 16 33 31 32 25 46
41 26 47 28 42 45 20 7 3 20 9 47 21 33 8 24 12 5 17 32 10 18 28 6 29 3 8 6 50 0 49 2 17 45 21 7 30 14 3 27 46 15 31 31 29 43 25 21 1 0
23 10 18 39 28 46 36 4 24 43 0 26 6 31 42 26 11 22 35 24 29 11 4 26 44 17 36 43 6 49 0 5 16 50 33 11 0 47 6 6 14 11 45 38 33 9 43 8 49 25
38 9 9 14 11 35 15 4 16 24 23 30 32 35 16 49 48 44 44 42 45 24 45 32 29 18 9 5 8 2 5 0 21 17 46 11 43 10 44 44 32 50 24 47 34 0 8 46 16 3
39 46 0 13 44 17 10 34 22 46 20 49 38 32 8 32 25 17 13 17 35 10 28 47 49 48 8 18 46 17 16 21 0 16 17 15 3 34 12 19 39 22 11 29 23 23 1 17 21 16
40 35 23 29 28 35 28 16 37 3 16 5 23 47 28 31 43 34 4 32 47 40 19 12 24 27 35 19 35 45 50 17 16 0 15 33 23 7 45 13 25 48 17 45 3 6 31 20 46 22
13 37 13 45 7 15 42 46 10 22 13 11 0 22 21 37 46 47 44 28 32 17 3 32 19 46 0 16 32 21 33 46 17 15 0 14 28 15 21 6 3 28 14 49 27 32 39 26 23 16
47 26 35 10 20 50 28 17 35 24 15 7 44 7 16 12 23 22 37 11 4 9 41 11 47 42 38 36 11 7 11 11 15 33 14 0 44 8 31 49 43 34 23 17 20 25 5 25 35 16
19 38 39 9 40 46 3 7 26 46 10 23 49 37 21 50 44 27 19 38 46 40 6 6 14 11 18 28 13 30 0 43 3 23 28 44 0 14 28 42 38 34 14 40 44 36 46 47 35 3
3 41 25 41 35 20 24 23 25 35 4 47 37 46 0 26 49 2 19 19 12 4 8 16 36 31 3 36 30 14 47 10 34 7 15 8 14 0 3 20 29 8 32 6 42 16 15 34 4 44
14 44 34 11 1 49 33 5 33 19 4 27 12 7 31 50 26 11 34 42 35 27 13 42 7 20 15 43 45 3 6 44 12 45 21 31 28 3 0 29 13 25 6 12 37 33 2 49 39 37
15 27 6 50 1 28 36 25 46 4 50 7 9 49 6 8 30 8 8 16 13 47 25 20 1 0 29 22 31 27 6 44 19 13 6 49 42 20 29 0 6 11 17 6 50 38 33 20 45 2
34 6 33 36 29 5 35 18 42 3 34 30 17 22 14 33 38 8 18 4 18 48 27 5 28 24 47 29 39 46 14 32 39 25 3 43 38 29 13 6 0 34 8 28 2 20 22 37 16 18
47 49 5 15 27 14 39 23 13 31 47 10 17 6 24 28 43 2 36 16 49 28 20 4 2 30 31 5 14 15 11 50 22 48 28 34 34 8 25 11 34 0 40 26 27 17 10 24 14 6
21 28 24 47 22 25 10 45 33 41 0 4 2 11 40 27 18 18 12 5 8 1 29 31 2 40 42 0 10 31 45 24 11 17 14 23 14 32 6 17 8 40 0 39 50 8 7 39 0 35
4 47 28 49 35 30 10 50 28 23 16 31 0 24 33 9 12 40 21 32 15 3 4 49 21 48 36 10 50 31 38 47 29 45 49 17 40 6 12 6 28 26 39 0 21 41 20 28 2 25
44 41 2 45 39 5 49 19 28 34 38 0 12 42 11 27 11 8 29 13 10 16 1 20 31 17 29 14 16 29 33 34 23 3 27 20 44 42 37 50 2 27 50 21 0 50 12 8 42 23
34 12 27 42 18 0 32 40 20 41 48 21 29 2 14 41 27 42 48 8 21 34 10 39 1 35 7 37 33 43 9 0 23 6 32 25 36 16 33 38 20 17 8 41 50 0 46 40 48 39
5 26 0 3 39 26 44 49 10 45 42 40 21 18 38 13 13 42 20 28 19 17 50 11 21 41 18 48 31 25 43 8 1 31 39 5 46 15 2 33 22 10 7 20 12 46 0 12 46 0
45 38 30 41 6 5 8 24 27 11 12 36 41 17 30 40 31 8 25 17 13 23 40 12 46 22 40 8 32 21 8 46 17 20 26 25 47 34 49 20 37 24 39 28 8 40 12 0 30 20
17 43 15 23 38 39 22 9 40 13 9 44 5 40 25 37 43 7 21 7 10 3 21 43 17 16 27 16 25 1 49 16 21 46 23 35 35 4 39 45 16 14 0 2 42 48 46 30 0 21
7 24 16 0 0 30 10 4 49 13 50 13 49 23 27 42 23 9 39 7 49 46 11 24 16 48 42 5 46 0 25 3 16 22 16 16 3 44 37 2 18 6 35 25 23 39 0 20 21 0
