70 70
137615 538172 819508 594767 323430 584650 189272 641840 427347 769520 984993 683291 573774 765273 956457 514948 677144 281808 943289 397919 40387 859060 472452 311429 454552 590719 460469 521567 36553 823779 972167 457713 789807 32203 987986 531807 713661 984304 180546 400213 425700 341983 674116 926677 222573 408661 573401 793084 604537 4171 501476 911857 966689 523691 240027 794444 736739 92597 970667 253598 190832 466690 876560 222983 235 281683 686634 827284 650174 454883
6 27 19 12 48 37 30 30 7 0 33 28 3 46 50 18 45 11 41 25 40 4 25 12 42 13 22 10 35 26 47 8 17 8 19 20 9 20 6 49 38 33 19 43 49 25 12 34 11 27 33 45 3 28 9 11 30 4 32 31 7 18 38 16 4 5 50 12 48 40
34 20 23 10 35 10 3 13 28 40 36 31 50 23 20 38 37 19 3 21 24 43 45 18 46 17 27 4 17 44 50 27 32 50 13 12 26 23 15 46 35 35 14 13 4 13 48 30 30 50 30 39 30 22 40 21 20 9 20 35 4 2 32 36 17 33 36 42 7 5
31 36 4 24 33 38 1 33 46 48 26 20 7 40 3 3 26 30 35 49 22 26 22 31 10 3 43 48 5 29 22 41 10 3 13 23 36 41 6 16 47 45 46 48 16 18 7 36 36 25 25 24 27 0 18 41 21 41 11 42 43 42 46 37 15 21 23 49 1 46
4 35 43 8 19 47 17 21 5 50 23 35 45 3 50 10 22 9 4 47 50 16 42 13 29 4 23 48 4 46 27 2 14 11 2 21 18 42 39 8 40 48 30 13 15 40 36 28 41 34 32 40 12 36 29 37 18 29 26 9 38 27 13 42 33 32 4 31 16 30
0 2 31 28 28 48 40 33 44 15 19 25 5 11 6 35 40 21 36 5 49 28 49 27 46 19 40 37 22 16 37 47 1 39 26 24 43 27 18 21 40 28 41 39 48 45 26 41 40 33 8 33 22 9 42 44 26 47 22 8 27 33 24 46 22 9 4 29 6 37
26 9 19 23 2 36 12 31 35 40 48 39 39 12 10 12 32 28 31 37 22 10 30 43 31 1 30 43 37 29 1 15 13 47 14 16 7 48 42 48 49 11 32 6 48 42 11 21 35 1 26 46 48 3 22 30 48 7 19 9 8 44 46 1 19 13 25 20 21 29
30 12 21 32 3 10 3 13 8 30 5 22 31 40 10 36 3 31 32 5 48 21 40 11 21 19 41 43 40 28 35 11 27 3 38 2 48 48 3 39 33 28 2 36 7 44 46 48 8 1 49 29 24 21 20 46 28 3 29 39 10 31 30 12 36 50 2 31 29 27
46 13 47 42 39 48 50 21 8 35 7 21 11 47 49 17 43 18 47 48 19 12 4 33 20 29 32 7 30 2 10 29 42 4 18 38 16 18 19 39 16 46 11 10 9 30 43 41 0 19 31 20 43 43 38 45 19 37 41 44 47 1 25 22 1 45 1 26 6 50
19 5 27 28 8 14 12 29 25 10 30 20 33 19 48 43 26 37 14 20 22 4 32 13 29 43 36 45 15 0 1 30 42 18 43 23 12 28 14 13 26 30 25 12 4 6 18 34 46 49 38 33 22 24 45 15 31 31 31 18 33 30 35 23 29 6 1 9 13 30
20 9 10 22 19 1 14 24 29 31 26 21 14 11 4 40 47 10 19 31 34 3 30 6 40 1 33 49 22 35 28 38 24 42 45 32 30 49 14 13 40 20 25 31 42 35 42 9 43 32 42 48 12 7 41 30 3 1 20 31 2 13 49 31 14 50 10 24 31 45
34 47 22 17 5 30 23 15 45 44 20 42 27 40 37 10 9 47 2 15 33 38 4 28 3 43 43 7 11 21 15 6 19 9 4 47 22 10 13 44 29 7 40 22 28 7 22 26 7 32 33 9 37 38 19 10 36 42 11 20 21 21 45 48 12 36 7 43 15 46
11 30 43 11 49 36 29 22 20 41 34 9 4 7 3 39 33 11 13 45 0 23 34 41 8 39 48 44 17 46 10 29 48 1 14 4 35 30 23 6 2 36 8 9 27 41 28 38 29 38 36 9 50 35 37 47 35 33 24 45 48 28 12 30 5 32 40 4 16 7
8 0 12 18 18 28 1 49 10 11 48 42 10 1 50 31 35 45 31 22 42 44 18 17 12 31 35 50 26 31 21 23 36 24 15 26 20 22 7 42 13 6 50 15 50 31 2 27 38 36 12 20 26 20 3 26 28 14 25 40 8 12 31 40 28 12 37 48 16 38
17 35 47 16 31 9 29 9 9 39 6 48 29 47 10 5 50 39 3 28 3 7 36 12 49 30 2 36 42 43 11 36 21 46 44 31 31 8 46 15 14 7 22 8 7 24 23 6 13 32 44 19 12 37 4 28 36 35 27 26 45 47 12 30 14 1 31 5 37 30
1 47 1 20 30 10 38 3 2 12 14 18 10 17 1 4 44 3 9 40 44 10 28 23 25 37 29 44 16 24 20 26 33 0 33 22 4 19 32 15 50 22 35 11 38 48 30 43 43 7 22 25 22 15 6 44 48 14 49 16 27 22 8 36 14 27 33 21 2 12
21 39 6 1 41 23 7 24 13 39 35 38 47 35 24 49 36 45 23 6 25 20 30 21 41 16 31 2 31 24 12 29 45 15 43 19 9 2 18 5 15 41 47 19 18 25 35 13 42 18 24 36 11 7 27 37 11 32 31 0 39 42 32 40 49 32 23 34 42 39
40 0 12 47 48 15 49 16 16 2 43 11 15 2 37 40 3 22 5 0 25 25 6 40 15 35 6 17 35 45 12 6 10 14 43 17 43 30 44 13 8 47 14 1 49 23 8 36 20 43 21 20 16 14 11 13 18 13 47 35 41 35 4 46 29 5 35 24 9 22
26 20 40 49 17 33 47 18 18 39 6 31 11 50 11 36 27 19 41 1 22 0 40 29 4 32 43 4 41 8 44 38 6 9 14 43 36 32 8 50 7 14 14 50 34 28 1 16 48 10 23 46 47 36 35 16 50 1 43 12 34 15 16 30 4 40 15 47 16 3
15 10 38 17 0 2 18 43 22 6 42 38 32 22 2 21 12 34 32 5 8 43 21 11 37 16 3 38 48 3 35 34 19 5 16 27 17 24 6 29 24 33 49 48 45 13 7 36 43 41 15 48 45 15 39 8 7 29 34 7 37 42 32 5 29 26 7 17 50 37
37 28 1 26 37 10 19 11 20 44 13 46 20 2 49 37 45 40 15 33 19 49 3 17 37 3 3 17 46 39 5 35 42 28 44 5 15 41 16 26 42 8 34 17 2 14 42 6 2 28 14 23 32 0 50 49 20 47 13 42 5 49 34 14 17 38 27 25 29 39
12 27 3 11 46 19 8 2 3 11 35 24 28 20 50 3 22 33 6 34 11 11 1 25 50 50 18 5 12 12 5 15 33 18 37 49 14 40 29 49 10 35 25 2 30 31 10 22 40 29 0 9 10 33 5 48 24 50 10 36 38 41 22 23 15 10 44 15 10 37
5 41 2 24 8 25 23 38 25 28 43 49 3 24 18 9 43 33 16 18 44 46 8 37 24 1 48 41 9 39 25 33 19 47 27 35 26 11 15 17 40 32 48 25 50 8 26 44 37 34 18 49 28 15 3 7 47 12 34 29 8 34 3 15 19 22 47 34 45 27
30 20 17 49 25 35 27 4 30 49 40 48 15 48 20 36 2 5 33 25 22 8 27 39 39 49 40 39 26 32 28 14 46 23 43 0 33 34 6 22 7 48 29 39 27 11 7 25 3 34 46 40 35 47 30 31 43 39 16 41 26 19 39 8 23 46 49 41 27 44
46 1 27 18 16 13 19 18 26 31 9 11 8 8 3 38 30 9 8 2 36 33 17 49 14 41 6 20 49 41 45 50 41 46 12 1 17 35 1 43 44 10 45 34 14 46 42 14 11 21 38 27 34 45 25 20 23 37 33 19 32 35 22 39 12 34 37 34 35 5
23 5 12 1 16 28 13 21 42 43 7 25 44 47 20 9 49 8 45 36 49 39 8 39 34 27 34 47 33 27 7 20 12 25 6 7 22 2 7 47 35 37 44 9 18 12 29 13 43 8 22 27 35 32 34 4 30 26 49 46 16 3 6 38 34 11 23 41 1 9
48 0 48 30 25 46 13 10 34 14 7 47 40 24 8 35 28 8 16 30 26 0 31 14 32 46 43 5 50 36 5 7 50 22 27 21 43 41 30 46 15 8 21 50 13 22 7 14 8 37 42 27 37 40 19 44 5 19 50 50 4 25 10 21 44 38 35 31 18 5
11 44 31 50 48 31 48 5 9 29 38 19 49 22 32 15 22 33 18 46 43 48 19 13 46 6 30 38 9 15 5 39 38 21 3 11 12 1 45 21 50 13 33 19 7 3 49 7 45 50 31 29 35 23 17 40 27 46 46 23 21 37 46 15 38 7 19 47 11 1
49 22 31 27 20 32 35 35 30 13 35 0 27 45 1 16 24 50 20 12 31 15 1 50 2 2 19 20 36 0 34 36 41 19 5 3 49 19 28 11 40 30 16 11 11 31 39 26 46 31 31 42 29 19 4 2 32 39 45 24 18 48 31 47 48 29 18 10 48 30
18 35 49 37 31 5 27 37 18 23 38 27 14 16 44 41 4 9 34 13 21 25 0 6 45 44 22 25 21 11 44 11 15 6 6 14 4 11 29 21 0 32 14 48 43 44 4 43 14 46 31 3 39 12 21 18 49 35 35 1 17 10 29 15 3 16 24 32 6 40
46 16 6 22 42 19 34 28 5 21 19 25 0 47 26 15 14 20 9 42 3 46 8 5 20 39 46 29 1 43 49 6 19 13 21 14 21 8 40 22 37 22 24 14 32 6 26 8 33 15 18 18 42 23 40 17 36 24 40 24 43 50 39 32 25 9 42 49 32 31
42 43 34 13 2 18 7 20 32 34 9 15 9 29 20 24 26 10 46 10 12 2 12 36 34 37 43 15 9 13 22 42 43 4 24 28 16 4 25 44 13 38 9 32 5 40 10 32 23 6 39 25 15 40 47 0 38 2 2 4 35 18 37 5 24 13 40 3 8 37
25 31 27 31 2 16 33 18 5 9 1 9 2 42 22 48 9 25 15 3 37 38 15 33 25 15 36 3 18 46 21 27 37 7 8 48 12 14 39 41 3 30 16 48 4 8 26 50 29 43 45 35 9 30 6 10 26 19 13 10 38 43 15 7 29 2 31 32 48 17
4 37 8 19 3 4 40 27 17 26 24 40 35 24 38 25 45 0 44 37 15 15 29 46 47 24 17 6 44 37 5 1 27 10 37 38 43 36 21 34 13 47 34 0 6 48 0 12 35 18 20 49 23 50 37 22 36 22 17 49 4 3 26 45 8 11 23 45 22 8
40 45 4 34 43 9 13 39 33 6 38 43 16 10 8 6 37 24 20 19 25 10 25 17 31 2 38 49 20 1 33 20 19 7 49 12 30 33 22 7 14 30 35 19 29 20 34 29 23 27 16 10 34 23 43 27 34 35 36 50 34 25 37 20 6 45 50 49 8 18
2 13 29 30 41 25 36 49 7 17 38 14 47 27 18 11 30 9 2 26 49 39 42 47 50 4 49 0 16 18 11 2 24 25 40 24 25 8 39 41 26 49 49 27 42 29 17 29 49 32 46 16 9 35 18 34 19 38 42 25 5 39 18 10 50 4 10 20 10 18
13 18 40 16 17 0 29 26 9 22 31 5 16 39 43 34 7 35 1 40 48 47 37 15 48 42 18 48 24 41 9 24 1 31 2 1 40 44 6 31 33 46 38 0 19 12 11 0 17 9 29 24 25 8 32 39 28 2 17 46 31 0 33 19 48 27 10 10 23 5
39 23 39 42 1 20 12 15 36 38 50 43 7 41 31 45 12 48 4 46 13 27 37 31 46 42 39 50 33 18 39 42 36 10 5 14 30 0 13 23 27 41 43 31 16 31 31 3 0 12 16 5 5 27 43 33 1 44 22 31 13 15 43 13 46 3 42 27 7 26
9 5 48 2 19 17 8 5 45 44 7 4 44 42 48 7 6 38 22 33 10 35 14 37 39 26 20 43 15 36 32 11 25 33 50 32 10 32 21 39 4 8 16 24 22 4 4 28 10 18 13 18 32 8 24 0 0 13 16 12 7 27 9 2 20 21 27 47 12 10
20 32 33 22 41 7 27 6 4 29 30 12 7 45 2 20 30 18 16 30 23 2 28 9 26 7 21 36 21 1 38 16 18 48 16 17 39 33 29 24 19 18 31 26 18 48 10 42 22 29 10 35 8 9 0 13 35 24 8 33 28 20 43 29 9 10 22 19 12 27
9 34 47 37 35 16 22 6 29 27 37 15 24 40 25 35 3 5 34 38 31 48 19 14 41 7 49 50 27 46 37 4 5 50 8 17 30 4 23 10 42 5 44 27 13 30 25 3 4 37 35 9 32 46 34 26 45 44 20 17 32 41 8 5 16 2 12 3 20 27
18 11 6 18 6 37 3 28 27 45 44 29 21 36 28 6 44 28 34 39 10 41 47 18 5 6 12 38 0 21 18 8 32 20 3 35 4 0 24 25 13 50 31 5 22 5 23 1 1 11 44 17 14 6 19 35 16 21 18 46 33 19 14 43 19 18 7 46 4 24
11 7 45 17 44 18 18 37 20 27 49 22 37 41 15 24 2 19 1 37 44 15 6 14 6 48 31 30 49 17 0 34 1 27 37 45 7 14 27 10 3 12 19 36 34 12 32 11 3 30 27 35 31 18 39 34 8 17 31 9 24 17 12 10 43 40 14 35 7 1
30 30 34 13 14 3 30 22 8 15 40 26 30 47 36 45 45 40 36 11 29 15 44 41 27 46 1 32 26 9 36 4 21 46 19 14 20 40 25 45 4 23 39 34 13 27 28 10 8 33 2 7 5 21 31 15 26 17 38 34 37 19 37 34 37 38 27 31 19 12
3 46 42 18 18 9 26 26 29 47 46 17 28 0 11 21 29 24 37 23 0 0 27 44 14 42 44 16 32 25 43 10 43 40 37 16 18 43 50 49 40 24 16 44 11 36 48 48 19 40 6 0 17 36 25 0 39 46 0 48 26 45 46 25 37 14 5 18 19 24
6 13 30 32 47 10 27 49 36 28 33 30 32 49 45 18 23 42 5 21 19 34 49 24 48 2 23 16 31 19 40 19 38 29 50 9 31 15 45 42 8 1 36 24 3 36 23 29 38 12 40 19 1 43 12 15 45 41 29 46 16 47 35 25 7 40 0 11 42 20
7 25 11 47 30 14 17 31 48 22 16 28 44 47 10 9 41 3 44 31 23 7 30 2 40 26 6 33 16 36 41 49 36 14 39 10 21 7 3 47 2 36 16 27 23 10 6 6 34 16 47 6 2 33 1 24 2 13 22 50 41 20 5 28 19 35 18 38 33 27
42 40 16 32 45 8 9 16 19 41 23 32 37 10 31 29 25 2 36 29 8 11 2 30 27 26 12 23 38 29 41 25 33 36 44 35 20 10 36 8 22 5 42 2 47 26 47 26 41 7 43 1 16 12 28 25 47 37 37 29 10 0 23 32 36 24 1 10 34 31
44 23 9 13 49 0 4 28 28 22 43 29 5 27 22 35 22 4 15 24 39 22 23 46 29 45 30 38 40 0 17 30 36 35 10 11 3 24 41 7 18 0 25 4 45 9 30 24 27 35 49 45 31 8 34 18 43 21 26 39 16 11 19 39 33 11 5 36 12 36
47 32 27 21 10 45 27 35 28 50 39 11 20 5 6 3 36 33 19 30 12 8 1 0 12 26 39 12 28 0 35 5 20 33 45 5 43 13 5 5 4 43 2 23 3 30 1 5 37 1 29 29 10 0 20 13 1 0 1 9 41 42 44 30 34 28 31 47 15 1
17 38 49 33 15 25 1 16 40 34 38 3 35 30 39 40 39 10 22 30 45 49 3 7 43 46 22 24 39 5 37 24 40 46 49 9 33 41 30 48 40 12 5 30 26 42 10 14 29 3 14 39 43 31 9 24 17 13 32 49 22 49 39 35 18 22 9 47 16 21
7 46 14 2 6 20 25 21 25 34 5 32 23 10 14 17 39 4 11 7 24 12 38 43 31 6 16 28 2 44 18 15 0 29 41 15 23 47 44 19 43 38 7 28 24 19 33 13 39 7 39 18 44 36 22 24 0 8 29 27 6 43 49 34 0 32 8 33 44 24
49 36 22 42 27 39 26 8 35 40 7 19 31 38 25 50 34 12 0 1 21 46 18 8 45 33 35 34 12 43 43 23 26 49 19 3 50 50 7 17 43 35 40 15 5 8 24 1 7 8 35 3 49 5 3 24 22 29 34 15 49 35 37 38 16 15 10 35 19 41
48 38 6 35 48 20 21 7 42 41 17 49 18 18 42 19 23 23 44 1 37 12 43 30 5 5 9 40 48 2 19 28 26 39 48 8 27 11 41 30 15 0 42 50 38 16 36 28 14 14 17 26 44 18 24 38 47 47 21 17 28 14 47 29 12 47 6 33 25 40
31 35 31 44 36 32 34 24 9 49 14 20 33 44 2 7 4 20 47 8 30 39 29 38 8 24 47 8 20 7 0 47 45 45 25 44 12 15 46 48 41 38 45 27 32 6 10 8 10 39 22 7 8 19 45 40 35 20 32 45 42 49 40 45 14 48 41 1 4 32
24 40 1 27 4 50 49 36 4 5 22 13 19 5 46 43 34 37 5 8 40 43 5 41 14 22 33 11 6 21 24 50 28 45 26 31 43 30 37 18 46 41 43 47 1 1 25 27 10 44 33 46 40 11 49 41 18 22 27 4 10 4 18 26 36 27 41 36 31 31
34 35 43 3 30 40 11 18 34 30 45 20 23 15 12 16 21 18 29 13 18 16 21 14 50 24 15 0 21 7 26 20 22 30 26 1 50 22 16 42 20 4 31 48 23 20 34 44 46 18 18 26 22 37 43 34 45 25 43 19 43 6 15 38 27 13 38 2 39 44
30 44 43 37 18 18 16 19 45 28 34 46 3 32 38 50 0 46 25 26 28 42 38 38 31 8 19 13 10 0 10 44 6 20 46 23 10 2 37 44 10 25 21 41 26 27 12 18 4 2 47 1 11 21 13 28 28 23 21 31 3 46 44 5 43 15 43 38 47 19
20 49 50 48 30 42 4 18 17 17 33 12 10 32 41 22 3 8 4 17 28 25 43 17 50 10 31 28 26 27 38 14 36 25 45 13 24 29 32 40 0 2 1 27 11 1 32 44 34 43 3 36 25 1 7 19 8 37 29 23 42 9 39 4 2 33 44 5 42 30
27 43 31 15 27 43 22 16 39 13 25 7 41 25 15 8 23 41 16 20 31 23 13 33 48 32 3 25 17 39 47 16 49 4 26 2 48 46 23 16 18 36 16 37 12 37 30 14 32 39 34 17 36 32 50 47 17 24 13 38 45 10 15 30 39 40 42 14 47 49
49 30 14 29 29 24 21 29 16 27 14 37 0 28 13 43 30 10 32 40 4 48 34 24 13 38 47 30 13 16 49 31 30 20 21 34 26 17 19 14 40 17 29 44 16 23 38 23 33 32 17 36 35 49 47 22 49 39 10 29 8 15 19 34 34 32 43 37 16 13
37 18 28 36 4 18 43 0 17 5 2 16 29 29 19 33 1 14 41 21 39 47 47 40 41 13 13 23 44 0 3 42 0 36 11 24 26 20 5 30 29 38 10 8 40 47 27 13 18 39 27 50 12 38 50 26 4 19 48 22 28 34 26 18 24 37 12 12 18 14
24 21 43 43 45 16 27 10 37 6 5 40 27 4 23 17 48 40 25 19 31 24 1 45 42 48 46 5 41 20 35 10 24 50 3 49 31 36 43 36 6 16 33 15 31 16 39 12 34 46 3 9 33 16 8 27 28 6 1 8 46 23 34 6 19 45 27 4 2 5
15 37 12 8 50 17 8 39 9 23 16 16 30 47 25 24 6 41 12 12 4 16 1 13 14 38 23 50 49 44 16 49 0 43 20 14 34 11 3 11 35 8 9 42 46 33 30 32 48 15 2 46 26 46 45 21 33 5 20 27 9 43 35 46 3 46 50 28 19 48
5 38 40 0 19 27 49 50 16 20 10 43 33 27 40 10 1 45 42 47 20 49 26 3 48 33 18 7 13 34 14 30 8 24 39 47 47 9 15 11 7 41 17 47 30 8 43 50 9 10 28 41 14 14 44 7 24 35 1 26 50 35 40 42 49 16 26 46 18 48
2 10 29 46 30 6 0 33 26 50 27 39 6 47 13 9 10 18 21 9 11 5 10 41 15 36 18 42 13 19 48 0 8 30 48 25 10 17 2 36 25 2 3 42 4 23 49 9 12 39 44 34 14 37 37 49 43 26 47 43 24 21 21 25 20 7 45 46 50 4
2 26 19 14 20 18 14 28 16 23 31 50 44 14 7 14 44 2 23 27 0 11 20 38 33 50 3 29 14 5 33 39 34 11 37 32 48 27 7 22 16 37 1 15 43 42 44 47 47 13 25 17 47 42 37 10 27 7 40 7 38 9 42 20 34 6 34 12 26 21
36 35 42 42 49 28 13 4 37 6 34 11 50 20 27 17 9 26 26 40 5 43 10 30 33 1 23 40 25 7 29 39 2 29 22 48 6 14 25 34 7 34 19 7 3 19 24 28 14 24 27 26 47 33 22 27 43 39 2 44 48 27 44 16 3 3 22 10 24 18
8 35 18 23 39 23 47 29 45 5 7 8 21 46 24 49 12 18 37 26 43 33 15 30 14 45 8 46 9 19 24 31 0 13 0 21 6 39 20 30 11 37 49 2 7 22 40 7 2 39 25 25 46 24 39 7 25 33 41 1 10 39 32 45 45 18 46 32 29 29
39 46 0 48 31 9 14 48 27 8 38 49 24 47 48 35 44 3 27 7 45 38 8 18 32 28 8 39 29 50 29 24 6 44 17 27 50 27 12 35 14 22 15 50 27 21 40 9 23 40 48 38 3 36 0 13 40 49 23 28 20 35 36 19 18 46 32 16 14 18
17 9 4 34 27 37 42 9 37 34 1 1 0 24 0 41 18 25 35 24 13 10 45 45 23 5 15 43 34 36 45 18 12 23 23 26 38 1 19 38 34 45 44 41 15 14 38 28 33 7 24 37 26 2 26 15 50 34 23 45 10 20 10 33 44 34 3 4 34 44
0 42 44 36 2 39 24 10 15 50 25 31 33 8 49 30 9 7 0 4 20 2 46 22 28 22 4 5 30 33 22 10 25 0 23 43 50 8 7 23 14 36 23 48 45 10 26 25 29 2 23 3 25 49 20 9 0 0 5 45 13 4 50 18 20 46 21 32 7 33
42 0 14 34 46 45 42 31 48 44 47 39 0 24 22 10 16 6 36 24 28 17 44 7 42 5 35 49 26 29 46 38 1 1 45 3 43 42 44 47 28 18 19 50 48 8 26 45 41 40 1 35 27 50 23 6 46 23 45 17 33 21 22 36 30 28 35 38 48 26
44 14 0 34 43 14 8 42 33 31 6 0 44 27 14 17 27 15 49 40 11 14 3 32 22 7 49 13 33 19 50 25 28 50 24 45 33 10 21 21 15 42 18 21 8 18 26 26 16 16 19 37 37 23 49 40 10 5 29 6 2 8 34 2 35 15 33 38 38 29
36 34 34 0 41 30 47 35 9 50 48 45 39 42 50 2 7 47 21 40 17 38 33 23 0 9 10 16 48 17 35 3 13 14 22 43 15 13 44 46 29 10 18 4 38 8 49 0 28 42 4 43 0 39 34 18 34 13 5 3 11 25 47 41 33 13 19 39 16 39
2 46 43 41 0 33 2 47 7 47 33 18 50 38 15 5 30 10 15 24 1 28 10 5 16 11 17 48 6 24 25 29 7 49 28 0 19 38 34 41 26 46 49 1 14 24 20 34 33 38 32 9 35 39 17 23 3 21 9 49 33 32 22 30 21 31 45 3 15 37
39 45 14 30 33 0 43 30 29 19 20 46 17 48 12 35 44 46 44 25 41 46 7 23 27 50 7 28 13 28 40 14 7 16 33 33 28 45 42 20 45 49 11 25 23 50 29 15 18 28 9 12 39 43 19 31 24 41 22 41 27 43 46 16 26 24 47 31 11 50
24 42 8 47 2 43 0 28 44 36 18 15 34 21 50 32 34 11 15 30 40 28 48 14 14 13 47 39 22 47 27 13 37 3 28 47 13 50 13 26 20 27 9 48 12 6 17 42 12 25 44 35 33 13 29 34 38 37 49 45 26 49 36 14 26 25 33 32 34 8
10 31 42 35 47 30 28 0 6 0 4 7 3 27 6 0 47 35 7 26 19 31 2 43 31 5 44 19 13 20 44 30 18 22 42 37 36 38 19 30 27 27 36 23 12 33 10 37 23 39 13 15 43 10 15 47 32 30 4 19 0 17 28 44 15 39 49 50 5 47
15 48 33 9 7 29 44 6 0 36 0 0 38 30 42 34 48 3 6 46 18 20 22 38 12 40 13 36 5 11 33 0 12 7 28 26 39 11 39 0 28 20 1 7 18 42 3 1 20 36 9 44 8 6 0 8 17 26 18 35 23 11 24 29 44 17 31 24 10 25
50 44 31 50 47 19 36 0 36 0 45 46 5 35 19 34 30 29 21 13 15 40 13 28 11 24 2 2 45 17 32 19 20 36 6 15 14 36 26 39 29 24 4 44 10 7 5 28 41 2 23 31 7 12 20 2 14 8 48 18 5 38 19 6 32 41 13 43 45 23
25 47 6 48 33 20 18 4 0 45 0 46 3 48 48 31 47 33 44 27 20 18 7 1 13 31 12 6 16 22 5 10 50 8 25 0 39 16 43 16 11 35 38 36 32 49 28 40 10 35 46 23 22 42 45 43 23 6 20 50 40 10 36 27 21 36 40 34 48 39
31 39 0 45 18 46 15 7 0 46 46 0 33 11 48 5 17 29 30 44 20 49 29 49 9 44 9 26 5 8 22 1 7 36 5 46 6 28 30 42 17 24 37 26 7 8 20 40 47 4 13 44 36 1 46 2 47 24 15 48 8 40 21 31 18 42 11 38 17 16
33 0 44 39 50 17 34 3 38 5 3 33 0 38 9 24 10 5 37 50 7 7 12 33 19 8 11 30 29 42 41 1 29 14 22 33 32 1 36 35 32 17 28 40 2 17 13 39 49 20 42 38 1 25 25 35 22 42 3 40 48 44 47 0 24 19 9 11 26 47
8 24 27 42 38 48 21 27 30 35 48 11 38 0 48 22 8 18 43 21 17 46 5 28 4 29 39 45 2 27 26 37 17 14 29 45 31 1 12 6 30 15 1 0 2 2 39 26 42 4 31 49 43 46 2 44 36 6 13 21 43 21 38 16 35 18 20 3 34 1
49 22 14 50 15 12 50 6 42 19 48 48 9 48 0 10 46 28 44 8 45 30 14 36 35 5 37 15 45 20 46 32 18 12 9 9 49 31 15 29 18 19 38 34 27 7 30 3 25 50 9 38 47 46 14 3 4 1 19 10 24 5 44 1 47 36 17 10 8 0
30 10 17 2 5 35 32 0 34 34 31 5 24 22 10 0 26 31 11 27 18 46 7 12 38 50 45 27 45 6 42 50 50 29 1 33 36 14 27 11 26 4 49 37 30 19 44 12 4 6 44 14 44 0 20 34 31 41 44 27 8 45 23 25 47 47 14 20 17 31
9 16 27 7 30 44 34 47 48 30 47 17 10 8 46 26 0 43 9 7 7 38 43 14 24 21 33 39 46 6 31 8 2 18 41 30 5 30 39 28 37 40 10 25 37 13 40 46 21 27 11 27 20 42 16 15 19 34 50 1 27 28 4 13 43 21 41 11 15 18
7 6 15 47 10 46 11 35 3 29 33 29 5 18 28 31 43 0 41 27 44 8 11 42 13 9 18 37 49 40 10 43 40 17 0 1 36 23 45 47 22 14 18 49 10 45 36 22 14 33 35 43 41 7 35 49 46 6 47 44 47 24 25 47 36 44 47 32 5 2
0 36 49 21 15 44 15 7 6 21 44 30 37 43 44 11 9 41 0 6 9 21 35 28 35 31 9 0 20 23 39 9 43 5 31 17 7 50 21 1 16 20 11 31 19 18 27 36 34 48 47 6 35 39 8 43 2 17 24 24 18 37 11 5 44 20 14 23 42 8
4 24 40 40 24 25 30 26 46 13 27 44 50 21 8 27 7 27 6 0 39 16 37 48 3 14 18 46 28 11 47 10 38 9 18 49 2 27 34 46 23 13 3 39 17 25 14 26 16 0 5 23 4 17 6 13 43 2 15 12 47 35 16 6 3 8 34 39 39 23
20 28 11 17 1 41 40 19 18 15 20 20 7 17 45 18 7 44 9 39 0 39 28 13 9 10 30 9 2 23 16 5 25 35 4 1 26 35 19 44 0 32 9 12 50 12 8 4 45 15 29 15 39 37 31 44 50 48 32 0 23 7 27 16 25 23 7 3 36 14
2 17 14 38 28 46 28 31 20 40 18 49 7 46 30 46 38 8 21 16 39 0 35 6 15 11 34 24 50 8 33 3 38 40 22 30 12 16 26 49 11 16 19 49 35 37 40 33 12 18 34 41 6 4 0 32 39 49 24 28 48 8 35 33 16 5 48 41 34 15
46 44 3 33 10 7 48 2 22 13 7 29 12 5 14 7 43 11 35 37 28 35 0 45 25 2 18 23 22 19 10 27 6 37 28 22 49 32 10 39 1 40 43 49 17 38 39 29 24 10 46 13 8 49 9 5 3 24 38 9 19 45 28 20 9 7 41 26 48 16
22 7 32 23 5 23 14 43 38 28 1 49 33 28 36 12 14 42 28 48 13 6 45 0 19 7 31 24 1 43 36 3 10 30 30 38 34 31 46 38 7 13 39 47 45 5 46 24 12 43 27 36 1 19 32 29 21 29 35 2 40 14 16 18 11 49 7 8 39 20
28 42 22 0 16 27 14 31 12 11 13 9 19 4 35 38 24 13 35 3 9 15 25 19 0 6 43 49 37 30 48 30 23 1 28 13 50 20 2 19 39 43 3 35 14 23 17 30 43 45 10 45 42 29 18 11 37 42 31 21 7 45 14 50 50 13 9 11 21 39
22 5 7 9 11 50 13 5 40 24 31 44 8 29 5 50 21 9 31 14 10 11 2 7 6 0 45 25 47 50 37 27 42 21 16 50 44 40 24 44 49 9 3 50 34 43 30 18 45 43 1 38 45 8 45 21 39 47 6 0 10 27 1 19 18 33 30 18 31 3
4 35 49 10 17 7 47 44 13 2 12 9 11 39 37 45 33 18 9 18 30 34 18 31 43 45 0 40 45 37 44 48 17 21 48 39 23 38 11 47 4 34 22 16 9 43 17 21 1 37 18 8 14 29 15 4 46 15 4 8 3 29 4 12 12 30 18 16 40 18
5 49 13 16 48 28 39 19 36 2 6 26 30 45 15 27 39 37 0 46 9 24 23 24 49 25 40 0 22 44 0 40 15 48 26 46 5 19 32 34 24 38 38 42 48 22 11 30 0 1 35 13 47 24 22 4 21 19 31 47 31 39 11 16 42 33 13 16 2 22
30 26 33 48 6 13 22 13 5 45 16 5 29 2 45 45 46 49 20 28 2 50 22 1 37 47 45 22 0 9 22 10 43 12 4 23 49 46 27 11 42 10 36 6 4 25 27 26 43 11 24 8 5 12 14 8 46 40 36 28 12 27 13 44 22 1 47 38 27 26
33 29 19 17 24 28 47 20 11 17 22 8 42 27 20 6 6 40 23 11 23 8 19 43 30 50 37 44 9 0 27 44 40 18 2 25 36 0 20 12 29 16 34 7 9 46 46 0 29 7 45 9 11 5 44 31 20 42 36 40 25 40 36 46 43 33 36 21 37 17
22 46 50 35 25 40 27 44 33 32 5 22 41 26 46 42 31 10 39 47 16 33 10 36 48 37 44 0 22 27 0 38 1 38 15 39 16 2 30 24 6 19 45 0 32 21 20 7 1 24 30 44 1 1 36 46 37 43 28 43 18 7 26 20 0 35 35 38 41 23
10 38 25 3 29 14 13 30 0 19 10 1 1 37 32 50 8 43 9 10 5 3 27 3 30 27 48 40 10 44 38 0 30 17 26 35 3 4 0 49 19 5 14 23 0 0 7 12 22 39 24 34 19 16 10 44 3 15 45 37 17 28 23 48 26 37 22 37 25 10
25 1 28 13 7 7 37 18 12 20 50 7 29 17 18 50 2 40 43 38 25 38 6 10 23 42 17 15 43 40 1 30 0 42 12 5 12 50 20 46 4 50 20 19 13 12 3 39 29 5 41 20 18 35 32 38 39 50 21 19 21 15 21 20 50 24 15 27 21 47
0 1 50 14 49 16 3 22 7 36 8 36 14 14 12 29 18 17 5 9 35 40 37 30 1 21 21 48 12 18 38 17 42 0 29 39 33 9 27 22 44 36 45 27 18 13 6 28 20 5 38 5 4 45 45 3 18 2 44 26 40 48 9 3 43 13 49 14 37 0
23 45 24 22 28 33 28 42 28 6 25 5 22 29 9 1 41 0 31 18 4 22 28 30 28 16 48 26 4 2 15 26 12 29 0 48 5 45 49 18 0 32 30 4 46 25 12 35 26 25 44 45 5 26 49 4 39 46 2 5 18 19 8 45 49 35 50 3 26 15
43 3 45 43 0 33 47 37 26 15 0 46 33 45 9 33 30 1 17 49 1 30 22 38 13 50 39 46 23 25 39 35 5 39 48 0 19 12 42 44 7 15 39 13 8 47 12 3 42 23 9 13 22 44 13 47 2 27 42 24 20 31 17 7 49 0 20 38 11 33
50 43 33 15 19 28 13 36 39 14 39 6 32 31 49 36 5 36 7 2 26 12 49 34 50 44 23 5 49 36 16 3 12 33 5 19 0 25 16 10 25 38 31 2 28 42 15 22 44 22 41 48 37 50 10 31 42 29 45 15 39 20 44 0 5 14 32 35 48 45
8 42 10 13 38 45 50 38 11 36 16 28 1 1 31 14 30 23 50 27 35 16 32 31 20 40 38 19 46 0 2 4 50 9 45 12 25 0 29 33 43 19 48 4 43 50 28 45 29 49 21 12 19 15 15 29 35 37 7 2 12 29 2 23 20 42 45 38 15 25
7 44 21 44 34 42 13 19 39 26 43 30 36 12 15 27 39 45 21 34 19 26 10 46 2 24 11 32 27 20 30 0 20 27 49 42 16 29 0 35 38 15 49 38 36 19 30 43 28 10 24 41 27 6 13 9 14 49 6 7 32 27 4 4 28 0 31 41 36 32
23 47 21 46 41 20 26 30 0 39 16 42 35 6 29 11 28 47 1 46 44 49 39 38 19 44 47 34 11 12 24 49 46 22 18 44 10 33 35 0 22 5 27 34 11 3 38 9 43 19 16 28 15 41 45 32 35 30 50 30 49 15 23 17 23 39 7 16 34 12
14 28 15 29 26 45 20 27 28 29 11 17 32 30 18 26 37 22 16 23 0 11 1 7 39 49 4 24 42 29 6 19 4 44 0 7 25 43 38 22 0 38 38 5 42 17 23 48 30 43 35 33 18 2 17 19 29 21 5 28 23 44 18 19 36 1 32 24 28 8
36 18 42 10 46 49 27 27 20 24 35 24 17 15 19 4 40 14 20 13 32 16 40 13 43 9 34 38 10 16 19 5 50 36 32 15 38 19 15 5 38 0 14 8 31 16 26 26 32 46 21 46 20 34 32 4 32 44 46 50 27 49 21 23 49 6 3 1 36 47
23 19 18 18 49 11 9 36 1 4 38 37 28 1 38 49 10 18 11 3 9 19 43 39 3 3 22 38 36 34 45 14 20 45 30 39 31 48 49 27 38 14 0 38 4 42 47 14 47 22 17 24 36 15 2 32 26 49 40 37 12 18 42 41 23 19 23 34 6 35
48 50 21 4 1 25 48 23 7 44 36 26 40 0 34 37 25 49 31 39 12 49 49 47 35 50 16 42 6 7 0 23 19 27 4 13 2 4 38 34 5 8 38 0 7 45 5 42 7 2 19 42 32 38 23 17 21 16 46 22 5 3 38 11 31 44 2 4 25 19
45 48 8 38 14 23 12 12 18 10 32 7 2 2 27 30 37 10 19 17 50 35 17 45 14 34 9 48 4 9 32 0 13 18 46 8 28 43 36 11 42 31 4 7 0 43 15 28 22 28 44 44 10 6 32 34 50 6 1 40 41 31 31 46 34 26 29 24 47 29
10 8 18 8 24 50 6 33 42 7 49 8 17 2 7 19 13 45 18 25 12 37 38 5 23 43 43 22 25 46 21 0 12 13 25 47 42 50 19 3 17 16 42 45 43 0 2 40 12 30 7 39 31 19 9 34 0 1 49 21 24 19 45 7 45 48 15 9 0 46
26 26 26 49 20 29 17 10 3 5 28 20 13 39 30 44 40 36 27 14 8 40 39 46 17 30 17 11 27 46 20 7 3 6 12 12 15 28 30 38 23 26 47 5 15 2 0 46 32 12 7 13 4 1 0 24 41 13 47 15 18 38 1 21 47 42 49 35 50 33
25 45 26 0 34 15 42 37 1 28 40 40 39 26 3 12 46 22 36 26 4 33 29 24 30 18 21 30 26 0 7 12 39 28 35 3 22 45 43 9 48 26 14 42 28 40 46 0 6 30 36 20 3 36 15 23 6 4 8 14 21 46 17 19 30 43 48 3 39 31
29 41 16 28 33 18 12 23 20 41 10 47 49 42 25 4 21 14 34 16 45 12 24 12 43 45 1 0 43 29 1 22 29 20 26 42 44 29 28 43 30 32 47 7 22 12 32 6 0 28 31 26 30 9 14 28 37 48 31 7 16 8 32 30 12 38 44 18 5 19
2 40 16 42 38 28 25 39 36 2 35 4 20 4 50 6 27 33 48 0 15 18 10 43 45 43 37 1 11 7 24 39 5 5 25 23 22 49 10 19 43 46 22 2 28 30 12 30 28 0 9 17 39 17 30 34 7 20 6 40 20 12 43 13 7 46 17 10 36 11
23 1 19 4 32 9 44 13 9 23 46 13 42 31 9 44 11 35 47 5 29 34 46 27 10 1 18 35 24 45 30 24 41 38 44 9 41 21 24 16 35 21 17 19 44 7 7 36 31 9 0 32 13 45 0 39 40 14 48 29 28 12 18 11 22 3 24 23 23 22
3 35 37 43 9 12 35 15 44 31 23 44 38 49 38 14 27 43 6 23 15 41 13 36 45 38 8 13 8 9 44 34 20 5 45 13 48 12 41 28 33 46 24 42 44 39 13 20 26 17 32 0 12 34 8 30 42 38 49 17 49 19 8 27 50 33 20 34 11 29
25 27 37 0 35 39 33 43 8 7 22 36 1 43 47 44 20 41 35 4 39 6 8 1 42 45 14 47 5 11 1 19 18 4 5 22 37 19 27 15 18 20 36 32 10 31 4 3 30 39 13 12 0 11 27 4 21 34 2 28 33 48 36 3 16 21 22 44 47 0
49 50 23 39 39 43 13 10 6 12 42 1 25 46 46 0 42 7 39 17 37 4 49 19 29 8 29 24 12 5 1 16 35 45 26 44 50 15 6 41 2 34 15 38 6 19 1 36 9 17 45 34 11 0 46 38 40 12 4 10 28 12 46 5 14 3 18 23 48 2
20 23 49 34 17 19 29 15 0 20 45 46 25 2 14 20 16 35 8 6 31 0 9 32 18 45 15 22 14 44 36 10 32 45 49 13 10 15 13 45 17 32 2 23 32 9 0 15 14 30 0 8 27 46 0 15 17 46 15 7 45 13 0 47 36 18 17 12 25 12
9 6 40 18 23 31 34 47 8 2 43 2 35 44 3 34 15 49 43 13 44 32 5 29 11 21 4 4 8 31 46 44 38 3 4 47 31 29 9 32 19 4 32 17 34 34 24 23 28 34 39 30 4 38 15 0 34 35 47 20 14 26 27 18 7 22 24 2 48 2
0 46 10 34 3 24 38 32 17 14 23 47 22 36 4 31 19 46 2 43 50 39 3 21 37 39 46 21 46 20 37 3 39 18 39 2 42 35 14 35 29 32 26 21 50 0 41 6 37 7 40 42 21 40 17 34 0 15 5 41 31 44 1 18 30 38 4 18 20 12
0 23 5 13 21 41 37 30 26 8 6 24 42 6 1 41 34 6 17 2 48 49 24 29 42 47 15 19 40 42 43 15 50 2 46 27 29 37 49 30 21 44 49 16 6 1 13 4 48 20 14 38 34 12 46 35 15 0 5 5 10 25 0 17 35 6 27 11 26 13
5 45 29 5 9 22 49 4 18 48 20 15 3 13 19 44 50 47 24 15 32 24 38 35 31 6 4 31 36 36 28 45 21 44 2 42 45 7 6 50 5 46 40 46 1 49 47 8 31 6 48 49 2 4 15 47 5 5 0 40 47 32 9 20 39 0 32 5 7 4
45 17 6 3 49 41 45 19 35 18 50 48 40 21 10 27 1 44 24 12 0 28 9 2 21 0 8 47 28 40 43 37 19 26 5 24 15 2 7 30 28 50 37 22 40 21 15 14 7 40 29 17 28 10 7 20 41 5 40 0 2 50 28 35 32 32 33 48 25 41
13 33 2 11 33 27 26 0 23 5 40 8 48 43 24 8 27 47 18 47 23 48 19 40 7 10 3 31 12 25 18 17 21 40 18 20 39 12 32 49 23 27 12 5 41 24 18 21 16 20 28 49 33 28 45 14 31 10 47 2 0 41 11 21 47 11 40 8 21 47
4 21 8 25 32 43 49 17 11 38 10 40 44 21 5 45 28 24 37 35 7 8 45 14 45 27 29 39 27 40 7 28 15 48 19 31 20 29 27 15 44 49 18 3 31 19 38 46 8 12 12 19 48 12 13 26 44 25 32 50 41 0 33 30 39 6 33 45 29 15
50 22 34 47 22 46 36 28 24 19 36 21 47 38 44 23 4 25 11 16 27 35 28 16 14 1 4 11 13 36 26 23 21 9 8 17 44 2 4 23 18 21 42 38 31 45 1 17 32 43 18 8 36 46 0 27 1 0 9 28 11 33 0 41 27 14 43 20 11 38
18 36 2 41 30 16 14 44 29 6 27 31 0 16 1 25 13 47 5 6 16 33 20 18 50 19 12 16 44 46 20 48 20 3 45 7 0 23 4 17 19 23 41 11 46 7 21 19 30 13 11 27 3 5 47 18 18 17 20 35 21 30 41 0 34 42 31 6 12 8
20 30 35 33 21 26 26 15 44 32 21 18 24 35 47 47 43 36 44 3 25 16 9 11 50 18 12 42 22 43 0 26 50 43 49 49 5 20 28 23 36 49 23 31 34 45 47 30 12 7 22 50 16 14 36 7 30 35 39 32 47 39 27 34 0 50 27 49 18 25
46 28 15 13 31 24 25 39 17 41 36 42 19 18 36 47 21 44 20 8 23 5 7 49 13 33 30 33 1 33 35 37 24 13 35 0 14 42 0 39 1 6 19 44 26 48 42 43 38 46 3 33 21 3 18 22 38 6 0 32 11 6 14 42 50 0 1 16 10 7
21 35 33 19 45 47 33 49 31 13 40 11 9 20 17 14 41 47 14 34 7 48 41 7 9 30 18 13 47 36 35 22 15 49 50 20 32 45 31 7 32 3 23 2 29 15 49 48 44 17 24 20 22 18 17 24 4 27 32 33 40 33 43 31 27 1 0 3 1 44
32 38 38 39 3 31 32 50 24 43 34 38 11 3 10 20 11 32 23 39 3 41 26 8 11 18 16 16 38 21 38 37 27 14 3 38 35 38 41 16 24 1 34 4 24 9 35 3 18 10 23 34 44 23 12 2 18 11 5 48 8 45 20 6 49 16 3 0 45 26
7 48 38 16 15 11 34 5 10 45 48 17 26 34 8 17 15 5 42 39 36 34 48 39 21 31 40 2 27 37 41 25 21 37 26 11 48 15 36 34 28 36 6 25 47 0 50 39 5 36 23 11 47 48 25 48 20 26 7 25 21 29 11 12 18 10 1 45 0 24
33 26 29 39 37 50 8 47 25 23 39 16 47 1 0 31 18 2 8 23 14 15 16 20 39 3 18 22 26 17 23 10 47 0 15 33 45 25 32 12 8 47 35 19 29 46 33 31 19 11 22 29 0 2 12 2 12 13 4 41 47 15 38 8 25 7 44 26 24 0
