1000
50847 3105359049022351
36918 61060882090544964110324332064890096957978575662829508466299316198255969037054594406298388268768045
55182 31398039468664305814575953914822737987208996017696889200106887791471761283872311721
17149 379739977849727744601388767538406054753114076173500822
19616 271061465153078111577055398352638800946851582976557261
96011 748315000548959968114370645075532843356129730235526
67955 40115438934456195070123026416595248496467815955508
50173 76029328129184176207956899584028519789245159541794168432017920642331827
17958 723503540209725837846151544937115
37562 6885901975781981077505255519992350350887111315078565570743766711927476
40151 25745
55010 600731784949058
57196 050007291734659589911970931243782358039148327411990957602
87878 71265817972164087840090375027927831121063638
23655 216922060694365358
65615 3347686110113089842921890126640211
13399 7298284197886353776894961882330938975
71926 0818341187507557220193338596425647933092940452682684184052441186379
31452 201771473208696333169
99621 5714443225245116199685070446742763940225471804547621498146692537914814953
81278 49156684
18797 21599392554251259029777626152
88164 787327546691392359572508412140717023217065270137829221885930353179
46299 56804720374921818740698998460553482112386453311933341761760921831557844084
14672 601548302572541839746205798713038449728128315109919286874033801736210298635568317342651942181895416
49765 2011822
64845 594505979750852398995132943742269783938777681954
41894 08138408842954050042222566342
33612 423684233
63600 027710960968489110122768129808440096791419875837787087429717885651547602
70763 78433195004260461557794639355670146249819740594
35898 74551168
33342 1230587766420858028636473576391453490375717453683921790001
99323 38017224671304951407466359310606694255912844529547875082671893913155127561620300841644612071874
16198 9777006065159820459233583499
99579 625961753136029069567366402625494338978721380595732942298458133103293084199771696417394085599
13945 59136211374013678550444881269474216292016185710
53314 25977534153289584177480923126410828058562696558294745550425087
95698 92173346714665789233137995993398221047536285298281154916582001034989289521275055867606725382
60557 143152192545876762430046
34684 00799938782435420448465398141782836131
75413 61575226864231505127066507457516586900551047
28148 46347372867474097670532172678162865776014837624603780454606775
14807 225751839863392665962082510208759228
23688 0127664
99381 305947763791778609453710807628066
50377 6380182761441090062240827825123728502602322918183539957436
53822 6909218173482199053986669612576358155076495980208537773616137800475174
67829 3334416882368696630172
53296 44628472639005722919643047213241896029513759653386413916399793564026486695171151222474330
53458 798140333369787690339888431250413050177714461611177760346483757254459264270
36659 866041321061440810970611129780407271033758379272628641820424693012750477546085531392824843073067501
80308 049
37143 4929589835100707484783989063027871583197282776018504191
62986 9588637343051583287348
63498 85469701014345043380510135835550018
47074 523351735776279842263379676990669771078504134363984827791120
15427 9547316370448725354051991827629161698172348177225
38876 141317042959891127124046063483110280393664955122222826324179573091950208572348987495069497041367
76967 110860665489213161647215949003080147334
55705 4482839973
37596 8763823820398765810788775033640038077609045037478287188561602
71487 934542855201764366309559584479862175793709658877838584004451347910018331792933817631657023926629061
92901 441762764322941602585826139995410
93907 886321226656370706518592051612022051345612527281804917603104
80991 73950059041265092036755887949007180258164658242628218222460830263527126157478248186534
72999 5816107175608507626157756318039275273025996285480872535871154646073115821566021079673392
83381 073001520861799594763
40215 723562980528789799074747016742178789845147762530782837701196929435853756540735237697141008
64470 20921323409032310484796768505651334322131571100241739076165479284969443240978333050323
90102 02323408811983481993418548550821500612145990307968325504043669704994974527131854390031351095
70623 285052454715245100110759170655973687551138050519419448055816398329204727733327936253940
44943 42657
11141 9390139
96287 5002628571315854818167762642137721681561284475800
46222 16083153691732552911293871504675150596861575986266745002222322066012648853121798684
80108 7769620044796835040534959317279455
91578 9446844496881388038240834692040929701
92148 59029219006575867249203086123
60657 01547664991374365347654564911995
55699 22612282038548510583743114221663211486346879
98361 456586585494655753030461937138629314835690858917486597978227893459186373870
97582 81471008629092643566494567589912996427
56522 45508980693588040567706000805033309105
97579 857296032732108438771608344566154113291079919588969
96122 0158356271
53323 2026446740697391306713692110942198317204403377727973057100944728
19802 4838
86025 52674860297098885820359259869701225400932272773193969244135506700958525122848527324982
58490 1457956436026781126541088097022696529796023141
97771 1579299625101789300338839675732699405943367145942761706941803494856790702539680035281283580
62185 81605531280789851849437256921988918913076177964893899166383964545050830792
32006 294921880670352586257463122835845714
17048 395281587864548142887761537795267602335188622627879950145926823456912646726207
51186 38584185938995154107083875195538639971577362332525435824531963983951732059946415351925563991
95639 69349184189059399068859048710232666178000939356225424583178528310623534588109799061579964475137293
25836 15376423781
73280 51677684949859796105919678596593502441978794323775501220488355812573438943698378438577458
56089 725241157366787837312510203539276673113394850657921532992904336247349612760384548542539418
29026 624263730494959377062989171431098308672408894291041110022273532857132
14009 7035623
15527 8586019980678537069538163962284730393298002323205176622952976587029436253737131443990487
10251 138013161952
69077 372984841622581634458918465001250585402662509392573445381891942303799606975846924014620647137885636
69628 538161
55893 9074569172558705731903011604828324748683087775296219124664893828043322077640652500416020345526
98403 408167985074661218745668727245087044416490306559580021688828932785192897024904161873938627
50349 921740913963644341157515426922998
79474 12318584993305379359144203389123604445942172347181738947334249700386262
56777 552771593876157064214305160141862922
48775 531826171036109579293
64331 837850348206754032876515689547224210504014265068184847806047027983625794498459263506919411
28929 42712276395466798540437027235
61473 48463404427759253750875851626316475621884628073026171580185728269750150481643983711929824620776
14646 45995873453465983898429915060106521921852836480181583788227470635329
37158 8151981780141989338917775
69281 97178158062644919
92810 6456547949782990286787022758071379033828792321860986301157182517980613412050384654199
73590 69827
19449 86714247393911300791754361783081488458893387499655509092922464
76372 4001185057955312141414518207350169220
42378 2076523964338970336158320438839
78030 16239940999058906401966765
83827 507866304476305912406269497321486378140573462613997268118590878648175250
73420 5389826882
64290 3501775485884806070167887363174271410
33097 959524734191655704942826803478037325410124677451810976441023
76151 8304188228435728142747074621886301615190047314
29955 55002450115831
99364 7911095306580813379118976908249239425219005506931835942092876277656393254333
70639 744634035527293186341464608832378462269724
66431 896841369121122616728743603173388472472495110996176016073902392736839882432568135272
58209 44852018066313476442635006200903996489049118875970086555994143790115728
46077 124944032472831300087152896993355071000268323618666953296916297944469375103942
52831 7614768
28254 309195314368669166753648452864253798027360643845867303100423829338834439925
12502 843963744352165409454730933201332411872117
33654 98625275464478890354259649536133834383520970180261591131151391753456910749340436136514152735209933
33571 6444918847020158314624325331628850813948038011156303246137798654255511
48075 0635679180461285559301441832
33929 4307698424104
72845 113904500755469
10585 6028740838446191227394802865
84466 348785296780736378070004877044508183268768182580827474582982062809401942723070296851
69494 564756356071911848235227570155530874
90234 518659395464325839179101799274258899951670854376
90259 359981383651441912387694854669843892159644140339609731880621855214540419015539243
60426 97233916843773715050881101259571338913589788950767412679534248434992
60364 4113024965737452150507989216604340407490556151021655998809445109658546328456619638159577441
94580 29214017620946054849697690353913839727204886930134375351104859107362070564228906507659698
87804 083494235298
68430 0846260213228829657147303374719958337728484425559837202387043995085896566470288328145525958
31269 68159074757053310929646426255423
80136 2690420690685331963646395413018984982709894672212779930333375620
65974 19024933368549412533254158464
68838 277922014956795749765181069191256549362879112525130900262270886445542502113904776438465541488
63695 3835068384503297416611316886050480408569117425374163427730404244162153465499830219393644601757865
40096 4985101
47508 261340184792601970956221318255819108822761507050410537623172132232
92109 755583202765109576859378032043350198461235215928020
89572 906099468775326241089880548480631084495256180685508880848954813586837857222488318204262
86312 8520971256959266362859760937939221838162544072345
28595 732030596097338007690685868847089656820482227330936243363050888643059212719591228
88138 289242751381065746654995510314541443866147092486868250686763389078606320110777277831137403965
19369 7738845042866596476555978876982608396532790
20388 0538785627899541879949766487896214541580052516169220284828953004704614275128043089816499469692326
40014 89756569531991216697830500
46579 12759787616391446808363452068596427293675887442681065411253676333164122840134819160766646243
28624 638104
69971 4956958804690127237092844230858802
76381 46117161726361464885130721971356397780922156516033406237604921400782537151551996895
81159 34609947250327580194259857534116661051923742491393647121474119893440215326797849118495185054766622
95479 62685676262253884209246674316773452508246422910603921744999319597142
41995 97797831051977228599639619139045747759
60310 09455216098135133345366908728336032268090084530137590414592131466075039
93426 3464004573675617543579576069415933652807108434941400313990237749255561
34038 68434516786130632357556438505156881653976208717263565094692
54666 4174
47723 5508613975726167244497439645
25495 9268788987186171746
77814 30782694920432074976418604934016
92215 5670159505924546243
78487 6538644681915698349260693287
44552 90701472739831690257588629908620
32452 165956819919462890498392427596112908896837438475338386574887100672700066654949330124241
72344 7728151989538
20295 8598269617453628577341124323630071885111
43282 874242526982958915
49513 50404512564172327221985156
49399 541276651697912385018743827111898647609098089493918127221718
43229 354765641537891103066934192890144900560373819380240224979836120003243657
49467 298842720768393704833469994675475639888352317228281191744355536384686872626010073446770869
55807 578446518040013016547519531642235780
13707 00071962673120150591479035379
35321 4592725422757158952270785177729319807597349456884009340326136518470383
50473 925915584008388024902840933128600612
30257 897999564697548
64826 32567987931334981075969355465303298908681983919241307676034445
85343 5080001828912421640581352637884037019359416277530349546292869086399853180
35155 731341604344293462847165137373564090453055197025597417649
32200 76708509627
22925 030267292056010506414332567779433190433876351558583769030582193612695
76975 5608033910741892099769739139995756785874
78069 99268113849932456676546077968592220910281503763393058075008411876776416482410226770341962102
93619 006069726611770371747762860829171633625158003789389007938453969409799376237
88265 264694895113070711902938029420310440
86311 93449
85675 950697370569274841704027511869093517313289193660435823792302479212380651563419410852
23210 5509145469250995846262303828511584335787215882430756326167950
82517 65353523450976
28079 5796755403658082670395027779810736679653
20924 21465192909728366697452336876448301553293804719373426324375672844253268459899483920995736
88382 599746596113310129650989500842205438494827
83470 37485833729609029792505775060241
34210 121
71848 76852902938688642659119458539690171778037087341881416889326941095438
82018 8711705532402783927118753501924104830963945071906253582267344095234282797212579899
87800 95767520807759603668738039918220542603775071988815368626438821843295569442947425
39992 86538779891067453536510411009953980
49091 484576356938040361602452474627791516594504303711507057546454
33849 654784265639681970451288
86948 410469100879307547092485360676173594831807997208773126847
65188 2291004781307272381540961862164180967564391818034912865019671170673252959276392527035885794238370164
45742 25531526222646437798813140316341402963857228676361594416851633089400888252249044161208612134023
66528 753171063767420944333365149279344466776156079625364740254601933986120
60336 2492131516535611727052371998366819885
83968 114022552111518150875546906227850290245197379128898141916732534057036791643616
28946 5394427736445726961043551362659414
27506 56334414369721012716800267477967937306418
89273 2174070953163191023585233684287812
99988 381583601486314532405
99402 217080934610998728234242986351632032499341810198591666379
30789 093956013769491250808848937567851124990001305209007172993232667320058972415903805570558610131432058
64500 50217055066576579121487403044443023131598536602
97416 825880689844288225211714330966654088549017272455001326727
70105 6334576752256431984767511881496235804652648042327471494042185188
82842 968149393788372146763980470514312784950449797065935300002275228938918
71109 70437013303939982792382082890
93674 8287301641093260020902531015378580735193058516472491229542331196422079
65828 30037894212963170366186054585444672215666347
23562 38535519846800309059905567390496169887172758825
63015 602682211526501733758586728304721687371350066567133482816046641774923830895696951947825971102008842
24521 5250522442283429922149929177460374542843259638498056869998479189067311721
69076 6759585905193017646063511117185978747584695934060083855504021831982
50220 840934172952810248628115
61008 308949314368511053311089607199805353370192403534210486612743874470722553353111328997865
25440 701309387465289886765288771665025154587285616773409724859284042216070510145895736196875
39231 85839147569331347336418
67509 7741195615941416411891882202980785091321401535
68345 399256113718
43023 00544489710926917471187
33576 076792564838227
40827 74651527873751446979070739263939883228497947841360433302628161138222369229908672482
27238 138961526985842072552017076972307072018761742903884087169311864469340773112511
95682 5195554493347812747761
89148 87166713863221096395827520074912641531737874854037991205740723887654215145237317057864833452013707
22201 0168576874922676915430641366469343439696596106349168716376
84947 74382592
17597 19449634562481127470189579424599538697
98695 631370499262816178950930456185490007191471209697252673250143040069789692
36857 562774863934404247668716350115654635225325139357447666585440423804815168809920790
61533 95346612170743091460047154745852304584385097415113
51305 92737104612577726916423276144919604968065129726975089995653103671701447528147828097203848354
44612 1846223713355613538872576567329488918341931552946664530
60383 58532798948340587602576289095946915118786162979213425053161602369787055669667350156746
32738 49365009582269629204297572767970868511850742944326617458545636697206
87686 9155106820109272348699284956843012201246224909858262578159325321383001392
93930 9302006203942459274
35691 89529859216744660186
30199 99898155404451902
96264 474253371821810349444193751885981466055955877
28386 74916449653985321145082501896692387498
50672 6901538310670392230100397
58926 6731372396152282393440695372305
80021 1535078828579632673559180
60524 076604618555788025592902203884302081466004377052027686892925
51840 41816956620452749329299852500767659650237688116394289992003436559593117152
99975 4379844536023271277005727480246018052
76256 86626606245764331826877030
16748 2203948835049348258396420108812981478
64692 502142487657137387629539795188513133617930
86183 552643153831988703575255488231231914598372580167933112665556742702464436081129898
66295 755784183781
89407 398942309
55978 17912430525374368285366441133486469934237826431905612315
88361 06928085397036
33394 682180609845712742501857637561616148311911140946728091218443558991626657362732445909237970807922
12014 89198283573896310172639892982661505164
63940 6265152312938090868961770014269712213967992164421339226916837989
82672 2528456364108427950837062605273764482724867302113123638819135
64527 305506346342792491235700197835902602339707140537122358599714134074727826
85451 909695621722289627227074313505532124937361069098029429254708568
72953 77249342392926
10177 0253985976564124403490011206072791085013238055083771083750
37654 4163568190268739006878152791593793667135562495783282882542724730
48500 209693561748036454764014424302108278593200226495806292130696001251398332785889631474368
27687 0425
72887 7767120256439303164991393024369671857
11537 445431157392154172075492481264669346001305
42310 15204970085957742462041184
55909 12141022026709741461687128391458910196948316314389793699906747684224531549413754185
69069 41988162933016094671688005979670580501457797984676786019676404
23850 0086561900789248820602159168231531177019045019097140786227203238060437723517
47699 18207371070485465254492800560813463140544556490961231148375852561954915
23483 49830568
95928 71212000117128722265216559399961934041249471849193217290739684
21684 240265565214466122850708040778682
50650 19637271180461787972
94139 28127461311339382385628036496185382989188391988489299281416208082551019627280828
14781 3752725196865683981109534845821354173785683970156672713559547414508489922733
21832 9166289713290
67552 648836138663574865127790405910536840694291
66170 699249403983808186129201261120005513691278303905747652707224726
85045 28881020741849202072422753389772178539286322021792354417556505206491930918773659
38647 5504949224453053730917876999783408277868341399227895
24757 13497255448079216485326191286534223607564500
90994 44334005752289368683180408738702148115310144149302137356924741102544703759
55542 64849620200201310797831553267092417176160285766607817511489391
81830 57553288511330718377239603720220718946582996252297
73270 962739058709938714638716365735994746108119542989417678483651770429995997396103937
56019 48609650936534745682954257517388678814195764926659
85011 92312476789476409277977
36318 899160108127227511606041158954993239972845769960225141955385343
88173 35390868527727711165464856581715511829768
86963 354263363555
95099 47046245
85133 73370421013656030623912289659974947043068043804406086207066823208135200433272914626282
88263 8684387540357013814558937643626
31209 40921728752916384662017128883336572643268744145902069820716755368
30487 6787537635809231986178036691362189318586505
48098 0129767775859459217305384652222411278812847440030945
15876 0270415770403792570229933314743149
99047 608793487566140866064773930324562528068157946126411531212182416
36714 4582878037063843280135892094412290483466181273374279358183498809493597572011464265258806
16409 3656922891965628199596461907561654459090078898893656860092803631360654769243555753364711230358071550
58296 12703275797212294312677254903972862724550055028992358596948751776391677060706063018180104293963
58112 083715687071559250706522328239914503920
95837 86880813659193031077409690369073568907674711615696582489346684146718030380754373937185
69657 30659940604432324
87226 6537279451225769
73686 2443032865688368416503416337849219469803
92193 22573497827222372586812864784248577927788893949985631565253250609517405964256699063762
62503 894080170396194267564
83454 55831100140849220087682098365790
16503 19410025972085
14799 42299852817019784326115537825011948025103768031367957672058484546065971571296129170347897214789
17210 384923048877060912636510530997283254
90224 36986537839720630508501581621243643071866261076218716283943122550556163854293644375936238153652281
45172 205539443307446065492185471468429
74185 61226660422954798702159214749339172471080917062137507732
71491 5320554194662624865233047733930088588632862348449658
29447 3103758471264932437014656940176339401911324346207803379478501028100344389497701157011473170677251101
23690 87873507830142881738925295190460488828643225272408919812700600619136363265
58018 673800500676648084222927101341192444129541809348076522898477769969694751090
61437 232396837972430423101910
35294 0597520303626359229991
41861 9941750223222830619975272247166727270576890474
83628 8035362473094319207867545877
12243 3906457034869970699500334374292164
63681 6744224374598181898921
33441 37660238
36393 860854
86800 2568049671006718292835192454931626369004171899706919437708095051518938255110364658976181828
61413 1250358133780033654
40372 0632563079268846046399515470369823097467349405624167403419469
14167 74299646734801501021376310620504130
28973 027636907044402175792066348490710273365
72453 2100384447661264307172379839677787575373447748287695294149451625210302649279
16953 9023850564255929524381937194483675584404211220076929721058710398757221493596188128855868376981855020
32571 635266005945258750222410357985963208
10105 34494435780458313914984252846635247449109878178506059351555601016691905621585242519156
77574 566437791006224811509596271889340084661
39778 4075342558082367545003091363789374161304144611089045070064444614153236448975
87498 05349234293228079219138684930810624888811709918848805
33731 9227394336038714509093602408340999034392266
17389 429093453623721707401626239452908810453821960154218
16884 4566121703
43537 1736212278624903771340228333937815003279839726238853356708505313254244857875939003755343
58852 2635161574764351499697381717862067034079777350185827254483514940520968857071
31178 119077544424353757425577508935
76218 10241634722256506929851986805155661809607272380
52220 5398870108245016852829552587250223111688106343804408381286
15151 1357273944059244981708650328034234940431263607991339994
57518 3393682851934339930963344686053219652461215133997371
52252 5898090392740669673344671321020553072454337271590228421632953495385870015840930
53369 23500377663878206588407125296878844771227796636317156721329026158697771
98331 03223858988093699626611514491
13061 65010093378
47401 6260173581527372029160106580295679797487154858347731400202584581754301519684228709655001
49698 8825208766703152334903141848
74869 7159399654159751643403473892897390757310772114902473993032
27946 785452522382655416131664189038223472
52293 90791
82931 7402264444204103188892903469139515880371226697986331564376384
87860 880614582832843134795099247140794050831571747684208511983143489653100608830
76614 93231505355496577244006531633473784782034621897916422429001560
60626 519593161058414044833233675161010219406604182911112987562557940667790380102554374990595885899131
93762 30329242137082966985336146960388110861721
55302 182207769163574406281162052
22791 2256147608011430826776117736886428924009453093774344798
32514 99604578241624857955360973778320551899532651295808943698276362649870713124184404480621797232
90111 5476381698932180031286601020218428052126500126117507576074565930601682066694528961672507182531621
64240 11355918346130632404527938430621446073897856354813271382355625813861243681785
10272 414242662062108936544044385869321893169216337143319450909490
43178 36194565520161238935748705892687938041646181390007661333088969305759620475
69534 8963655746373288951491389429921263991669326785716136
73203 4921430392127601725
38593 9219
73241 3470216849567266016
70993 86311775481765873661232629
26883 5688366603553010142687622618375
31569 530635327233471265045532376047379019185741
27416 9478091957239651884541096542811574895
69571 888721994015193871984385241898316479
91345 397379230350209270510553423098978505804886779180246
60716 068382463040331503304209743325658266780594102125648553500
41547 41447957507942611308442333088390112070226496387517390773849827570675093267262999491318433
48575 6347185370097395430417269044
88179 778523876308679673744341300228566524
85757 3848980002224839322885
51378 291975111724127131633506022120809412123944390333919475245251725961615482564600659305075275
35962 774933844072622827417304441949544942699767585983544973936621100
84661 72717
33265 724301883230299270161709218883410801560784976196
66574 77603475852473908222361694078372710449553115691212881450936860191424843139951474149
42474 86337709154973236459433410349338920062440688056098084869037361949077549675
88471 94092740303897799829058316598318178404619585398644396720014994023124916814093925025946228
54185 918163068168622141950315213470507833896399967637134832199354698161666620924458970244334260052524
11999 09851322123296934312227926181165943638217556842
59456 337847985416
79419 07773208705664573971096227
13729 7329591305255177826454329563734006116696700706592848730731052440898508206406556952135110638813
96761 2869143990358876334
48207 8513900710541346
39763 31401751346538671117052435
18906 1705774923052918298870978668686390054702746817487265921001264217392260244976520485625061651884110260
97887 0499229124956122898591194953971924105
49073 2627161101667821029255470763281998007021841529
26216 78552604641129
77684 04663335801925216
69762 71177
15063 39086652882318
29534 8576256487810878
23315 158468991547904806802289105938616139635564421230684524
10227 454248634855516958017483151124103435849647563490759167400594116743
29181 380652871974507522585208797805928589414187895061118705131
98856 173750152789644897318911121326295012613720354464383067062864686239900321568341456310163554345
79301 374769362570802798214244498640606195196747851065403790095989316568077486
79057 62440819398734536372963512974808133269357147932301289520929585621830732
14853 7810694711414838594299673213832560616047151495154819714523693604746233800256355863784575765325
19807 837794399243851155872223792771323540139142269354004696
41459 82021517992582085360720550146547931310318454623993132734490264564621971952984344763527
50841 404876457644391135938335719
39135 59348267392453047936066290
47724 53502309908991318931710068442112
17780 50039444683614958640383974261922940128776696488209
18699 62927266302190359423238299901852533209957375989064415831702583847091593853344926912141476
98610 4102254689100156675961153557
24508 534607290358363215561
68271 88897751034717361512
98995 25857094077561427364158792083414757048388825456546855999479580
26381 59454917999820057983815025029009
48916 088093230732975286850687148660773795516274909753815125677553421719748042296705353967684
83040 01005775700688083533211544770199469841287368263331455277094334953748819679733550
61552 264532121719105520748446173307672616308421160578298094532
91115 9743418951509178402468132762841521795357110191166976683242693072846547591820243272573327456113255
20193 01217165271588
47971 81648676375663890045611175746435165936233332113234772641980090872165308577572472432229690749
55410 449433890420772960011518591506977
40442 820736575661051114495993670873238916261401745150299211562116463734657205978070334015901968263
18574 026733087922362488533304149255999829188079021166323321088630
55986 011202275775119199800968866083007128358177736694913972080954448
75407 22296309144809401304370916047434569289821733837968024312
13776 98599487390954560801434450743013302575357394052
73485 72546663129245896901292642860377078647520317
32340 21405125726869919720846151608302310
85059 677694524289
21390 1629073904091377923859890677611709532926186148307200086
88172 68416276734873630684351001377769239657216531263739481286103065198
56557 2208074115576418860855705017331419504042915229856161986376303751571311344733503355307723168859255933
48435 306625679018348136905497966547139937752445324162917153534629558601507975252965839
13183 993781864378494547172484643866799448523031617610572
68139 7972566180261963116251207645286412075865713061404879794050032820277099476819721
99132 06100314436941617704467829259199487
61020 17361424237713065175522
32984 25185051638448686686199987679358232195413018478578597958791813367470412610864688467599991
24317 420152429359971577751649598591252969358692921746168187513705646275417213272717807659068297239327355
49083 95409086060418444126591
13236 698517468649963646693065470811543297407901520660643651673024224
42603 1543321633965339631899928703539284621107539
27607 5512354188371088676746216853739450386428
47251 296095807565691477391490626074610534675227551929718120386302948
48946 6267653785220133998232116379766009463561487213915019588455117572447216605970044367025615061902512
34555 546781126136126127128209450506672261090022194851199434
15313 1228350396959860536587637669641995046083634812645407052351
34586 369384110
20750 17740449239928273659751570954890724661152
77480 84897668434604706821773744376865025253780915264011067617940618576860
78899 03223897651539986897185166028887601746929647618058988626408
51299 7037279029423659866827151037110522313880821388420565272534456148687325108082
50409 9840428241152767554550131452366573572925276395375944240406472810547622019106621704
39383 714426738193809976648617857151960040402444015938715849979361
35878 119698878606100959764525341921881491586344069675251614034212347649758007096046969795
65269 1064958291059184048749251803172557259086687282620639259193179218406
11511 5536044049795281
51671 972867121524291959994395492725125261465843789967268410495594505053764829769018989033586144427908807
11293 41528782330490409592057179675133451582906819451136407022605814588287909434647693739663
26133 3937807362443
85511 11469212848941
88361 888155548817688596
58088 2337342016419175
79662 88740083
53762 437724858146377375617467050259377989979018035058050310145333320150168506466225602633263043
45980 753784620274573269
56548 673513316985920888641492038138869514910695595164456676
48274 85748120572236692795792
39700 178616290094305594007928159716076475160522
84859 249062515441337510882465190974236677205045
91245 235898612890893646659663168445
56900 0922644712874724089285816789250663995406808376917918873184
62418 7302
22895 623794
16206 2030605027410618379967967477984320742493264440299644212251684565
70953 85394001027611741913042659337852878
32083 05395184025491860564556282404695271983821606987345842238778265806123766277088163207161750
39266 88386439286838616395566418707258670059730174193948214821152255432533782358872841694887730960419
67308 577757359234774098539508491896771906037173743466991954919895146959246826671915185
76128 90382
90026 8822489741485335116545776429340515503996583308945810626940385590345973321
93647 85984713317317474790825555268494635655936422455964333004069673905600868337897298860998133
41598 099784738005442474
96446 627898116349684629766
33650 287021166261219311232435610644525966258583898
41959 819451126124288764
18604 23794372669075028889145263602325810611078
93991 9721558825019901222561572890
93830 292207145333187509746828883882325236020145085080756199930955434842401654782756450
40391 99276977075028171389147930929843157200664
24417 92646187625183231459312818058990223666594888079030529521775173802121994809
91017 38215419436128188321912983517477542794150168783281627027982690867794397153201026129579
25551 60382746627060362834822321582996980633016058107376636953196540186965341237653055742741088
40989 4936495408392906551449069468540
59266 68367668813399140663307707112531611143882556686977013623857250189480999093131687645608
95557 24724379738120925798047882141077822641441424189734375150302629891421600114
71871 86879098529270933768557381341730556936492
41799 55643818217003335332521164645346761709355683372325998626493269650214487342175020618
50328 5705028
14139 10389149198
86652 7212190444935894668787364739315244504014765674323964984440
96552 305810067703636205136327168179322562574850107940
84003 71656176484238140935206778760513115086092208
68458 98831410586455197102122123377
24716 4249799714338373014364744923338688575223295795849558559578707941
27411 38158752087408
66629 91651590132717644780830758794828395407912963334244134
23914 69279718809212459249749772167233423371963
46311 36867307035915981345492902733169051932517710793
21835 1276872313214199060527376131026118839653652897135691164361290969643700962051
57419 3640982571495103758107356077792945269025491477024124434265781845297725722314970959795778085708427
59410 798711340180481503755
47489 48622468135252358730851148590383294104256397039321442826366930623655295029990528565
14157 9197266678340846110879773272400389686769588694766779586692210968
24219 6432863991161798013002731873855572669590633400866482436410890117315534791327012776096390131972121
39069 284281427248636190746928799088207378882771416112008767024120927247683402911451720061781
32723 77601520052442036221539249
44315 8128516246400468101398095341323848853769681545075379
95914 86356258
57507 9591
83625 26903946893439098813994727339437423014030359648351877812
79361 04834367130825507060411223645927977527198220649257663056425
28391 813115271978371231138065985787608
75879 485688435667765213446525950460744454667949645950001293118699583980975375
55138 15169962463000602376121225428911174917529607228939994470022455661822734269645034675279446335489
38719 11483855703548093750718775058800861015183
44553 585569089562928370
84561 152209687
47533 8718947922457869451080957534575052624953474650276658107105905803
22223 135680802978324464679054698617852257602318257555291911
42938 10085007292487376282819948259158432760408251180520159825356039913117429983285231626
81764 46238503581901277720459874786984746572569594
47492 749679705758295012655280660141271606309187587
36519 10643089569
61598 8339233801280428427085584325388698101215365026664505372319891
10850 918776
38747 2769395819529526503061954748659894201720238187910506673026921978427693641372519190151419769
46563 9238426604748509
66440 281678300
15067 6335917788884
65743 8918705585068422595175881486988038929878513750433529087822295126295697459893325982417359164999384
78983 287744901300216615305474245277648069464080701802752814250445617588781634850637627
80608 6225324835130099057451970608481362753323046
95797 6969375125089542900
90031 282544884257248892623591
49643 2804006049458216931084781376304418795948992214249909357175879497115826073343102778138054451
29465 724451583653736
34685 16840848949520663597266054415776983573753720707444
21463 45695901555910994950033338475644124335467660065924090699995065136337681819124706381019533
37833 496202783049573167739881587545493987874111408165
93066 042046442718989834145228916168663319791554215761130386427012679911376
79703 297382717387698854700826981437207461157144406687170439
19456 51331420823196724496610335
28970 483621599450825979535190245456836098250094810271950706388249
66741 2698941008182
59193 01611620128399452374188818532711039498295850404392122402294212742144591692409863
28577 433
12030 587646470677257868919665419938461588469227759586172239669334622151581011716835
49148 5541246041619936433259415589826425445558769854006229045568191074754395225759443086815976746073691199
79949 10807237800881842
17735 928489564588069339049102773747827766002535606257
23552 711819256649619152523147417014549251424419023823137658137712249833379541186895844392429874726814
95107 32202232159884342215638583910
82943 0942872416245591303707757842356033468344418
11744 9621658838789706227807068624894640288100400796777
36402 181687473886147020060418836547404047376152405057250282429402419053308684309559575014
99517 259643037881959383123220881626175938655937742445421906290942347681733563
18908 99514939787366027306375371472527228866261979424818357269364543
27330 851581
73150 9044238481615054162681670406660280150438
43389 13566132346453959618424675814088553516410237257288898908
80162 403868450015211350599868152838883342907782231721744
12566 5586768157694264555
14839 47234247126055041326458368112960854
41475 1437510988813
16226 45550980022491512131823947063368571008396285593320245291640609246727396190861151508897
27346 1472874891976830184135
83471 86130866460677784568440164709
92325 09292868600784788171080646674383820929261702249470997728762139388483107078357
79727 3950162045346836668823884772651083906675674920425842155988611670446523335459510742019641678
18441 90118365461276317997216
97123 469662072115809604778337872543831131768294365337844
91084 3642001387414957649047046037343050298618624191
77135 488904173057800872727792919997527376775863340
70788 375404412613792588661879226357677875084144833254759363561087113214873769413496947
44855 856468051014004672849531091020428102150832877028099546368472
80187 2899784085682441495701431004538948316125
58815 297499433848362460460211972756838981076119036815752469136412115626240684700982756149848
60080 557113799366750938214109040
47426 1546274201853500578532802920841575217209120291297871
74482 297200455364619696144121399766553826836564844
77367 585063420045214857350058241600998827319186353395
10508 85727933113857217877121559425235888369149779280589961145679999514584654832254421897893224051632
91373 1239795295048441135333142
93667 665360880723651574522873609122506085366498187801577116759130716802364052492584820670699665244591015
60469 524751946651646572315222243593509144485597638638906757302322886884830850
52129 765399017930558410398222039771806039350014445610031936470644267756134238299113574309803205036877
15115 0609011527947840690908131626020367106
14343 77388069386
52730 552606394698146357557891270578976558383648346524208618201926376809732902359
13219 319323011727847785436263794536100960667528531669070642640448086975895002
74848 1478317664582105115616569235
85389 9630652273679385847338872669065274941631385393481164682705574655753
16684 10203238813969206683626077339974447421
35928 576547246434336356469746411898069594565302145883041963231158601149764739978235325777866445
29604 4623007588019160333318011736685772790381755585661021602440755
46879 020819965193518810790738105143897113775907368184732517516538218384208007013090
89847 58922491142416645371692764342526610134205113502006232322815798268
83304 22221303973291989945625379355770792635465388677255672653494917888260832007
38951 46889082448811571773386866066397969407
44022 2892330880988727818623733001233447270442251123804682934135146683639629557052
53406 3939861291
57209 733074031806102975123429866498481673171909779595623450615202
57694 53408684193777274413847807110277852850564075076991850272178578586436
17718 677584334347722612061778405256067237661363549320547430525928798698085628451
26160 2025488800268134035377066630780911044278
22221 754478902393740666932386944632073952142835446483345364369016830930205560847486657988630005867191177
37271 76681953000557640897397573233642468528
18724 7375609435010300398966594676976413731927121482101187662149789556904875019537080607514149727512090
70817 5878532869865939253889105541649655940534107
79707 47449493740310877675
91121 0804491300159486002254945522789413999368670489745486847462366526922976419572
43561 8351142570754550523596963930246007659479787273574908549768960372238373972067834721617619
72990 22936695624046910031435
12433 613432469322765940717452779035799577899113533017348168956041057710378050403870
62160 6629550741578408212677629
58168 980574603554757987280
42785 26891715268683762753585801026491798273241993488
64050 874323443803967507363246452165852345140347019269681380747994607
26040 21410546980667255428948106436115607965289255074944377788103
50635 189684692910604680135326245472725285918569343192674
36437 9072929873234995104614576880909279243
25156 88531470568832366334184795585500538214
27003 29460410720734606290247156301309
54490 613885164368826312282859644068176162210275772894708745471989262247448
37354 6841741917822980670242963317352264841691616704
79863 7310008161386923755827171765330868982401847882382142019588023805
88530 06282515734989315738771355435913286506879315064929155598059449196894
87871 406186764170939773765
89486 4097769975727765713254
75056 257607105427958843927725741750526638670539622467856492367497844028781796115590501528521449220133
66728 16928157819526495632954743215262201893
63473 40024513864574432150906
27014 75642405390182724659428303645854877171098193
84538 159252500344294479129276071691148
28442 993345625331339870425025277946
23897 5381421879529464337697817283486164524484059650387041009960369199137219908466475
84116 892702501506366473151408647068852045789
41114 551671239887747191546723392
51987 764612819441231215308330168482661055502069503766507829173521229303546014400776
89175 7125061705819730453574
45804 9046333401227682238817665841469926358292062390475281009405809505003125439212598
36868 29237248595702178738471629837626639747050811894
91682 07214493827026949222695906
99595 045727643301292918120950125092937101445077788994235528594847580443720141554994193588104226483
49303 71906647575357650260363069593210504591927971070830776364812628638385543
28763 6024673206820062750612981629732
38930 6724322868697206359662228342520283230832257010128464355106331485787315869995484825956797894625213
51906 3570083099696644758644213706066502314882759829455867267730563882270
97252 4663674656262735326238230184442369973752623014225876581292471656809277447695222
22229 91094106005449716040961104602421383120216845069019223336276781437019055695882
69463 3319715548411854464245996
71344 82036092583738353796516613648513312642592266717096475020929536287998502091462569689
83965 7142504636995321251288575568566927013058558046406455860795696081980494889856
59170 8311785754589499212091163709654763151110368650445586507884934960487196043112551817797362605569890422
61953 3288472389862148787686441238271339365785755075268472112621311130493773843356897794345578557
72561 50477787390344109819787254767596703
25894 5747515
53039 3216578246711549333778838966671201372370325686
41848 75267216091084
48510 87956768244889776114019769003699064818
86171 600003973467629837395201768989023
27837 6905844
97807 38835857199184454266003254821153438728974323314735306657962038783828838622
22875 818509159324958752162837827851538949398533411929315611113091629637602558774673423162094051154
64973 38524417964961772019674663337905771500643026
51559 9447805198077009501399399685790088518924757346232833103364720648923177736257812244564560152830
87477 3794484975059456692
41325 3109935616276411356101588854199846058
56706 141661000148288863844476655171756600517252744586558255718125910655642009609554630547794532
68660 8042134668913425095878573250042136714
79707 35041590448022699800289070034510775529768
56316 696890029632565115571135869296442866967434784335600929
39036 1315150543007568386946104349392916836457202312
86281 563637978637496986749174133098760893351723266907396458116869519646845716876
61367 5017954649677402589355936962522409981793579850925988924879687850288807984382672445
66076 1357591054516847694905758032854928557299036341185791996841361723092333411349036
99367 6717226990425319614061849408403048772
66660 38648268560349191670
14702 58542112071648766035565149180347222907488100
34028 38394225694683349833137394340591973443376701390236878855389251830970
74471 62315279299604270236617651400952874657865751472178007653531303981179228169151962517
76206 94164479981122891482279590400674786090644195687321792932992661591442798342208890435513923658
30346 33680707481780837778620032835434921219218340848256
71431 3960314405
25232 7037557624479302739981987180326177145782495479442584251605009124143437854188300215424958636320006299
60974 528973709723203382718205686721478291887857994442042624002042309407036
62842 73852832856616027526023419774091527196410073570722843371811608
14301 74596064741233968862534596846086770076409757613280847293054317707410119721741000
29949 52158849369615394917873594485526219911782845365490321384
29703 011239791409334156741372594536953347216958999333505
93785 6996361657815269265502166530882211554279884928846976384603124
86693 27932925688008962461279859602
14778 12114160969
57218 6672094564378083252901969
78708 239418908219307368459280479393498652909512878062857676223628813144880463811582141282422474400508
84735 287218507126861159523247693868757276482565269098814367339095156527245884796106841370356610307073
78548 5147942963880240394737870954877507750937670838782000650085
49054 193554230058
79100 86847950441407972909399163321430638724116725124721175311373988937714146836694441624825246277919
42389 4040764199490332
89208 65987854591435994176924940093459046583044128823
70429 299117792433088156771930559420025297320094830765167721652370578542000762808475367025
76069 2486756941858207876695731112
66886 7172786302605069807895622412929649554424725
24591 07811313741
21968 11584398934404536895013502921377501861734950509201699422897533659937534560449388070929324817373370
62195 020536328701564048377170286958453876674449362372394277568098895740273043068339712742367213230621
12080 42784750143688090111052832825186627907994
91501 1867712188304035159758975683552202311541787354591997041595481074591104179579376631022175821421353
40507 4419339713190132465034243750997200516020621103056712
49141 7450
14414 25043927847746865934741356395
45991 079638331355953462760111661014159797674650188868839331756319066050
60454 4299169420483887878138979816901115595183151050832101573671867202
20670 092
52898 2037887613264353057377582372148
61317 839892397554458430879
63178 46585431872205496487625573854116507685398386721293573111182433943750154869
88075 143561473225129472
34078 225028949882864898592874147364
54127 468416321428
20625 715505296153948937652098097613159633816656436542843323115706538001147577593868
17683 5299389467205713365234564785157949761733159966625043761295111
87657 634
76192 020
22976 980201105946960516695574099129619365524486404424556274471520183
47459 414493
22796 992278806302933036609849950622653087230142476077716281542297860554243492903193186579347695593
15902 9791505537816452007694555737790
96960 3140706172222620282158448462322386820197244320
57684 000093483028419961661631450022220
71596 27147705766958511
14886 83713603046407925007400377364166642315577846522542038468023336506262569374235709
91594 0555080841
95864 0274344492775192962743148934742686370965060357072800731746059063078958970500578027594486685
34671 70113
11196 63605567587998574744792864198645831369253507705861965
30632 70639276947418822500770131182478037793960607898525175021582081812527
89500 25649819224911700571333189020534228217996390342113848140341996356878974
99690 85073225754431729
75687 797790185404909333625403
40830 202962054438631507263685198424384332909239603
77723 42486105173833637
53504 50681261979
57934 345168523875825486516098325126924443438987452758422967530538707534742827656574085900010187106405602
91270 519843867925235215231666740631979557608521291
67375 01125843274979541541722289374833060350258038055764764431913282807900260901
73351 95143713707146535249774046673954419115229474562226863595446114997704233586057463484520504880
63451 7827034719668485065101470
67543 8476020578280458701159996219017449441981294564104604993
94691 011135237933042817179389
54342 968240497786697344505225424006589494063666691801430585313441084677841432138391831215
41260 189350813705312366875665315827
56648 880549520687292493783730337046322497374286765790373889373580522808266991831007644447922
39054 3823987583433030556851859587039897270791614894700049860693281
24158 8020054944307614536825
97565 726228571784
52276 9814529748412028086446081416105526051548097860312398149994605
57229 81515665134634658068985584951186185269547771967797841278031417339355342171648252020
30400 21597151288038035066551083807033824158265431880408174626375769506680101262433843112
13349 1483591098633012405940245094583518297156606338380244286712020953562530
12708 907194018387994049410858736957267283035032540451759181499522403704625056497578966109129660554
31264 0002761
57402 881384007242916189991741
88173 055864874522938070265765908650540512371083018433413918508203869132644881338336627239917447973467469
34892 63168084180626613403226823018909692413395574145167110828033654209035217062361220871
59614 3445072140350903102957359396402892902030960242318875887431652553489163
17966 2452328366687088579101481868968241469321198305809854
99241 95500077536851504147717224569466788
73473 2887803397008253899108158828579709319266452465570467779
70318 83134332562278357098754373946708836417478882168130655042629518331287
19123 3421797616579787501778086265825019218046090324259547727610771
15847 764192045740513393415300997620320
82906 9277988917852224295023566449738064995968693
15493 9536726903092
49337 4374927752192390700354069677418239349641844237869472403
18643 2210767021162011810456739730468273119957924205946219465234119216722399503214463103702520114777377183
65833 4973854133949203378512020029
62705 87893187362081261058009951106
84309 8556471
25909 912371495168088152977931454400638823286963094662498739403
34498 840293398618444810839
60531 65743539238930397002044801730585680988764374474944257
76521 27748021374285334819876910688255528523836906796161063032960313357630087606403918972324
48505 85680254
53251 8178438748731156509654142789589950432255361398031140732526981
65282 4779789560038172910207050504166413
73383 864990866990009894694377159360841296805760971021297017682140872737267372740
38172 80692718
45375 1887983086327967556758432831588308403
26869 58710511112750248641423593957503913147
15081 37795072006502
42273 5352573567250878574617423587040
88505 47227403703540095294226776587
83476 87511275917758143649893958708133165527606
77180 5940149981609754540744385762931806431040865711138013324528579
89389 3803880124020594012579157697079900927743049379594330461800034334
93597 28058948330754855483306824351516056615047653696122216778379036723375097287772
25463 71436048489937132547260360302459472349986618239963397539978267729622446909987123941
91382 12880223735458806577363195532227090761982503468694992420
70819 571195773292509973113493045147625806493102541553274076712774791422398825433044243075380405401886
42734 02957358886486454407432671502205735736344699192344
10433 7207518616050213271175992027725903680927560616
61275 40370510480936666
27059 7225194427767533121430583903851062686086435800112
23336 47227603077471099303693708817675088103413692162073
88207 77364391533305725881638946429201900819854
97513 1403828469440952198089426472049674712672291579961969894023099284404242547828627353365571866
21971 99080920834877838050311257146
81700 110487014822277726270104093686699293110607677605710287379589242153523253827992951308207630235618137
31296 94433007456254345499496348198507133944768843795388992064232489682
82859 645542638181256612761009746813097256764815265318382377862406898132956086673
77026 59458914969980030146668906159562547908878223273607921817583800521734057516252506723883433892073
97950 74497881213
91873 79844932121473312418769234880317684021382145826613849193258850894891236729619946249083585
11301 729102169010393550454341830970833904497517721138892672009451203102900064821505396187375923955
48726 859950671801500267990724909230877937244169214
95250 11499634524168224384180241772
51384 60233663714161897202759437730
51184 047300039008030265692823275849
99017 5699394439499584591
69858 739962084009660859038678
22133 83495126961602862
88586 957378013
24131 568764125
47434 79670179043390100237640645071615668944958300056339658018142374354285443019825
12155 9499403395695219198002705600573360058189367565712
37302 6901
96407 059663995504426577970907674177649310059969013945119996123299
48446 48106021429623855862575247913559883552838344922941265212191198995324163444957388433319675422227909
28575 052573406626152892979124
18790 8346926308111676221865609235543812756705270919969066146392766570123580085744282584324555582
45216 1798440581231426852119166830
89342 2040489726529133947842215794643059738975299574733171868567918535
49030 345688763216677135452526121263670372329001693823570412635768279301070808468482839938021750655181289
60204 11647415779376914352175359359348370689991041851719166911643
18745 631525423791077183238163760756179181062640145
13707 0488624
64540 8800001262678504331248498027169460094899732634662346326183767442842171042109723553330717063696
32171 068481765809845067011450506242374187480901311601593646033399008774655
11054 02616341206149965715086616146173879514154029675612528164054527873660448033839637762103
33959 6601446579520473847372658906461992231205282993060250186326712498
62562 773342146337855144472
58185 82976573361286
39034 83974627328898627853536088157029306296
42343 5219945611837592289186171990968013915613118651880436
79482 73408265643425923921942110230687348
69214 228791978064328950846392098848478259034161154385630833
38522 157541765563618842384616990242749729235383109050172510040312219009851941108818621051819374989
65406 035398920291434692796439060015264586127
82267 97849953226979165621644866028354622815566
37471 0177593415017681973103840126151659416759073998190399698227751571067539076637613165260456470743949069
46056 85912153047243689538732061809768260237185832250460916780802281
36965 5607902563514951912813716850104639504
80999 5002867793113423165650385737550960143987528338
84232 509803649059205023456646528219874773175642492368481036021603107348876
25331 873265397586
80558 16987385494042881510787918298919708719363201325
62554 155115178644951686602067469725609200336339945741237159244940
96637 2903776064163512972987543799059366194259231421325430940873264
72206 9236227464761496923136027237998
53667 49723513894580442463882997813894213280090636702057355
41880 3770236341395615761813997221993366
48448 241868513762900816675654394064424697
53524 23393437052346192588178062155963049767291139772889667785
52617 313406863050445136
58705 46188920275949920818000343
39194 4214855612042
12129 27616321511861746821669135486078136395905883718665178430485118203003737361520
67646 962118170830971813474150158295952222744765294274
10929 8347090137431821579077505235691958199926441244302302095509755886526790442589291516420368362436
37766 04617274553986388247006103488274593588331016024312168224076858473318098
38086 5665362475160591833825927340754693346013928913762537916296116316440094
89750 050495622409093896653479
36125 8406803317613937
37885 1282786870622059838336828525115283759496026497044822866445398264632632401489322917390076570578
57471 9851441905582236729644580990
84517 4909888848961901946449521298614537454444195848202200741484046359163430036034107134811280022
41249 50718524885385534481296613236761071767462827796009549705691846437117828508728490626137265441775247
74255 04850250550248391383085628249051138783200242079843578201532252284403453
61380 741062663790302123709798821712960249098130
13477 717897399139173619537237126413978036340593171757119187607166474098384546497293
45532 515292491407469275793928017916829629158933019274653536931261200857597670684960972520499
34461 316738401
78633 3064565165812701801
63011 4858670672605225930
62540 13526589305394553941272407327366065950647441314842281298672739336469
77076 25927937375724888581909563373902283525134680654545192596327772550697873
23468 9308292118778112
17345 367716907242251264698507213703442242817209131367897195265050973268147734400493
53633 49403858558
92219 0510732174
56922 83935785974968297905294714680420893084747269120281250569494404098772506398
33379 85898005997413805504955007205063839466207468540195291556545099431526810857786483169402
43994 9230532330559208278568750
54797 3957948904262126544310361836348077
64608 476726492636307917803535389926738329704188804409435053480335911254710416247281205984701893983299
75293 19983
68904 0729234544213432079871240798643049
40053 179463211185395219735004670695384870058
36666 4416966183154446536697185568794657771253938872830677900518064924057277732
36938 7796753385056869306690335040939011359469211661068712
54472 8644847703808937588748157288360463697073998911128428847016160654961443654508821529633918
93489 3184950168360906277038754490954669640199070718504589
14322 5169361209597101893670433102786112438632587857669572888
23200 98560070593829112866916634319118905692508173736345477179131508766105
42143 823036386248497443714203752620904051004596492859739191769881344406491134179891338137309
82027 664098441104351661542981761479867222314664497059990974464723658539491811852720072868526562
91621 3742166270967696481010363195624769490246595995535535835474931
36212 66781899119762807490510579063394533
45871 53399559323203287008351187029231829134
24323 73769382834632949200369989816891268
46198 1891108342298614880156301778045504201444780451707795431262045055
91974 071490723889985983741328475166127800112
42931 40167249208317883873562471444394018459252754010757578076
79296 6781658980802137347305797893
86121 89193872499124136730206154760295361013
44728 48566639864126835904502807689906607679167605654193956323481440891
29817 678973376105292615713995580846014307651854657625215
35572 3541817652699295273643978877346947966096691934110659975038745075111144408333
52801 373010435024969230158711747145718522458649069644968884667528511169269098369027701690793563622065921
66186 457742236033450440407938744619153542335185096870983021
43937 96881147062
51915 8556713267932694101009132492271199847612182579552582287047255586
38925 7411422511
98516 42008901930555716613811241090928727312
35293 6046439090156069859247831786266343053586266911159
60528 86944837843522397937784495248596877710508163905606780340412744398555829
11617 9765417
31943 11332926872119544019380183493489713461424691952211073577139800
44976 4813533765761160818219896892543603575150798887650611371355216076479403207071675
70471 621898913833065728710617610632
23910 698438542241769105719472448255951864868342772966504093763304007611
38674 4644
10468 31373065042449908266925813686322670596265661062580485573569
56704 780002667618378783952089891893031364586864887406993972482465184042554882763774
13610 929372349509872469799828431617633092947390204972961713038518931606541094151048031769785877793767873
76501 9222056247910697365087974961378976521532073899044000466382
11636 223731464294064478708179351845665477345242480068081501217076474511521084391820785
82463 6623897610889068655153381070483240927251861398096570631646770581595093354032
26847 3563337486136269303880003814430591443188844493073050789396296879150440712449505015002
