43 10712 -843 11509 -3234
10712 -843
9563 -844
7821 -846
7522 -847
6302 -854
5212 -866
3006 -910
1388 -963
657 -990
-10 -1016
-316 -1028
-1096 -1066
-1679 -1095
-3410 -1183
-4617 -1251
-5173 -1283
-5799 -1331
-6382 -1381
-6934 -1432
-7616 -1504
-7796 -1527
-8225 -1582
-9188 -1758
-9475 -1811
-9957 -1901
-10144 -1939
-10555 -2024
-11183 -2158
-12085 -2411
-12290 -2498
-12499 -2599
-12744 -2753
-13091 -3028
-13120 -3132
-8000 -3178
-4969 -3203
13811 -3239
13608 -2777
13588 -2750
13281 -2387
12949 -2014
12622 -1665
11365 -1040
