70 70
30 67 44 60 31 42 9 52 55 65 7 1 63 41 48 51 37 34 3 47 61 5 15 66 21 39 27 6 25 11 54 26 36 64 20 10 46 53 38 17 40 49 33 8 57 45 18 12 2 58 28 69 19 32 13 50 23 4 35 62 16 56 29 24 43 14 0 22 68 59
0 0 0 0 0 0 0 0 0 0 0 31 0 0 0 0 0 48 0 42 0 0 0 0 0 0 35 0 2 9 0 0 0 0 0 0 34 0 0 25 0 0 0 0 0 0 0 0 40 0 0 0 0 0 3 0 0 0 0 0 0 0 22 0 0 0 0 0 0 11
0 0 0 0 0 0 0 0 0 0 0 0 0 0 50 0 0 0 0 0 0 0 9 0 0 0 0 0 7 0 0 0 0 0 0 34 0 0 14 0 0 0 2 0 0 0 0 0 6 0 0 0 0 42 13 0 0 0 0 0 0 14 0 0 0 0 0 0 0 0
0 0 0 0 0 0 0 0 0 0 0 0 0 0 0 0 0 0 0 0 0 11 0 0 0 0 0 7 0 0 12 0 0 27 0 0 0 0 0 0 0 6 0 0 0 0 18 0 0 0 0 0 0 0 0 0 0 0 0 17 0 0 0 0 0 0 0 0 0 0
0 0 0 0 0 0 0 0 0 0 0 46 7 34 0 0 0 10 0 33 0 0 0 0 0 34 0 39 0 0 0 0 46 0 0 0 0 0 0 0 0 0 0 0 0 0 0 0 0 0 0 0 0 16 0 0 0 0 0 0 0 0 0 0 0 0 0 0 0 0
0 0 0 0 0 12 0 24 0 0 0 0 0 47 0 0 0 0 0 0 0 0 0 0 0 0 0 0 0 0 0 0 0 0 0 0 0 0 0 0 0 0 0 0 14 0 0 6 0 0 0 0 0 0 0 39 0 0 0 0 0 0 0 0 0 0 0 0 0 0
0 0 0 0 0 0 0 0 0 0 0 47 0 0 0 17 0 0 0 46 0 0 0 0 41 0 29 0 15 0 0 0 0 47 0 0 0 0 0 0 49 0 0 31 0 0 0 0 12 0 0 45 0 0 0 0 0 44 0 0 32 29 0 47 0 0 0 0 0 0
0 0 0 23 48 0 41 0 0 0 0 0 0 0 0 0 13 0 0 0 0 0 0 0 0 0 0 0 13 23 0 0 0 0 0 0 0 0 0 0 0 0 0 0 5 0 0 0 0 0 23 0 0 0 0 0 0 0 0 0 38 0 0 0 0 0 0 0 0 0
0 0 0 0 49 0 0 0 0 0 0 0 0 0 0 3 0 0 0 0 0 0 0 0 0 0 0 0 0 35 31 0 0 10 0 21 0 0 0 0 0 0 0 0 0 0 0 0 0 0 0 0 0 0 0 0 0 23 0 0 0 0 0 0 0 0 33 0 23 43
0 0 0 0 0 0 0 0 2 0 0 0 0 0 0 0 0 0 0 0 50 0 0 0 0 0 0 0 0 0 0 0 0 0 27 19 0 0 0 0 0 0 0 0 0 0 0 0 0 0 0 0 0 0 13 0 0 0 0 0 0 0 0 0 0 0 0 0 0 0
49 0 0 17 0 12 0 0 0 0 0 0 0 0 0 41 0 0 0 0 0 25 0 0 0 10 37 0 0 0 0 0 0 0 0 0 0 0 0 0 0 0 0 0 0 0 0 0 0 0 34 0 0 0 0 0 12 0 0 0 0 0 0 15 0 0 0 0 0 0
0 0 6 0 0 0 0 0 0 0 0 0 0 0 0 0 1 0 0 0 0 0 0 0 0 0 0 0 0 0 0 0 0 0 0 0 0 0 0 0 0 17 0 0 0 0 0 0 0 0 0 0 19 0 0 0 0 0 0 0 0 32 0 0 0 0 0 6 0 0
0 0 0 0 0 0 0 14 0 0 0 44 8 0 0 0 0 0 0 18 0 0 25 16 0 0 0 0 0 0 0 0 0 0 0 0 0 0 0 0 0 0 0 10 4 3 0 0 46 0 0 0 0 0 0 0 37 19 0 0 0 0 0 0 0 0 0 46 0 0
50 0 0 40 0 50 0 0 0 0 0 0 0 0 0 0 0 0 0 22 34 0 0 0 0 0 0 21 0 0 0 0 36 0 0 0 1 0 0 0 0 0 0 0 0 0 0 0 0 0 0 0 0 0 0 0 0 0 0 0 0 0 41 29 0 0 0 0 0 0
0 23 0 12 0 0 0 0 0 0 10 0 0 0 0 33 0 0 0 0 0 0 0 0 0 0 0 0 0 0 46 0 0 0 9 0 0 26 0 0 0 0 0 0 0 0 0 0 3 0 0 0 37 0 0 0 0 0 0 13 0 0 0 0 0 0 0 0 0 0
0 0 4 0 0 0 0 0 28 0 0 0 0 0 0 0 0 0 0 37 0 0 0 0 0 0 0 0 0 0 0 0 0 0 9 0 28 0 0 0 0 0 0 0 0 0 0 20 0 0 36 0 0 0 0 0 0 0 0 0 0 0 0 0 0 0 0 0 0 0
0 0 0 44 0 0 0 0 13 0 0 0 0 0 0 0 0 0 0 0 0 0 0 36 0 0 0 0 0 0 0 0 0 31 0 0 17 18 0 0 0 0 0 0 0 0 49 0 0 0 0 0 0 0 0 27 0 0 0 0 0 18 0 0 0 0 0 5 0 0
35 27 0 0 0 0 0 0 0 0 0 0 0 0 0 0 0 0 0 0 0 0 0 0 0 0 0 0 0 0 0 0 48 0 0 0 0 0 0 0 46 0 11 0 0 0 0 0 0 0 0 0 0 0 0 0 0 0 0 0 0 0 0 0 4 0 0 0 0 0
0 39 0 0 0 0 0 18 7 0 0 48 2 14 0 0 26 0 0 0 0 19 0 0 36 0 0 0 0 0 0 0 0 0 0 0 0 0 0 47 0 0 0 0 0 11 0 0 0 0 0 0 0 0 0 0 0 42 0 0 0 0 0 50 0 0 0 0 0 0
0 0 0 0 23 0 0 0 0 41 0 0 0 0 0 0 0 0 0 0 0 0 0 0 0 0 0 0 0 0 19 0 0 0 0 0 0 0 0 0 48 9 0 0 0 0 0 0 26 23 0 0 0 0 0 36 0 0 0 38 0 0 0 0 0 0 0 0 0 0
0 11 45 0 0 0 18 0 17 0 0 0 0 0 0 0 0 0 0 0 31 0 0 0 0 0 0 0 0 0 0 0 0 0 0 0 0 0 0 0 0 0 46 0 0 0 0 14 0 0 0 0 0 0 0 0 0 0 0 0 46 0 0 0 3 0 0 0 40 46
0 0 0 0 0 0 0 0 0 0 0 41 0 0 0 43 0 0 0 0 0 9 0 0 5 0 0 0 0 0 0 0 0 0 0 38 0 0 0 0 0 0 0 0 0 0 0 0 0 0 13 0 28 45 0 0 0 0 0 0 29 0 0 0 0 43 0 37 0 0
0 0 0 0 0 0 0 0 0 0 0 0 0 0 0 43 29 0 0 0 0 0 0 0 41 0 0 0 0 0 0 0 0 0 0 0 0 0 0 0 0 0 0 47 28 0 0 0 0 0 0 0 0 0 0 10 0 30 0 0 0 0 0 0 0 0 0 0 0 0
0 34 0 0 0 0 0 0 0 0 0 16 0 0 10 0 0 25 0 0 0 0 0 0 0 17 0 0 0 32 0 0 0 0 0 0 0 0 0 12 0 0 0 0 0 0 0 0 0 0 0 0 0 0 0 0 0 0 35 0 4 0 0 0 0 0 0 0 0 0
0 0 0 0 0 0 12 0 0 0 0 0 0 15 0 0 0 0 8 9 0 0 0 0 0 0 0 0 0 0 0 0 0 0 0 0 0 0 0 0 0 0 0 0 0 0 25 0 0 0 10 0 1 0 0 0 0 0 0 0 0 0 0 11 0 0 0 0 0 0
0 0 0 0 0 0 0 0 0 0 0 0 0 0 0 0 0 0 0 0 0 0 0 3 0 0 45 0 50 0 19 50 0 0 0 0 0 0 0 0 0 0 30 4 27 0 0 0 0 0 0 0 0 0 0 0 0 0 47 0 7 0 0 0 0 0 0 0 2 49
0 0 12 0 0 0 0 0 0 0 18 0 0 0 0 0 0 21 0 0 0 0 0 8 0 0 0 0 0 33 0 36 0 0 0 0 0 0 0 0 0 0 0 0 0 0 0 0 0 0 0 0 46 0 0 0 0 0 0 0 0 0 0 0 0 0 0 0 0 0
0 0 0 0 0 0 0 0 0 0 0 0 0 0 0 0 0 0 0 0 0 0 0 0 0 0 0 0 3 0 0 0 0 0 0 0 46 0 0 0 0 0 0 22 0 0 0 0 0 0 0 0 0 0 0 0 0 0 0 0 2 0 0 47 0 0 0 0 0 0
0 0 38 0 0 0 0 0 0 0 0 0 0 4 0 0 0 0 0 0 0 0 0 0 18 0 0 0 0 0 0 0 0 0 0 0 0 0 0 0 0 0 0 0 0 24 0 0 0 0 0 0 0 0 0 0 0 0 0 0 0 41 0 0 30 0 0 0 0 0
14 0 0 28 0 0 0 0 0 0 0 0 0 0 0 0 0 0 15 0 0 0 0 0 0 0 0 0 0 0 0 0 0 0 0 0 0 0 0 0 0 0 0 0 0 0 0 0 0 0 0 0 0 0 0 0 0 0 0 0 0 0 0 0 0 0 0 12 0 0
0 0 0 0 0 0 0 0 0 0 0 0 0 0 0 0 0 0 0 0 0 0 0 0 0 0 0 0 0 0 0 48 0 0 0 0 0 0 0 0 0 0 0 0 0 9 0 0 0 0 0 10 0 0 0 0 0 0 0 0 0 0 0 27 0 0 0 5 0 0
0 0 0 0 0 15 0 0 0 0 0 0 0 0 0 0 0 0 0 0 36 20 48 0 0 0 0 0 0 0 0 0 0 0 0 0 0 34 32 0 24 0 0 0 0 0 0 0 0 0 24 0 0 0 37 0 0 0 0 0 0 0 0 0 42 0 0 0 0 0
0 0 0 34 0 0 0 0 0 0 0 0 0 0 14 0 0 0 0 0 0 0 0 0 0 0 0 0 0 0 0 0 0 15 0 0 0 0 0 0 0 0 0 0 0 0 0 0 0 0 0 0 0 0 0 0 0 0 0 0 0 41 0 0 0 0 0 13 0 0
0 0 0 30 11 0 0 26 0 0 0 0 0 13 0 0 0 0 0 0 2 0 0 0 0 0 34 0 0 0 41 1 0 0 0 0 0 0 0 0 0 0 0 0 0 25 0 0 0 17 0 0 0 0 0 25 0 0 0 0 0 0 0 0 0 0 0 0 0 0
0 0 0 0 0 0 0 0 0 0 0 0 0 0 0 0 0 50 0 0 0 0 11 0 0 0 0 0 0 0 0 0 22 3 25 0 0 0 0 0 0 0 0 45 5 0 0 0 17 0 38 0 0 0 0 49 0 0 0 0 0 0 0 0 0 0 0 0 0 0
41 0 46 0 0 0 0 0 0 0 31 0 0 0 0 0 0 8 0 0 0 0 0 0 0 0 0 0 0 50 0 0 0 0 0 0 0 0 26 0 0 0 0 0 41 0 0 0 0 0 0 0 0 0 0 0 0 0 42 0 0 29 0 0 0 0 15 0 0 0
0 0 0 0 0 0 0 23 0 0 0 22 37 0 0 24 0 41 0 0 0 0 0 0 0 0 0 0 0 0 0 23 0 0 0 0 0 0 0 0 27 0 0 37 0 14 0 0 0 0 0 0 0 0 0 0 0 0 0 0 0 0 0 19 0 0 0 0 0 0
0 0 0 0 0 0 0 0 0 0 0 0 0 0 46 7 0 0 0 0 0 0 21 0 0 0 0 0 0 0 0 0 0 0 0 0 0 0 0 0 42 0 40 0 0 0 0 25 0 0 0 0 0 0 0 0 0 0 0 0 0 0 0 0 0 19 12 0 0 0
0 0 50 0 0 0 0 0 0 10 0 0 34 0 0 0 0 0 0 0 0 0 16 0 0 32 45 43 0 0 0 49 0 0 0 0 0 0 0 0 0 0 0 0 0 0 0 0 0 0 0 0 0 0 0 0 0 0 0 0 0 0 0 0 0 0 0 0 0 38
0 0 50 23 8 0 0 0 0 0 0 0 38 0 0 6 0 0 0 0 0 0 0 0 48 0 0 0 0 0 0 0 0 6 0 0 0 0 0 0 0 0 0 40 29 0 0 0 0 0 0 0 0 0 0 0 0 0 0 0 0 0 31 9 0 0 0 0 40 0
0 0 0 0 0 50 0 0 0 0 0 0 0 0 0 0 0 0 0 0 0 0 0 0 0 0 0 0 0 0 0 0 0 0 0 0 0 0 29 0 0 0 0 0 0 0 0 0 0 0 0 0 0 0 0 0 0 0 0 0 0 0 0 38 0 0 0 0 33 0
0 0 0 0 0 0 0 0 0 0 0 0 0 1 0 0 0 20 0 0 0 0 0 0 0 0 48 0 0 0 0 0 0 0 0 0 0 38 0 0 0 0 0 0 13 0 0 0 0 0 0 0 0 0 0 0 0 0 0 0 0 0 0 19 0 0 0 0 1 0
0 47 0 0 0 0 0 0 0 0 25 0 29 0 0 0 0 0 0 0 0 0 0 0 0 0 0 0 0 0 0 0 0 0 0 0 0 0 0 0 0 0 0 0 0 0 0 0 0 0 0 0 0 0 0 0 29 0 0 0 0 0 0 0 0 0 0 0 0 26
0 0 0 0 0 0 0 0 0 0 0 0 31 29 0 0 0 0 0 0 0 0 0 0 0 0 0 0 0 0 0 0 1 0 0 0 0 0 0 0 0 0 0 0 0 0 0 0 0 0 0 0 0 0 0 0 0 0 0 0 0 0 0 35 0 0 32 0 0 0
0 0 0 0 0 0 0 0 0 8 0 0 0 0 0 1 0 0 0 0 18 0 0 0 0 0 0 0 0 0 0 0 0 0 0 0 0 0 0 0 0 0 0 0 21 0 0 0 0 0 0 0 0 0 0 0 0 23 0 0 0 0 0 0 0 0 0 0 0 0
0 0 0 0 0 0 0 0 0 48 0 0 0 0 0 0 0 0 0 0 0 0 0 0 0 0 0 0 0 0 0 0 0 0 0 0 0 0 17 0 20 26 0 0 36 0 0 0 0 0 0 0 0 0 0 0 0 0 0 0 0 0 0 0 0 0 36 0 0 40
0 0 0 0 0 0 0 0 0 0 0 0 37 0 38 0 20 0 0 0 0 0 0 0 0 0 0 0 0 0 0 0 0 0 0 0 0 24 0 14 0 0 0 0 0 0 0 0 0 0 0 0 0 0 0 0 0 40 0 0 0 0 29 0 8 0 0 0 0 0
0 0 0 0 0 0 0 9 0 0 0 0 0 37 0 0 0 0 6 0 0 0 0 0 0 0 5 0 0 0 0 0 0 0 43 0 0 0 0 0 0 0 0 15 0 0 0 0 0 0 0 0 0 0 0 7 0 0 17 35 0 0 0 0 0 0 0 0 0 43
0 36 0 0 0 0 0 0 0 0 0 39 5 0 45 0 0 0 0 0 0 0 36 0 0 0 0 0 0 0 17 33 0 34 0 0 0 0 0 0 0 0 32 0 0 0 0 42 0 0 0 38 0 0 0 0 0 23 0 0 0 0 0 0 0 0 0 0 0 0
0 0 0 43 0 0 0 0 0 0 40 0 48 0 0 0 0 0 0 0 0 0 44 0 0 0 0 0 0 0 0 0 0 0 0 11 0 5 0 0 0 0 0 0 5 0 0 0 0 22 0 16 0 0 0 0 0 0 21 0 0 0 0 0 0 0 0 0 0 0
0 0 0 0 0 0 0 0 0 0 0 0 0 0 0 0 0 35 15 22 0 0 0 0 0 0 0 0 0 0 0 0 0 0 0 0 0 35 0 0 48 37 0 0 0 0 0 0 0 0 0 0 0 0 0 0 0 0 0 0 0 0 50 0 17 0 0 0 0 0
0 35 0 0 0 0 0 0 0 0 0 0 0 0 0 0 0 0 0 0 0 36 0 18 0 0 0 0 0 0 0 0 0 41 0 0 0 0 0 0 0 0 0 0 0 0 0 25 0 0 0 0 0 0 0 0 0 0 0 0 0 0 0 0 8 0 47 0 0 0
0 0 23 0 0 0 0 0 0 0 0 0 0 0 0 0 0 0 0 0 0 0 0 0 0 0 11 0 0 0 0 0 0 0 0 0 0 0 0 0 0 0 0 0 0 0 0 0 0 0 0 0 0 0 10 0 0 0 0 0 0 0 0 0 0 0 0 22 0 0
0 0 0 0 0 0 0 0 0 0 0 0 0 0 0 0 0 0 0 0 0 35 0 0 0 14 47 0 5 0 0 24 0 0 0 0 0 0 0 0 0 0 0 0 3 0 0 0 0 0 0 0 0 0 0 0 0 0 0 0 0 0 0 0 0 0 0 0 0 0
0 0 0 0 0 18 0 0 0 0 0 0 0 0 0 0 0 0 0 0 0 0 0 0 0 0 0 0 0 0 0 0 0 0 0 0 0 0 0 0 0 0 0 0 16 0 0 0 0 0 0 0 0 0 0 0 0 0 0 0 0 25 0 0 48 0 21 0 0 0
0 0 0 0 0 0 0 41 0 0 44 0 0 0 0 0 0 21 47 0 0 0 0 0 0 0 0 0 0 0 0 0 0 0 0 0 0 0 0 0 0 0 0 0 0 0 0 0 0 0 0 0 0 0 0 0 0 0 0 9 0 0 0 0 0 47 0 0 0 0
0 43 0 0 0 0 0 0 16 4 0 0 0 0 0 0 0 0 0 0 0 0 0 0 0 0 0 0 0 14 0 0 0 4 0 0 0 0 0 0 0 0 0 0 0 0 0 0 0 0 0 0 20 0 0 0 0 0 0 0 0 9 0 20 0 0 39 0 0 0
0 0 0 0 0 0 0 0 0 0 24 0 0 0 0 0 0 0 37 0 0 0 0 0 0 0 0 31 0 12 0 0 0 0 0 1 0 0 0 0 0 0 0 0 0 0 0 0 0 0 0 0 0 0 15 0 0 0 0 0 0 0 0 0 0 0 0 0 0 0
26 0 0 28 0 33 0 0 0 0 0 0 0 0 0 0 0 3 0 0 0 0 0 19 0 0 45 0 0 0 0 0 0 0 45 17 0 0 0 0 0 0 0 0 0 0 0 43 0 0 0 0 3 0 0 0 13 0 0 0 0 0 0 0 0 0 0 0 0 0
0 0 0 0 0 0 0 0 0 0 0 0 0 0 0 28 0 0 0 0 0 0 0 0 0 0 0 0 0 0 0 0 0 0 0 0 1 0 0 0 0 0 0 0 0 0 0 0 0 0 0 0 0 0 0 0 0 0 0 0 0 0 0 26 0 0 0 0 0 0
0 0 0 0 0 0 16 0 0 0 0 0 0 0 0 0 0 0 0 0 0 0 0 0 0 0 0 0 0 0 0 0 21 0 0 0 0 0 0 0 0 0 0 0 0 0 0 0 38 0 0 0 0 0 0 31 27 0 0 0 0 0 0 0 0 0 0 0 0 14
18 0 0 0 0 0 0 0 0 0 0 0 0 0 0 0 0 0 0 0 0 0 0 0 0 23 0 0 0 0 50 0 0 0 0 0 0 0 0 0 0 0 0 0 0 0 0 0 0 0 0 0 0 0 0 0 0 0 0 0 0 0 0 0 0 0 0 0 0 0
0 0 0 0 0 0 18 31 0 0 46 0 0 0 0 0 0 0 0 0 0 0 0 0 0 0 0 0 0 5 0 0 0 0 0 0 0 0 0 0 32 0 0 0 0 0 0 0 0 0 19 0 0 18 0 4 0 0 0 5 0 0 0 0 0 0 0 0 0 0
0 0 0 0 0 0 0 0 0 0 0 34 0 0 0 0 0 0 0 22 0 0 0 0 0 0 0 0 0 0 0 0 0 0 0 0 0 0 0 0 0 0 0 0 0 0 0 0 0 0 0 0 0 0 0 44 0 0 0 0 0 48 0 0 0 0 0 0 0 22
0 0 0 0 0 0 39 0 0 0 0 0 50 0 0 10 0 0 0 0 0 0 0 0 45 0 0 0 0 5 0 0 0 0 28 0 4 0 0 0 46 0 0 0 0 23 0 0 0 0 0 36 0 0 0 0 0 0 0 2 0 0 0 0 0 3 0 0 0 37
0 0 0 0 0 0 0 0 0 0 0 18 47 28 0 0 0 0 0 0 0 0 0 0 0 0 0 0 22 0 0 0 0 0 0 2 0 0 0 0 0 32 29 0 31 0 17 0 0 0 0 0 0 0 18 0 0 0 0 0 0 0 0 0 0 0 1 0 0 0
0 0 0 0 0 0 0 0 0 0 0 0 0 8 0 0 0 0 0 0 0 0 0 0 39 0 0 0 0 0 0 0 0 0 0 0 0 0 0 0 0 0 0 0 0 0 0 0 0 0 0 44 0 0 0 0 0 0 0 0 0 0 8 0 0 0 0 0 0 0
0 0 0 0 0 0 0 0 0 0 5 0 0 0 0 0 0 0 0 0 0 0 0 0 0 0 0 0 0 0 0 3 28 0 36 0 0 0 0 0 0 0 0 0 0 0 0 0 0 20 0 0 0 0 0 0 0 0 0 0 0 23 0 0 0 0 0 0 0 0
35 0 0 0 0 0 0 0 0 0 0 0 0 0 0 0 0 0 0 0 0 0 0 49 38 0 0 0 0 0 0 0 19 24 0 0 0 0 0 0 0 0 0 0 0 0 0 0 0 0 0 0 0 0 0 0 7 0 0 0 0 0 0 46 0 0 0 0 0 2
0 0 0 0 0 0 0 0 0 0 0 0 0 0 0 0 0 0 0 0 0 24 0 0 0 0 0 0 0 0 0 0 0 0 0 0 0 0 0 0 0 0 0 0 0 0 0 10 0 0 0 0 0 0 0 0 0 0 0 9 0 0 0 0 0 0 0 0 0 0
0 0 0 0 38 0 0 0 0 0 0 0 0 0 0 0 13 0 0 0 0 0 0 0 0 0 0 0 0 0 0 0 0 0 0 0 0 0 0 0 0 0 0 0 0 0 0 0 0 0 0 0 0 0 0 0 0 41 0 0 0 17 0 0 17 0 0 30 0 1
0 49 0 0 0 0 11 0 0 0 0 0 0 0 0 13 0 0 0 0 0 0 0 41 0 0 28 0 15 0 0 0 0 0 0 0 0 0 0 0 0 0 0 0 0 0 0 0 0 0 0 0 0 0 0 0 0 0 0 0 0 0 0 0 0 0 0 0 0 0
49 0 0 6 9 0 0 0 29 0 0 0 0 0 0 0 0 0 0 0 0 0 0 0 0 0 0 0 0 0 0 0 0 0 0 0 0 0 0 0 0 0 0 0 16 0 0 0 0 0 0 0 0 0 0 0 0 0 0 0 0 0 0 0 0 0 0 0 0 0
0 0 0 0 0 0 0 0 0 0 0 0 0 0 0 0 0 0 42 0 0 0 0 28 0 0 0 0 0 0 0 30 0 0 0 0 0 0 0 0 0 0 0 0 0 0 0 0 0 0 0 0 0 0 0 0 0 0 0 0 0 11 0 0 0 0 0 0 0 0
0 6 0 0 0 0 0 0 0 0 0 0 0 0 0 0 0 4 0 0 0 0 0 0 0 0 0 0 0 0 12 0 0 0 0 0 0 0 0 0 0 0 0 0 0 0 0 0 0 0 0 0 0 0 0 0 0 35 0 0 0 0 0 0 0 0 0 0 0 0
0 9 0 0 0 28 0 0 0 0 0 0 0 0 0 0 0 0 6 0 0 0 8 0 0 46 0 0 0 0 0 0 6 0 0 0 0 0 0 0 0 0 0 0 0 0 0 0 0 0 0 0 0 0 0 0 0 0 0 0 0 0 24 0 0 0 0 0 0 0
0 0 0 0 28 0 0 7 0 0 0 0 0 0 0 4 0 0 0 0 0 0 0 0 0 0 0 0 0 0 45 0 0 0 36 0 13 0 0 0 0 0 0 0 0 0 0 0 0 0 0 0 0 34 0 0 0 0 0 0 0 0 0 40 0 0 0 0 0 0
11 0 0 0 0 0 0 0 0 0 0 0 0 0 0 0 0 0 10 0 0 28 0 0 0 0 0 0 0 0 0 0 0 0 0 0 0 0 0 0 0 0 0 0 45 0 0 0 0 0 0 0 48 0 0 0 0 0 0 0 0 0 0 0 0 0 0 0 0 0
0 0 0 0 0 7 0 0 14 0 0 0 0 0 0 0 0 0 0 0 1 20 29 0 0 0 0 3 0 0 0 0 0 0 0 0 0 0 0 0 0 0 0 0 0 0 0 0 0 0 0 0 0 25 0 0 0 0 0 0 0 0 0 0 0 0 0 0 0 0
0 29 0 0 0 0 0 14 0 0 0 0 0 0 0 0 0 0 0 0 18 0 0 0 0 0 0 0 0 0 12 0 0 0 0 0 28 0 0 0 0 0 0 0 0 0 0 47 0 0 0 0 0 0 0 0 0 0 0 0 0 0 0 0 19 0 0 0 0 0
0 0 0 0 0 0 0 0 0 0 0 0 0 0 0 30 9 0 0 0 0 0 0 0 0 0 0 0 0 0 0 27 0 0 27 0 0 0 0 0 0 0 0 0 0 0 0 0 47 0 0 0 4 0 41 0 0 0 0 0 0 0 0 37 0 0 0 0 0 0
0 0 0 0 0 0 0 0 0 0 0 0 0 0 0 0 0 0 0 28 0 0 0 0 0 0 0 0 0 8 0 0 0 0 0 0 0 0 19 0 0 0 0 0 0 0 0 0 0 0 0 0 0 0 0 0 0 0 0 0 0 0 0 0 0 0 0 0 0 0
0 0 0 0 0 0 0 0 0 0 0 0 0 0 0 0 6 0 0 0 0 0 0 0 0 0 0 0 0 0 0 0 38 0 0 0 0 13 0 0 0 0 0 16 0 0 0 44 0 0 0 0 0 0 0 0 0 0 0 0 0 0 0 0 0 0 0 7 0 0
0 0 0 0 0 0 0 0 0 0 0 0 0 0 0 0 0 0 0 0 0 0 0 0 0 0 0 0 0 0 0 1 0 0 0 0 0 0 0 0 0 0 0 0 0 0 11 0 0 0 0 0 0 0 0 0 0 0 0 0 0 4 0 0 0 0 0 25 0 0
0 0 0 0 0 0 0 0 0 0 0 0 0 0 0 3 0 0 0 0 0 0 0 0 0 0 0 0 0 0 0 0 0 0 0 0 0 0 39 0 0 0 0 24 35 0 0 0 41 0 0 0 0 0 0 0 0 0 0 0 0 0 0 44 0 20 0 0 0 50
0 0 0 0 0 0 0 0 0 0 0 0 0 0 0 0 0 0 0 0 0 0 0 0 0 0 3 0 47 0 0 0 0 0 0 21 0 0 0 0 8 0 0 0 0 0 0 0 0 22 0 0 0 0 0 0 0 0 0 0 0 0 0 29 0 0 0 16 0 0
13 0 0 0 0 4 0 0 0 30 0 0 0 3 0 0 0 0 0 0 0 0 0 0 47 0 16 0 0 0 0 0 0 18 0 0 0 0 0 0 0 0 0 0 0 0 0 0 0 0 0 0 0 0 0 0 0 0 0 0 0 0 0 30 5 0 0 0 0 0
0 0 0 0 0 0 0 0 0 9 0 6 0 0 0 0 0 0 0 0 0 0 0 0 0 0 0 0 0 0 0 0 0 0 0 0 0 0 0 0 0 11 0 0 23 40 0 0 0 36 0 0 0 0 0 0 0 0 0 0 0 0 0 0 0 0 12 0 0 50
0 0 0 4 0 0 0 0 0 0 0 0 0 0 0 0 0 0 0 0 0 0 5 0 0 0 0 0 0 0 0 0 0 0 0 38 0 0 0 0 0 0 0 0 0 0 0 0 0 0 0 0 0 26 0 0 18 0 0 0 0 0 0 0 0 0 43 0 0 0
0 0 42 0 6 0 10 0 0 0 0 0 0 0 0 0 0 0 0 22 49 0 0 0 0 0 0 0 0 0 0 0 14 0 0 0 0 0 0 12 0 0 20 50 0 0 0 0 20 0 0 0 0 0 0 44 0 0 0 0 0 0 0 0 0 0 0 0 0 0
0 0 0 0 0 0 0 0 0 0 28 0 0 0 0 0 0 0 22 0 43 0 0 0 0 0 0 45 0 0 0 16 0 0 0 0 0 0 0 0 0 0 0 0 0 16 0 32 0 0 0 0 0 0 0 0 0 0 0 0 0 19 0 0 0 0 35 0 0 0
0 0 0 0 0 0 0 1 18 0 0 0 0 0 0 0 0 0 49 43 0 0 0 0 11 0 5 0 0 0 0 0 0 0 0 0 0 0 32 0 0 0 18 0 34 0 0 0 0 0 0 0 0 0 0 0 0 0 0 0 0 0 0 0 0 0 0 0 0 0
0 0 0 0 0 0 28 20 0 0 0 0 0 0 0 0 0 0 0 0 0 0 0 0 0 0 0 0 0 0 0 0 0 0 0 0 0 0 0 0 0 0 0 0 0 0 0 0 0 34 0 0 0 0 0 0 0 0 0 0 0 0 0 0 0 0 0 0 12 0
0 0 0 0 8 0 0 29 0 0 0 0 0 0 0 0 0 5 0 0 0 0 0 49 0 0 0 0 0 0 0 0 0 0 0 0 0 0 0 0 0 0 0 0 0 0 0 0 0 0 0 0 0 0 0 0 0 0 0 0 0 0 0 0 0 0 45 0 0 0
41 0 28 0 0 0 0 0 0 0 0 0 0 0 0 0 0 0 0 0 0 0 49 0 0 0 0 0 0 0 0 0 0 0 0 1 0 0 0 0 0 0 0 0 0 0 0 43 0 0 0 0 0 0 0 0 0 0 0 0 20 0 0 0 0 0 0 0 0 0
0 0 0 0 0 0 0 0 0 0 0 0 0 0 0 47 0 0 0 0 11 0 0 0 0 0 0 0 0 0 2 0 0 0 0 0 0 0 0 0 0 0 0 0 0 0 0 49 0 0 0 0 0 0 0 16 0 0 38 0 0 0 0 49 0 0 0 0 45 0
0 0 0 0 46 0 0 0 0 0 0 0 0 0 0 0 0 0 0 0 0 0 0 0 0 0 0 0 0 0 0 0 0 0 0 0 0 0 0 0 0 6 0 0 0 0 0 0 0 0 0 0 0 0 0 0 24 36 0 0 0 0 0 0 0 35 0 21 26 0
28 0 0 0 0 0 0 0 0 0 0 0 0 0 3 16 0 0 0 0 5 0 0 0 0 0 0 0 0 5 0 0 34 0 0 0 0 0 0 2 0 0 0 0 0 0 0 32 0 0 0 0 0 0 0 0 2 0 0 0 0 0 0 0 0 0 0 0 0 0
0 0 0 0 0 0 0 3 0 0 0 0 0 0 0 0 0 0 0 45 0 0 0 0 0 0 0 0 0 0 0 0 0 0 0 0 0 0 0 0 0 0 40 0 0 0 0 0 0 0 0 0 0 47 0 0 0 0 0 0 0 0 0 0 0 0 0 0 0 0
15 0 0 0 0 0 0 0 0 0 0 0 0 0 47 0 0 0 0 0 0 0 0 0 0 0 0 0 0 0 0 0 0 0 0 0 0 0 0 0 0 0 0 0 0 0 0 0 0 0 0 0 0 0 0 0 0 0 0 45 0 0 39 0 0 0 0 0 0 0
0 0 0 0 0 0 0 0 0 0 8 0 0 0 0 0 0 0 0 0 0 0 0 0 0 0 5 0 0 0 0 0 0 0 42 0 0 0 0 0 0 0 0 0 0 0 0 0 5 0 0 41 0 0 11 0 0 0 0 3 0 0 0 0 30 0 0 0 0 0
0 0 0 12 0 45 0 0 12 0 0 0 0 0 0 0 0 0 0 0 0 0 0 0 2 0 0 0 0 0 0 0 0 0 0 0 0 0 0 0 0 0 0 0 0 23 39 0 0 42 0 0 0 0 0 31 0 0 0 0 0 0 0 0 0 0 0 0 0 0
0 0 30 0 0 0 0 0 0 27 0 0 1 0 0 0 0 0 0 16 0 0 0 0 0 0 0 0 0 0 0 0 0 0 0 0 0 0 0 0 14 0 0 0 48 0 0 0 0 0 0 0 0 0 0 0 0 0 0 0 0 0 0 0 0 0 0 0 0 0
0 0 0 0 6 0 0 0 0 0 0 38 0 0 0 0 0 0 14 0 0 0 0 0 0 0 34 0 0 0 0 0 0 0 0 0 49 0 0 0 0 0 0 0 0 0 0 0 0 32 14 0 0 0 32 0 0 0 0 0 0 0 0 0 0 0 0 39 0 0
0 0 0 0 0 0 0 0 0 0 0 0 0 0 0 18 0 0 0 0 0 0 0 0 0 0 0 0 0 0 0 0 0 0 0 0 0 0 0 19 0 0 0 0 39 0 0 0 0 0 0 0 0 0 0 0 0 0 0 0 0 0 0 0 0 0 0 0 0 0
0 0 0 0 0 36 0 0 0 27 0 0 0 0 0 0 0 0 0 0 0 0 0 0 0 0 0 0 0 42 0 0 0 0 0 0 0 0 0 0 0 0 0 0 0 0 38 0 0 0 0 0 0 9 0 0 0 0 0 0 0 26 0 0 3 0 0 0 0 0
0 0 0 0 0 0 0 0 0 0 0 0 0 0 21 0 0 38 0 0 0 0 0 1 0 0 0 0 0 0 0 0 0 0 0 0 0 0 0 0 0 0 0 0 47 0 0 0 0 0 0 8 0 0 0 0 0 0 0 17 0 0 0 0 0 0 0 0 0 0
0 0 0 0 0 13 0 0 28 0 0 0 0 0 0 0 0 0 0 0 0 0 0 0 0 0 0 0 0 0 0 0 49 0 0 0 0 0 0 0 0 0 0 0 12 0 0 0 0 0 0 0 0 0 0 0 0 0 0 0 18 0 0 0 0 0 0 0 0 0
0 0 0 0 0 0 0 0 0 0 0 13 0 0 0 0 0 0 0 0 0 0 0 0 0 0 0 0 0 0 0 0 0 0 0 0 0 0 0 0 0 0 0 0 0 0 0 0 0 0 8 0 0 44 0 0 0 0 30 0 0 0 0 0 27 0 0 0 0 0
0 0 0 0 0 0 0 0 0 0 19 0 0 39 0 0 0 0 0 0 32 0 0 0 0 0 0 0 0 0 0 0 0 0 0 0 0 0 0 0 0 0 0 0 0 0 0 0 0 0 2 0 0 0 0 0 0 0 39 0 0 0 0 0 0 0 0 0 0 0
0 0 0 0 0 0 0 0 0 0 0 0 0 0 0 0 0 0 12 0 0 0 0 0 0 0 2 0 0 0 0 0 0 19 0 0 0 0 0 0 0 0 0 0 0 0 0 0 0 0 0 0 16 0 0 35 0 0 0 0 49 0 0 0 4 0 17 0 0 0
0 0 0 0 0 0 0 0 0 0 0 0 0 0 8 0 0 0 0 0 0 0 0 0 0 0 0 0 0 0 0 14 0 0 0 0 0 0 0 0 0 0 0 0 0 0 0 0 0 0 0 0 0 0 0 0 0 0 0 23 0 0 0 0 0 0 0 0 29 29
0 0 0 0 0 0 0 0 0 0 0 0 0 0 0 0 11 0 0 0 0 0 0 0 0 6 0 0 0 0 0 0 0 0 0 0 0 0 0 0 0 0 0 4 0 0 0 0 0 0 0 0 0 0 0 0 0 0 0 0 11 0 0 0 0 0 0 0 0 0
0 0 0 0 0 0 0 0 0 0 0 0 0 0 0 0 0 0 20 0 18 0 0 0 0 0 0 40 0 0 0 0 0 0 0 0 0 0 0 0 0 0 0 0 0 0 45 0 0 0 0 0 0 0 0 0 0 0 0 0 0 0 0 0 0 0 0 0 0 0
0 0 0 0 0 0 0 0 0 0 0 16 0 24 0 0 0 0 50 0 0 0 0 0 0 0 0 0 0 0 0 0 0 0 0 0 0 0 0 0 0 4 0 0 0 0 0 0 0 0 2 0 0 0 0 0 0 0 0 0 0 0 0 2 0 0 0 0 0 0
0 16 0 0 0 0 45 0 0 0 0 0 0 35 0 0 23 0 0 0 34 0 0 0 0 0 0 0 0 0 0 48 0 39 0 47 12 0 0 0 0 0 0 0 0 0 0 0 0 0 0 0 0 0 0 0 0 0 0 0 0 0 5 0 0 0 0 0 0 0
0 0 0 0 0 0 0 0 0 0 0 0 0 0 0 0 40 0 0 16 0 0 0 0 0 0 0 0 0 0 23 0 0 0 0 0 0 0 0 0 0 0 0 0 0 0 0 0 0 0 0 0 0 0 0 2 0 0 0 0 0 0 0 0 38 0 0 0 0 0
0 0 0 0 0 0 0 0 0 0 0 0 11 0 0 0 0 0 0 0 0 0 0 0 0 0 0 0 0 0 39 0 0 0 38 0 0 0 0 0 0 0 45 0 0 0 0 0 0 0 0 0 0 0 0 0 0 1 0 0 0 0 27 0 0 0 0 0 0 0
0 0 0 0 0 0 0 0 47 0 0 44 0 0 0 0 0 0 0 32 0 0 0 43 49 0 32 0 0 0 0 0 0 0 0 0 0 0 0 0 0 0 0 0 0 0 0 0 0 0 0 0 0 0 0 0 0 0 0 0 0 0 0 24 0 0 0 0 0 0
0 0 0 0 0 0 0 0 0 47 0 0 0 41 0 0 0 0 20 0 0 0 0 0 0 0 0 0 0 5 0 0 0 0 0 0 0 0 0 0 0 0 0 0 0 0 0 0 0 0 0 0 0 0 0 0 0 0 0 0 0 0 0 4 0 0 0 0 0 0
0 0 0 0 0 0 0 0 0 0 0 0 0 0 22 0 36 0 0 0 0 34 0 0 0 0 0 0 0 0 42 0 32 0 0 0 0 0 0 0 0 0 0 0 0 0 0 0 0 0 0 0 0 0 0 0 0 0 0 0 0 0 0 0 0 0 0 0 0 0
0 0 0 0 0 0 0 0 0 0 0 0 0 0 0 0 0 0 0 0 0 0 0 0 0 0 0 0 0 0 0 0 14 0 0 0 0 8 2 0 0 0 0 2 0 0 0 0 0 0 0 0 29 0 0 0 0 0 0 0 0 0 0 0 0 0 0 0 0 0
0 0 0 0 0 0 0 0 0 0 0 0 0 0 0 0 0 0 0 0 0 0 0 0 0 0 0 0 0 41 0 0 0 0 0 8 0 0 0 0 0 0 0 0 0 0 0 0 0 0 0 0 0 0 0 0 0 0 0 0 0 0 0 0 0 0 0 0 0 0
0 0 0 0 0 0 48 0 0 4 0 0 0 0 0 0 0 0 0 0 0 0 0 0 0 0 0 0 0 0 0 0 0 0 0 0 0 0 0 16 0 0 0 0 0 0 0 0 0 0 29 0 0 0 0 16 0 0 0 0 42 0 0 0 0 47 0 0 0 7
0 0 0 0 0 34 0 25 0 0 0 0 0 0 0 0 0 26 0 0 0 0 0 0 0 0 0 47 0 0 0 0 0 0 9 0 0 44 0 0 0 0 0 0 0 0 0 0 0 0 0 0 0 0 0 41 0 0 0 0 0 0 25 0 0 0 0 0 0 0
0 0 0 0 0 0 0 0 0 41 0 0 0 0 0 0 0 0 0 0 0 0 0 0 0 0 0 0 0 11 0 0 32 0 0 0 0 0 0 0 0 0 0 0 0 0 0 0 0 0 0 0 0 0 0 0 0 0 17 0 0 0 0 0 39 0 0 0 0 0
0 0 0 0 0 0 0 0 0 0 0 0 0 0 0 0 0 0 44 0 0 0 0 0 16 0 0 0 0 0 31 0 0 0 0 0 0 0 0 35 0 0 0 0 0 2 0 0 0 0 0 0 16 41 0 0 0 0 0 0 0 0 0 0 0 0 0 0 0 0
0 0 0 0 0 0 0 0 0 0 0 0 0 0 0 0 0 18 0 0 0 0 0 0 0 24 2 0 0 0 0 0 0 0 0 0 0 0 0 0 0 0 0 0 0 0 0 0 0 0 0 0 0 0 0 0 0 0 0 0 0 0 0 0 0 0 0 0 0 0
0 0 0 35 0 0 0 0 0 0 0 0 0 0 0 0 0 0 0 0 0 0 0 0 0 36 0 0 0 0 0 0 0 0 0 0 0 0 0 0 0 0 0 0 0 0 1 0 0 0 0 0 0 0 0 0 0 0 0 0 46 0 0 0 0 0 0 0 0 0
0 0 0 0 0 0 0 0 0 0 0 0 0 0 0 0 0 0 0 0 0 0 0 0 38 0 0 0 0 0 0 0 0 0 0 0 0 30 39 0 0 0 0 0 0 0 0 0 0 0 0 0 0 0 17 0 0 0 0 0 0 21 0 0 0 0 0 0 0 0
0 0 0 0 0 0 0 0 0 0 0 0 0 0 0 0 0 0 0 0 0 0 0 0 0 0 0 0 45 3 0 0 0 0 0 17 0 0 0 0 23 0 0 0 0 0 0 0 0 0 0 0 0 0 0 0 0 0 0 0 0 0 0 0 0 34 35 15 0 0
0 0 0 0 0 0 0 0 0 0 0 0 0 0 0 0 0 0 0 0 0 0 0 20 0 0 0 0 0 0 0 0 0 0 0 0 18 0 0 49 0 11 0 0 0 0 0 0 0 0 0 0 42 0 0 0 0 46 0 0 0 31 0 0 0 0 0 0 0 0
0 0 11 0 0 0 0 0 0 0 0 0 4 0 0 0 0 0 0 19 0 0 0 0 0 0 0 0 0 0 0 0 0 0 26 0 0 0 0 0 0 0 0 0 0 0 0 0 0 0 0 0 0 0 0 0 0 0 21 0 31 0 0 0 35 0 0 0 0 0
0 0 0 0 24 0 0 0 0 0 0 0 0 0 0 0 0 0 0 0 0 0 0 0 0 0 0 0 39 0 0 0 0 0 0 0 0 0 0 0 0 0 0 0 5 0 27 0 0 0 0 0 0 25 0 0 0 0 0 0 0 0 0 0 0 0 0 0 0 0
0 0 0 0 0 40 0 0 0 37 0 0 0 44 29 30 0 0 0 0 0 0 0 0 49 0 0 0 0 0 0 0 0 0 0 0 0 0 0 0 0 0 0 2 0 0 0 24 4 0 0 0 0 0 0 0 0 0 0 0 0 0 0 0 0 0 38 0 0 0
0 0 0 0 0 0 0 0 19 0 0 0 0 0 0 5 0 0 0 0 0 0 0 0 0 0 0 0 0 30 0 0 0 0 3 0 0 27 0 4 0 0 0 0 0 38 0 0 0 0 0 0 0 0 39 0 0 0 0 0 0 35 0 0 0 0 7 0 0 0
0 0 0 0 0 0 0 0 0 0 0 0 0 20 0 0 0 0 0 0 0 0 0 0 0 35 0 0 0 0 0 0 0 0 0 0 0 0 0 0 0 0 0 0 0 0 0 0 0 0 0 0 47 0 0 0 0 0 0 34 0 0 0 0 0 0 43 0 0 0
0 0 0 0 0 0 0 0 0 0 0 0 0 0 0 0 12 43 0 35 0 0 45 0 0 0 0 0 0 0 0 0 0 0 0 0 0 0 0 17 0 0 0 0 0 0 0 0 0 0 0 0 0 0 0 0 0 0 0 35 0 0 0 38 7 43 0 0 0 0
0 0 0 0 0 0 0 0 0 0 0 7 25 0 16 0 0 0 0 0 0 0 0 0 0 21 0 0 0 0 0 0 39 0 0 0 0 0 0 0 0 0 0 0 0 0 0 0 0 0 0 0 0 0 0 0 0 0 0 15 0 0 0 0 0 0 0 0 0 0
0 0 0 0 0 0 0 0 0 0 0 0 0 0 0 0 0 0 0 0 0 12 0 0 45 26 0 0 0 0 0 0 0 0 0 0 0 0 0 0 29 0 0 0 0 0 0 0 0 0 0 0 0 0 0 0 0 0 0 0 0 0 0 0 0 0 0 0 0 0
0 0 0 0 0 0 0 0 0 0 0 0 0 50 0 0 50 0 0 0 0 0 0 0 0 0 0 0 0 0 0 0 0 0 0 0 0 0 0 0 29 0 0 0 0 0 0 0 0 0 0 0 7 0 0 0 0 0 0 0 0 0 0 0 0 0 0 0 0 0
