1000
99998 0957
99997 6231622
99995 775707
99997 2625868
99997 923
100000 8371
99999 345
99999 07457
99997 215330
99996 379
99998 418511
100000 00349
99997 602886
99998 6650
99996 848611
99999 0243
99999 86368
99996 951465
99997 618994
100000 228732
99995 63721
99998 945
99999 9733
99995 0067
99996 948574
99998 504
99996 193546
99995 654
99995 393
99998 327
99997 61637
100000 939532
99998 3375
100000 62436
100000 950
99996 54200
99996 6094
99998 6940
99998 28443
99998 351014
99999 643
99997 22288
99995 2958
100000 4313190
99999 88378
99997 849
100000 353
99997 7405237
99995 7611718
99999 7432
99996 2825
100000 001773
99996 497087
99998 1961485
99998 3150711
99995 6981075
99995 1843
99997 36888
99995 091
99997 701221
99999 2112690
99997 9252
99997 488
99997 3116602
99995 611
99999 662
99995 6450258
99998 08697
99997 282044
99996 465
99996 4914
99998 8478373
99996 8511
100000 316
99995 0517
99995 835
99997 9834210
99999 683813
99995 47696
99997 95242
99996 0140
99996 2195
100000 558
99997 00417
99995 4484
99997 577108
99998 272540
99997 331
99996 731206
99995 8068
100000 009
99999 380180
99995 236234
100000 9380209
99998 329782
99999 46864
99999 307178
99995 811
100000 1956
99999 0929624
99997 4279
99999 4802
99995 4253590
100000 44370
99997 333704
99996 905
99996 632
99999 349878
99996 5387082
99998 435476
100000 8944
99997 6419996
99998 376
99997 81208
99998 90073
99995 5652
100000 3890158
99999 5921859
99996 16959
99998 091
99997 854
99995 697
99996 279718
100000 6067503
99999 571263
100000 882907
99999 3440
99995 2080
99995 3788
99998 338
99999 83854
99996 094911
99995 0551990
100000 730
99999 348
99995 3788
99996 020
99995 4022
99999 879553
99999 0709
99996 4962151
99995 719
99995 358
99996 081
99998 08780
99999 200775
99996 138172
100000 232375
99999 94264
99998 9665333
99996 779
99995 4748
99998 405
99995 727083
99995 25942
99998 070
99999 071363
99995 9217
99999 9749143
99998 3412665
99995 879
100000 635
99996 8073
99998 810
100000 974
99995 1640770
99999 250
99998 564354
99999 373
99999 3473765
99998 5491
100000 218971
99998 894
99997 59341
99998 501186
99998 354602
99996 1408209
99999 940461
99998 55307
99995 861
99996 8548172
99996 4545191
99998 25184
99996 603
100000 17787
100000 2128461
99999 407595
99998 090696
99999 6378560
99995 84184
99998 0661
99998 71359
99997 353
100000 3791
99996 80893
99998 273421
99998 280
99995 30193
100000 4414972
99995 97558
99998 1918
99997 6060598
99995 580
100000 2880258
99998 7308
99997 943596
99997 19085
99997 56617
99995 780262
99995 822898
99998 681827
99998 559487
99995 60111
99999 2769594
99997 11775
99996 2926069
99996 971023
99995 605
99995 119
100000 9954
99997 605983
99997 6306
99996 962
99997 06073
99995 932
99997 532117
99996 3308170
99999 549
99997 989
99999 4115
99999 5586295
100000 56143
99998 7893
100000 112747
99996 7409
100000 47463
99998 4916
99996 264
99998 109770
99995 320023
99999 816
99999 113
100000 053968
99995 536763
100000 99346
99997 57901
99997 7205
99997 5847506
99995 89965
99995 9499544
99999 584291
99995 4405799
99998 15201
99999 05951
99997 3783295
99996 78453
100000 944
99999 4036
99996 7111307
99995 075892
99995 1351680
99995 841
100000 703192
99995 9033
99996 850672
99997 180
99999 3773857
99995 1430956
100000 514201
100000 335
99996 178828
99997 7309693
99996 94398
99999 84442
99996 9925654
99995 490
99995 0170
99997 508
99998 87031
99997 4390129
99995 151655
99998 642206
100000 874080
99996 631331
99996 578
100000 198
99995 30821
99999 08390
100000 0243259
99996 606845
99995 6151
100000 349
99997 1105
99998 38789
100000 636
99996 926
99995 876
99995 6741
99998 0034184
99995 2913
99996 106439
100000 759
99999 3577495
100000 707384
99997 3088346
99998 103348
99998 3394
99997 22386
99997 230183
99999 6232
100000 4380049
100000 782057
99996 8739
100000 877
99998 4864
99996 075
99998 4187
99996 904595
99998 2726
99998 654
100000 068
99996 839293
99998 63149
100000 049
99996 6477
99996 2518073
100000 6789
99998 811
99996 150842
100000 148
99997 598471
99999 5406889
100000 366929
99995 9157261
99998 2259
99995 536214
99996 41864
99997 0660518
99999 61199
99998 5599
99998 44162
99999 2281647
99996 0110379
100000 64907
100000 7762889
99998 60869
99995 616921
99996 4869645
100000 0538
99996 6263
99999 0921
99997 78871
100000 817
99996 8646
99996 082525
99996 00393
99995 1872
99999 89476
99997 6927
99997 5780951
99998 575089
99999 534
99996 862
99996 2504
100000 5254
99996 7444468
99999 7381608
99996 4233374
99995 407363
99998 428973
99998 886487
100000 02030
99997 5857097
99995 4920447
99996 14894
100000 986
99999 3175
100000 9879
99997 4031
99999 5367918
100000 818076
99999 878
99995 02012
99995 0364
99996 374
99999 7032228
100000 7863
100000 552
99996 15699
99999 657
100000 233918
99995 6849816
99997 118
99995 84086
100000 7355966
99996 886
99999 590561
100000 136
100000 5628809
99998 045274
99996 79669
99998 9053
99998 97933
99996 02153
100000 1731
99998 73813
99999 097873
99998 910
99996 426349
99996 3476035
99997 896119
99997 3271795
100000 330205
99996 018
99999 7131171
99997 05910
99999 1981
99996 94389
99995 6938
99995 153074
99995 7980
99996 969
100000 286
99999 8162633
99996 2272705
99998 778369
100000 5237
99998 76010
99997 257
99999 1308
100000 4858036
99997 416
99997 50455
99998 461046
99995 1998650
99999 44648
100000 639298
99997 778304
99999 1041708
99998 329239
100000 62696
99997 23137
99996 439097
99996 1640613
99998 5483959
100000 604091
99995 0330964
99997 8800681
99998 7074
99998 912054
100000 16176
100000 85297
99995 391545
100000 653121
99999 0638
99995 48068
99995 06913
100000 77846
99999 592
99999 9177
99998 977737
99996 6513
99999 7583616
99998 9881872
99998 6278876
99996 1956544
99997 1507369
99996 74333
99995 367
99998 420154
99998 1097314
99999 12876
99995 2666980
99995 30675
100000 26589
100000 402425
100000 960401
99998 6783649
99996 41251
99997 9325304
99995 804
99996 71699
99997 602418
99996 215
99999 05576
99998 358
99998 6153469
99997 7952064
99995 3057
99998 7119341
100000 1069538
99999 672968
99995 643
99998 7587092
99999 829
99999 7467
99996 8514
100000 5167351
100000 3688247
99997 1419
99997 3720
99996 333277
100000 92890
99995 0476
99999 0648785
99998 834
99995 9979164
99998 9729115
99995 8674
99999 307487
99999 11316
99996 7604
99998 371
100000 842569
99997 273
99998 826505
99999 565302
100000 647
99998 7596270
99996 627
99996 90290
100000 642
99999 692988
99999 840
100000 328
99999 934
99999 1913292
99995 164651
99999 1297720
99997 1636987
99998 6946391
99996 86021
99999 6438443
99999 16967
100000 309451
99997 514
99999 55308
99997 98553
99995 47743
99998 75332
99998 241496
99997 059
99996 616023
100000 048766
99999 780667
100000 7740
100000 444744
100000 519
99999 799
99999 24134
99995 01558
99997 347760
99999 00096
99997 675273
99996 9700
99999 956772
99995 40247
99995 794
99999 832430
99998 434746
99997 0428
99995 5691
99995 9481
99999 525
100000 0884957
100000 375145
99997 5516484
99995 96606
99995 6943011
99995 765
99999 42912
99998 6266619
100000 2624
99995 4519
99999 093127
99998 1192565
99995 1395
99998 9212
100000 5397
99998 168480
99995 48560
100000 3858064
100000 1404
99995 90223
99996 2802
99998 017148
99996 7864409
99996 519
99998 9428400
99995 86209
99996 189
100000 6635
99996 9031719
99996 382
100000 622
99998 273774
99997 035639
99997 44945
99996 2690262
100000 1709941
99995 946
100000 3474859
99998 865038
99995 8901
99996 520
99996 6675603
100000 999284
99999 721053
99999 7336
99998 129
100000 8868
100000 844026
99996 83959
99996 1703
99997 46117
100000 40806
99995 1758
99997 209520
99999 54136
99995 91797
99998 277107
99997 4116104
99996 458
99999 72556
99996 24492
99995 113492
100000 7754
99997 257034
99998 52721
99998 4418848
99996 8462
99998 129744
100000 253
99995 7402
100000 544
99996 359899
100000 7895120
99998 88536
99998 512689
99999 0269
99997 430040
99996 6301222
99996 3557304
99996 6755162
100000 0006155
100000 841436
99997 8987990
99995 9159688
99996 6227523
99998 91370
99995 9887
99998 935
99996 4944469
99997 211
100000 66323
99999 39755
99998 5164925
99995 9191792
99996 1563
99995 7383
99995 1679
99999 637
100000 324
100000 03003
99999 46622
99998 66473
99999 1689
99997 513580
99995 207655
99998 6103
99999 51919
99996 14516
99995 6600703
99999 7839
99997 691961
99996 4751
99996 7424
99998 850982
99996 209
99997 510
99997 067833
99998 7443
99996 407
99999 54298
99998 31522
99999 724
100000 353223
99999 39540
100000 4856650
99997 1752
99995 579
99998 6048
99999 9518754
99995 6039
99997 3669658
100000 2100
100000 0160
100000 6882136
99995 102
99997 367852
99999 047
100000 692380
99995 18014
99996 74543
99999 251
99996 80288
99995 94197
100000 82551
99997 2135625
99996 291
99998 53281
99999 898
99997 034
99995 273
99998 231690
99996 504704
99998 421
99998 4088
99997 350884
99996 0534205
99999 408
99996 5404146
99998 3370319
99996 00275
100000 18188
99996 28459
100000 542449
99999 72221
99999 97866
99997 4069127
99996 47261
99995 0363165
99995 881
99997 30487
99999 2945
100000 005308
99997 458
99995 5079
99998 442
99999 8683984
99999 708
100000 991100
99995 656
99998 728
100000 49151
99999 52737
99996 425608
99996 9823949
99995 1336293
99995 126
99997 0748
99995 5983482
99998 1839533
99996 1901
99995 922721
100000 9282
99996 41679
99998 6225393
99998 85648
99998 5358
100000 5215946
99996 5288
99999 443
100000 753
99995 94121
99997 5246
99995 245
99996 12899
99996 7389
99995 91642
100000 843
99998 545918
100000 3582985
99999 2042
99998 41417
99996 543
99998 134
99998 2233
99997 175
99998 5319
99997 031066
99998 114204
99996 0378177
99998 88689
99996 2439140
99997 258917
99995 864882
99996 7493
99997 8468
100000 271
100000 3857342
99996 040522
99995 9666
99995 785873
99997 656
99997 88198
99999 04016
99999 782
99999 561
99996 772
99998 2314
99998 00854
99996 26654
99998 1818534
99996 25930
99997 4660
99995 626425
100000 6354
99999 7859
99999 2427
99996 96470
99999 387210
99999 76925
99996 989916
99995 721
100000 2548
99995 2775
99999 142
99995 3228576
100000 995
99995 16356
99999 4248
100000 043
99997 6300225
99995 02304
99997 9611971
99997 118304
99999 02965
99999 02336
99997 4069
99996 585938
99996 046757
99996 758
100000 1830
100000 03133
99995 208
99999 31460
99999 836031
99997 855497
100000 0038
99999 0390
99995 3804
99996 46648
100000 85474
100000 2159
99998 9164492
99996 166473
100000 6817
99997 9458146
100000 0167
99996 69835
99996 215
100000 297
99997 349487
99997 0216452
99999 5082764
99997 1941513
99998 4694
99999 9617554
99995 458
99999 64443
99999 276287
99997 28387
99998 057254
99999 1587067
99999 4997
99997 3855795
99999 6836
99999 297
99995 273
99997 587
99996 06129
99999 05883
99998 27582
99999 56362
99996 5641207
99997 414
99995 56676
99998 620
99996 5597424
99997 76774
99998 321578
99996 12982
99999 72666
99998 383
100000 2365
99998 923
99997 0643
99998 8113
100000 4418
99997 0289
99998 212
99999 95396
99998 4769
99996 62478
99997 943
99995 5248043
99997 548
99997 05972
99998 77305
99997 4098730
99995 0089
99996 746067
99996 74309
99997 415
99998 429197
99997 503330
99998 8996
99999 8827
99998 2707021
99998 6557
99996 7830
99996 8822
99998 047
99999 103
100000 502
99996 907
99995 710
99995 22938
99995 43601
99995 8914017
100000 2401
99995 8794
99996 408
99995 2383
100000 155
99999 7905039
99997 8695
100000 308
99997 747940
99996 57718
99999 9420
99998 18145
99999 2714
99995 244
99995 37505
99995 840952
99996 5866513
99999 2574
99999 995
99999 34219
99997 125657
99995 155
100000 361788
99999 230740
100000 362017
99999 0693
99996 7322
99995 7000
99997 254079
99999 63646
99998 573186
99996 8547171
100000 2429157
100000 633
99997 7967270
99999 6278
100000 7628259
99998 672
100000 715
99999 3394151
99998 672
100000 234158
100000 4112
99999 502094
100000 6311
100000 9301310
99999 1026
100000 17217
99997 40357
99995 9336
99998 7956022
99996 0602
99996 753
99996 48389
99995 170835
99999 750
99998 129
99996 8739
100000 87545
99995 611
99997 2711957
99997 1036
100000 322375
100000 547713
99995 57712
99998 715147
99995 58535
99995 0993
99995 856
100000 7653364
99997 746394
99998 21681
99996 71653
100000 2745
99995 07658
99997 14878
99999 3996320
99999 02937
99999 75475
