101
2 3 1626
12 17 1397
4 5 1832
6 11 1665
7 8 2009
0 0 1642
19 0 1881
9 0 2066
10 0 2055
0 0 2033
14 13 1768
15 18 1010
16 0 1789
0 0 1696
29 0 956
0 0 1780
26 20 1620
24 21 1173
0 0 1851
0 0 1624
22 0 1342
23 31 1267
0 0 1229
25 0 1166
0 27 1017
28 0 1597
0 0 1163
0 0 1565
33 30 -689
37 32 -401
0 0 1326
35 34 284
0 39 -2110
36 50 825
66 0 159
42 41 428
38 0 -483
0 59 -650
40 61 -1799
43 53 -1883
47 46 718
44 58 358
0 45 -2094
0 0 320
57 56 -1943
0 0 758
49 48 634
55 52 641
51 62 520
0 0 874
0 54 445
0 0 649
75 0 -1816
0 0 497
0 0 639
0 60 -1940
0 68 -2078
0 0 412
0 0 -512
0 0 -1926
63 64 -734
0 0 592
0 65 -1670
0 0 -691
70 67 -1295
69 0 149
73 0 -759
71 72 -2006
74 76 -131
79 82 -1464
0 0 -2050
0 0 -1967
78 86 -1054
77 0 -137
0 0 -1862
83 80 58
91 81 -251
0 0 -1238
84 0 -1531
0 0 95
0 0 -218
85 90 -1393
89 0 33
0 0 -1561
95 87 -1413
88 93 -888
0 0 -1402
97 0 -940
0 92 -127
0 96 -1384
0 94 -392
0 0 -64
0 98 -772
0 0 -283
0 0 -1454
0 101 -1332
0 99 -1013
0 0 -762
0 100 -1004
0 0 -991
0 0 -1322
1000
1762 1793
625 751
649 1804
-1403 1027
1946 2018
-1410 360
-503 639
-2059 2037
-1007 188
1373 2044
934 950
1711 1844
1312 2091
1215 1633
-1915 -136
1205 1746
-1439 1624
-2054 1770
1177 1467
-759 2054
513 1242
-1383 573
40 1163
1192 1241
-1278 1327
-1318 -398
1246 1608
-1800 130
1622 1693
-2062 1337
-193 1778
-1381 499
1225 1634
-767 721
-246 1341
-1826 -762
1307 1623
1633 1713
-1395 475
1839 2031
1665 1718
1634 1646
1660 2077
-1324 -608
-952 1821
-429 1647
769 992
1834 1874
-624 1620
1776 1861
212 1177
1543 1713
1786 1800
-1602 1632
1656 1827
-1960 -1382
310 2057
630 1772
-1394 1172
-759 -173
738 1208
1015 1178
-468 369
-1456 -1455
-488 1638
-1012 637
-1949 -1459
295 474
-141 2076
2082 2107
-277 -244
-713 1665
-130 1299
286 1675
149 2100
-225 512
1167 1625
559 1776
-771 2108
-1983 285
822 1714
-751 -691
-280 983
563 1843
1011 1868
-1586 -536
763 1022
179 967
-735 -137
-2106 -692
964 1331
-1270 2106
-1345 -762
-1838 -1443
1169 1169
151 471
2098 2103
-1496 -1282
-50 1393
-2110 -1461
-1030 345
1835 1974
-130 1671
1095 1632
-1956 -795
633 1781
71 1338
640 1340
-2096 1566
-2110 1019
-1936 88
-2091 1923
1709 1759
-663 1165
-298 1200
1044 1050
991 1374
2059 2061
725 1773
555 2059
-261 1165
1626 1887
-1914 -1361
-1968 1780
-1290 -1167
-736 854
-920 487
2068 2073
-1261 1595
-1921 -1392
635 1359
-407 641
439 975
-1965 -264
-1344 -988
-1943 514
714 1838
500 1861
1906 1935
637 1489
-1492 1164
-1480 1263
1014 1625
-1522 -86
-839 2056
1809 1817
-1944 1433
-233 1771
-745 425
-1255 -129
-1357 -1345
-1011 -41
595 1376
-211 409
1903 2039
1291 2074
498 1611
-907 -397
-553 1853
1164 1589
287 666
-2082 37
-532 1876
-84 514
635 1339
-487 49
-761 631
1623 1624
1820 1861
-1430 -995
1166 1655
-1128 -137
640 1119
-784 341
-1039 709
1173 2035
-278 1770
-1412 -1030
1150 1166
-1899 -906
-1646 333
-961 -787
312 1013
-1535 1624
-689 -134
507 1814
1706 1980
-831 -690
1910 2076
636 1168
1793 2038
-1387 -130
-1096 -132
-2003 1330
1365 2055
-434 -135
588 1506
35 2068
2013 2061
-1919 157
349 1601
-2016 795
-1009 899
-1881 -713
-136 63
1776 1862
-690 357
-126 533
-281 1202
-1527 1071
-498 1300
1234 1632
-464 1070
-1461 -956
476 1693
513 885
-569 1037
-440 -377
-822 396
-957 298
1854 2068
-1400 -163
-1502 1623
438 1623
-419 -80
-1747 -1397
1818 2065
-751 1624
363 1583
1258 1601
-972 1171
-1868 1588
-713 638
-1930 -1288
-222 1590
394 1666
1617 2043
2041 2043
530 1779
-36 121
-34 1636
643 2065
295 1320
1836 1836
-8 1858
86 1871
-1899 47
-1311 -1175
-1188 495
1954 2034
1170 1656
-1009 641
-763 1014
1331 1623
-396 1841
1246 1781
-98 2097
-691 1015
640 822
640 1662
-1266 416
-1629 -997
46 102
-136 635
-1754 -1327
1679 1770
591 1463
887 1088
1580 1648
-2054 -133
-738 997
155 2042
-492 1776
330 1513
-1064 -841
-101 636
76 470
1625 1939
1776 2009
1479 1669
-761 715
434 1641
1774 1781
-1014 -912
307 655
-129 643
-44 594
641 1785
-478 -132
469 2105
-659 2059
-392 1164
-1011 -393
-490 1583
903 1770
1168 1989
1333 1784
2057 2110
-267 1743
1714 1834
1165 1631
718 1170
1164 1972
457 1854
1798 1932
-1381 1349
1628 2045
-1628 638
1664 1771
-1941 1649
-2081 -1941
266 635
-2018 1847
-1396 -977
2060 2084
1735 2074
645 1787
-1385 -690
1328 1594
-1920 456
-1264 1750
710 1250
-1833 645
722 1628
943 1273
1322 1802
-996 133
-2100 -1390
1339 1771
431 1865
-1328 1166
-1428 -1259
642 1164
1813 2044
-1439 772
35 951
-1322 -690
1540 1918
1208 2019
-753 1011
-1330 343
1840 1846
39 1659
-770 5
445 1979
477 637
1636 1641
-2091 1164
-1809 -1008
1852 2054
-1131 -939
636 1823
-1137 -1008
1630 1837
-2069 -1268
-1462 33
-491 2017
-182 1648
-1951 1360
-768 -221
-1892 926
1622 1702
-987 1787
1709 1869
1702 2058
-617 1709
-449 628
1280 1603
-1572 168
-2092 2027
506 1787
396 511
46 1822
2053 2089
1246 2102
-133 1856
-94 2031
-1456 645
1164 1786
1611 1818
46 1832
313 597
103 1851
-1908 1647
502 1595
636 638
1164 1165
316 1720
-276 62
1972 2109
-1847 -686
915 1170
894 1305
1569 1636
640 1840
-1268 417
-989 1396
-1823 2050
-688 44
-1044 -446
-1558 -1325
-2017 -393
-1889 1820
-2096 -136
-909 1622
-1548 -1427
393 634
809 1782
-64 756
714 2028
636 1785
1216 2069
-1008 1624
1294 1847
-770 1544
1647 1777
484 506
2022 2109
2024 2025
-1450 -1396
-357 1412
-1389 -1293
-498 1616
1835 2087
1787 2055
1012 1652
-2101 155
-1242 -413
-396 1781
1844 1923
1660 1783
157 974
-666 638
-1000 353
703 1099
-1627 -1324
-1943 -231
-220 438
-1363 -762
-1659 -429
1627 1957
790 1679
-508 1281
290 1856
942 1012
1832 2062
-1655 48
-1458 2090
-1409 143
-481 1747
1247 1442
1172 1832
1789 1835
-1926 -1485
-641 420
2064 2084
1165 1304
-1413 -825
-936 1664
-2074 1858
1327 1872
-766 402
-752 1541
1695 2100
-1895 -1313
2066 2074
-2105 -1390
-720 637
598 824
-270 1163
1609 1694
1626 1972
1868 2107
1785 2048
-351 647
-745 1642
-2047 959
347 1161
1835 2032
1172 1595
1820 1925
-2076 -1391
-1459 1247
-1975 1262
1899 2032
-1072 171
-1401 353
-968 -684
-1012 -1011
-1399 -1017
-1880 -1687
-20 718
-1331 1878
-701 1335
499 1622
-689 54
-1403 -208
-1031 636
514 2025
-2044 1621
-681 707
1173 2010
-1824 1992
-1219 -550
1256 1298
-771 -6
1963 2036
1834 2087
-1425 399
1165 1804
-509 1538
-1410 -1324
289 1992
-1004 2065
-2111 -557
305 1165
1456 1623
528 1099
644 2053
-105 1839
1278 1613
2015 2055
860 1678
554 1200
815 1730
-1364 -401
1343 1783
-2062 -691
750 1624
1608 1775
-735 1685
-844 152
-1933 746
1634 1785
-2015 1165
1783 1843
-490 460
-1944 -1011
-1325 1163
926 1166
300 385
635 1598
-128 2105
422 1624
-690 644
-1940 396
-129 2050
-2085 305
2056 2064
-1998 377
2012 2064
1776 1996
1581 1661
-1363 -764
158 1797
-392 414
1687 2023
469 1336
2062 2079
510 2106
-1391 394
1211 1770
1782 1787
2066 2097
52 963
2028 2037
1775 1786
-1267 87
417 1656
1873 2013
-770 2110
-1554 -1003
-2085 1838
-689 -228
506 1235
-1033 -250
-1941 775
-1655 350
1768 1861
1560 2109
-1800 -398
1827 2052
266 373
168 498
1808 1822
-1637 82
1867 2054
29 1310
2046 2079
-753 2068
-2078 1832
-691 -14
-116 1117
-297 416
-1390 -1006
-972 626
1758 1772
630 2089
-1027 1362
-1927 -427
460 1819
-93 531
1578 1625
-1474 639
-501 1874
-914 -742
1875 1899
1997 2109
830 1576
-397 921
640 1336
-1408 1851
-760 1631
1617 1838
724 869
1644 1843
-973 -396
-2111 -123
-134 -74
-1413 1623
-2110 1172
1574 1774
1699 1769
-446 -285
575 1683
-1933 -1455
1456 1596
2017 2049
1665 1808
-1804 416
-134 554
-1949 -1299
-1450 -1348
-646 110
1604 2017
1773 1903
1829 1995
1651 1717
339 1179
1164 1782
1649 1880
-1390 1167
37 1839
-1275 -1155
1016 2063
-1933 -1296
329 2046
1999 2025
1836 2042
669 1775
2086 2095
621 1625
-921 1677
39 1759
637 2052
-1543 2081
153 881
1166 1771
1338 1624
-722 -406
-890 361
1575 1785
1638 2052
-1317 -1240
-2084 -209
1866 2015
1213 1577
1844 1862
1298 1624
-1385 364
1274 2043
572 1621
1366 1448
-1169 1096
143 1340
-1325 1372
58 1618
2030 2103
1335 1773
-735 -399
150 634
-1813 1626
1581 1621
-228 40
-1941 708
1391 1600
1674 1768
-1813 1708
-1391 352
1605 2063
1783 1858
-1043 1636
-280 1146
1350 1375
-760 1643
1798 2038
-2066 -1702
2026 2029
1165 1862
-1911 -1872
1585 1790
-1539 158
525 1271
-1394 777
1353 1662
-939 1925
-841 1117
-255 1392
1585 1806
-342 680
1560 1620
-197 1863
-1454 1154
1774 1775
637 1816
1625 2051
1774 2092
1596 1812
419 1238
519 2058
1203 1772
-130 1765
-586 -174
-1530 -1396
-1397 1165
1915 2108
36 1660
-1821 -1328
-899 1436
-1942 1621
-491 581
-761 370
1575 1937
1584 1849
57 2035
744 1633
2103 2104
-1832 300
-714 1624
1623 1888
1337 1946
1763 2056
1108 1316
-751 57
1956 1998
-1427 58
1014 1639
2076 2099
-1807 1164
-1895 146
19 424
52 1620
-1941 38
-365 -239
-937 1243
1842 1935
1845 1851
-1799 84
-108 1624
-991 602
1650 1651
1408 1774
1777 1836
588 1841
-1396 1635
1171 1680
-831 943
661 1601
1259 1786
-1508 -131
-1535 1857
966 1662
576 1941
-278 1821
-2104 -702
-1364 431
-645 1936
696 1165
83 639
-996 519
-614 1010
-238 1165
641 1366
-457 1229
-700 1596
749 2032
-2078 -137
1583 1624
641 1089
745 1611
-1659 -1379
517 1769
-124 352
-666 -506
549 1634
-986 1742
155 1164
-2086 -575
-1677 -375
421 1652
705 2033
-1551 -691
1053 1651
730 2007
1823 2014
-710 413
2042 2071
800 971
-1719 2047
1780 1793
107 1664
1631 2028
-2075 324
-1061 -1007
1843 1868
-2013 1625
-687 523
-957 -948
-1250 -1122
-1981 -417
-131 1182
-1398 1015
-967 -782
739 1797
-2111 1254
-989 -131
-1641 72
-1414 502
1304 2075
1361 1621
-1874 2057
2010 2018
-275 184
-2111 -1423
-129 152
641 2094
-75 1628
420 1859
-2105 1263
734 1993
-788 203
-128 1163
-689 358
-453 592
1380 1773
1772 1890
789 2047
1593 1623
698 1388
429 1206
1635 2053
-704 440
1727 1777
-2107 -272
1264 1937
-1123 691
-2080 1776
49 771
355 1165
1786 1842
-1931 -401
-2047 224
641 830
-635 896
636 1878
-761 1010
-1395 696
652 841
-1347 -278
2014 2060
1781 1874
65 638
2004 2071
-2090 1575
1210 1578
1874 2102
-2011 -1388
1060 2050
-556 400
106 1903
-1864 -1738
-398 565
1837 2058
1078 1770
-1804 1579
-319 1623
448 2077
-863 1311
2074 2083
110 920
649 939
-445 593
-1800 1330
-1926 610
-1005 -975
-1939 37
674 2057
-2111 -1041
-1907 1625
1167 1785
-671 -504
-2059 -1255
2092 2101
-533 1
-128 94
-1168 2057
-992 -491
513 2044
-70 1862
1812 1822
-1460 -1456
1600 2068
1165 2080
-1868 101
-722 670
-288 1438
1730 2111
-334 1329
-1275 2009
-132 970
-998 1622
-72 1333
-1463 571
451 1263
86 105
-90 974
1771 1828
1185 1442
1645 1836
65 1029
1341 1634
-1941 1624
1626 1686
1846 2070
-1410 -131
416 1675
1793 1801
640 1622
1311 1580
-400 2048
2003 2084
55 391
-1304 442
1383 2066
-982 -561
1242 1610
-1314 -277
1626 2049
501 682
-134 1669
1657 1717
1084 1615
-366 1010
1625 1625
331 1247
848 1858
-129 610
-395 2029
-2002 2053
153 1570
-467 1932
1602 1848
1166 1782
-2110 1462
641 1165
-279 1212
2069 2087
649 1621
-990 366
-251 1629
810 822
392 672
1826 1969
-1834 516
-862 1618
511 1590
560 1737
-2075 -2066
-1007 1010
-1982 -850
-1318 1625
-127 -24
1691 1930
1339 2039
329 1638
881 1549
-1393 1875
777 1164
-1958 -1547
-2060 1171
749 1926
2061 2062
641 1733
-748 640
425 1012
155 1686
1749 1929
1166 1658
2037 2043
-586 -243
