1000
983435831 4
821703303 2
996580720 1
95928182 5
417090271 1165
307909631 3
900352385 4
487885536 76232115
104761901 3
592332589 4
807671623 5
484800423 1
399216711 5
858811492 3
877447444 3
875537407 2
319360128 11168
593823833 2
997351244 1
599401548 16
173366173 1
542217379 5
584838960 1
585475722 3105972
900344018 3
461535997 461535997
144680385 20
319282667 5
329589704 5
496230679 316
273248863 2
211601931 5
169086836 3
774054333 6
41004231 5
557559148 20
358512335 4
176132856 1
784469143 2
609408153 5
45942388 16
974684024 9448
328380217 14097
891745369 1
835966858 3
519615552 496
786531408 1
414148607 5
315858069 1
587100245 1
638461470 9
575693882 3
792850426 214226
245295894 5
223177989 5
376624354 5
727144228 8
94794817 5
630608043 5
182769261 2
993010992 5
818976933 5
235781001 1
914113563 2
140304625 5
90324297 6
421045453 5
947418265 4
630479463 1
216137261 1
288726863 5
116139723 1
137469017 2
955463768 4
72340430 687320
795562089 4
952268436 15
587461163 2
261836707 4
10889079 2
74441578 1
652487451 4
511358204 4
216255230 3
184163368 4
193081945 2
700899965 54134
188349529 5
407991039 4
465681564 83448
843989573 5
988765625 79101250
67014472 469
648696449 3
977502736 5
572866235 2
163408537 4
825911669 5
668604345 20
512640422 5
303869343 6
561810975 4
535280077 3
88242399 4
609201261 6
671913171 12
284675442 1639206
78677978 1
159978229 5
584194671 2
903040659 4
487359037 4
261709108 10
527615148 263807574
896625650 1
832940591 4
911628488 5
684329627 4
943641511 1
878963569 3
191232495 2
457974208 10
560797977 2
982376096 3
858439378 3
242042188 16
889891354 3
247407347 3
954151936 1
522507229 1
762401155 1
580501606 3
841920447 4
904121032 5
350453447 1
574553656 1
649936803 5
408739085 3
17653049 1
294679216 1010
389474785 7674380
695802778 3652
150979477 5
395407922 1
597163941 15
719786577 5
549869439 5
230157588 5
559669996 20
620591421 4
893868240 1
954622051 3
194457467 5
652883711 2
739341725 240875
889360339 1
297825404 1
845749881 2
112039159 1
118631851 2
505848509 3
152079420 16
141800718 229451
124984500 1
656376605 1
460113300 5
175668386 5
850259897 4
212822336 106411168
226579431 2
109670656 12
27405112 3
159352960 15
982895078 2
712861986 51
426047289 9
83200894 3
618264439 1
218959692 16
364885255 5
693350552 520012914
793650532 3
52181776 4
231797592 20
815816042 5
702508119 5
464549534 3
818117397 1
278116305 4
981930348 1
880295057 2
301813890 15
302490156 16
503183668 16
904594359 2
971801004 2708
126628819 1
373468708 4
862919011 3
707668738 2282
954620080 15
799783194 148
973454991 1
47071460 1
473182882 1
69280412 5
233400754 6
999335161 4
969355171 1
496822811 980894
748057893 4
238733482 1
522849471 2
225343744 3
595849865 2
997128544 3
291666555 1
327056973 5
677974418 1
248847742 5
907369603 5
195362692 1
492001539 4
179982351 1
879642230 5
235270933 1
503160875 80185
593073523 1
65017361 4
821755780 25
636649160 3
505480633 1
363408794 4
991289491 3
827363151 5718
23694772 5
665019842 5
867407645 1
278261939 2
244167044 5
141520284 8730
783309855 9
64861104 1
241286004 16
579307747 3
964708592 4
596184185 4
119218513 2
924625916 16
718572309 2
876406243 1
48170335 25
206385245 15
216050916 1
466057208 1056340
427712972 283692
183061350 1084808
390553326 1
358903668 16
746970797 1
478393036 3
797262020 3
855675061 1
609020304 1
487170860 5
41566665 2
364242172 52034596
245178769 2
560737334 5
207403006 115
844366729 1
598328232 2
705432383 2
103102395 4
583571701 2
361770359 1
308077275 4
138008455 2
312253695 5337670
404633850 8
614447854 4
296851003 1
579416780 3
386932886 5
631081329 2
999000967 3
361327762 5
666068881 1
340778449 2
864101738 5
510475017 1
558129415 5
877371095 1025
486798273 234
385603781 1
337252741 4
290096391 5
174426280 1
155520340 3
477924064 3
295380840 25
37731245 1
952524836 6
497341495 20
109937296 5
515495849 4
132511600 12741500
985702899 4
397762148 5
103562370 34520790
294985760 170512
944408471 2
136364364 20
381179094 5
280301851 4
413226017 3
574878227 1
320857381 5
912788158 5
694810728 289504470
226495938 5
81279489 1
83282149 4
738202204 3
446591264 12
225242762 10
683321080 12
193288923 2
315158831 5
802774901 4
917131442 1
663896812 1
920053315 2
199985590 11427748
548506913 1
948681277 1145
816087807 15
780433929 2
327522466 3
511239976 5
784516201 4
749670946 3
30323884 6
682668506 8
783597936 1
516860203 5
687588009 3
310516864 3
929165173 2
180270789 4
677043275 199130375
575254973 5
365456536 3
577732275 1130
112931376 526896
920772698 6
513745813 2
797967876 1753005
2682107 2
497997397 1
667738968 5
782168613 15
443984436 3
115121422 3
759382589 4
762097183 1
737919511 1
458729917 3
362233607 4
828478116 5
205196944 3
725736224 1
280056602 644
535723290 25
707164740 5
399471608 2
820344229 4
528231002 5
238722168 3
142621175 10
171888756 312
101338068 1
798841629 5
418971425 4665
516446660 3
916795395 137175
93618139 1707
973062636 5
648912064 1
507625718 3
523127756 3
480304482 1
839331869 5
185765320 1
749940655 4
865358509 1
945471776 5
785718615 1
944971170 6513
819714938 652
255113374 3
643888162 1
829102250 750
879391573 4
988161292 3
115574745 1
820700884 3
380723051 2
189259630 1
764572843 2
628246224 15
297478975 2
738206965 25
849406995 5
969432763 11609
264972675 1041150
486399332 3712972
930145664 10
246315694 1
753370123 44
607626653 4
470678251 1
203711430 20
520773288 65096661
681500534 185863782
785119713 2
922091541 4
670633042 1
924388304 1
251990801 4
937471244 4
825228075 4
53169619 1
17312603 55
949312011 2
138045865 82827519
489612465 1
170370057 4
958915498 10
798146931 6
148276830 1
189218648 5
842603284 1285
17540246 5
773512416 5
825328457 2
417148783 2
486764440 3
1370439 1
449501351 2
152646273 4
362035710 26817460
105359087 4
761014916 5
228962290 5
157061716 5
193368959 5
152243470 1
956327305 1754729
833591575 2
73573144 18393286
883486063 2
639913293 1
45564347 4
903912605 3
133623889 1
902383928 5
604531246 9196
160674174 5
505088215 5207095
653502302 3
40811175 10
745595672 5
372646566 8
316451226 1
305544395 15
435405425 2749929
947463516 20
84178601 2
621271843 5
939732119 3
350354468 6
549681985 3
910227933 6
463008495 9
878673864 5
143903496 15
14651885 10
849279173 4
17167718 305
772498924 8
471166461 4
439640199 2
193565693 2
465259645 1
37949409 1
206608512 28864
829338799 3
74038758 1
230405414 10
741777152 5
53791910 34
198284569 4
481085952 1252828
323965502 5
152353219 2
930547268 5
78796463 2
713944890 25
562601032 12
728921195 2642
117930777 6
506701791 6
570303037 4
572947766 1
185552055 25
428731340 4
26384972 1
697950027 1
495940610 3
962150447 5
776159724 5
899322275 1
745560255 25
156030887 1
928699265 4
61341965 1
308877118 1
581350122 1
425408366 3306
128434512 1
899789192 5
206873362 8
727712644 10
67660248 1
591053808 1
274311375 219449100
533773723 4
303808362 2
224917108 876016
350394040 160
142173251 1
12433650 4
290179568 816832
488158807 2
794233795 1
902500856 15006
599816602 5
428965518 4
807341895 4
935601835 5
782348906 1
796663655 4
292671610 1
969201594 5
487323740 12
688975587 4029097
898775229 12
570260635 3
661333388 5
85066554 1416
989700741 4
584740460 3
40934708 5
142998261 4
403673117 3
807961680 64
45060923 5
450015109 3
678423251 1
451731295 3
460134055 2
252496474 5
185001696 5
488567502 1
80067819 4
25860519 111588
541554683 4
691429887 104292
820261422 91140158
232956423 6
279219181 3
111594997 1
96112670 1
906704036 4
425457484 1
600167961 4
821188856 5
589653454 5
34107637 4
564664976 5
297125530 1
617388033 12
515697757 2
898354929 9
548500799 2
24640895 4
215717663 3
496096160 70
809959870 3
883086855 33641404
37388619 5
798948488 26897
783264820 3
528490988 12
356670210 25
428795937 6
145881450 163224
995435904 54528
423256668 1
701750300 3
669519186 1
437454352 8
578850135 12
484478589 12
619211129 5
348408619 1
206564466 5
104827311 2
797309678 5
778168712 5
491042968 12
788343934 5
456700993 2
328487464 1
3488457 2
39517068 1
363458312 12
441967900 44196790
404500699 4
407625920 1
796408025 15
506558869 3
825302836 3
252056248 1
48001745 4
302672355 5
450542472 5
852854340 32802090
512560688 1
495180481 2
113662964 1
650622564 5
314669293 4
241215068 73730
718445102 3
509967055 2
786096870 1
670399375 1
638347703 800135
537470207 5
280416118 40270
143529937 4
430044061 2
399967483 2
220519773 6
903542495 20
912661964 684496473
855425312 1
680164956 10
844544975 20
849675045 9
129169335 1
656873991 5
466983615 21
780492716 3
501114730 1770
612260240 306130120
230599613 3
628029341 101295055
107006471 3
329025214 235186
65863645 4
148805548 3
369399492 16
82063109 164126218
331568946 1
264131755 10
679129950 213375
476859522 1
916090477 3
159637083 4
140025006 15
93962097 4
84533090 3
207609511 3
652981496 6
870518939 3086
266532624 5
438926896 3
80844208 3
831046537 2
16785925 1
533713143 2
271123417 1
652802092 20
332273467 5
661522757 4
349554587 3
549256625 4
516534628 16
683496104 10
571541778 1
201247066 4
704938534 1
477290370 1
510952002 4
41276231 2
153700437 12
611704411 1
439896421 1
650980690 25
258409791 5
448973356 3
675507429 2
531185690 881636
985662672 4
885433674 1
644397995 5
886157369 3
22614153 1
296552385 2010
728143549 4
300931301 4
594407061 2
461817806 2
927585351 2673
439629750 7034076
303826755 25
58280695 2
722639997 4
310227380 16
524700080 25
439896023 2
839084874 1
377005523 4
645457893 2
964816222 5
453829704 1
555181330 11688028
827413594 1
65896328 1
561187613 4
796497399 1
860634689 3
431724240 59
874871054 1
793904024 5
481549881 4
527282280 7
196650553 4
747472131 2
792234063 5
484275801 4
934719103 5
891261776 1
939704634 4356
458025643 3
547352741 4
139542284 6
807521897 4
423341812 1
80376237 4
185969379 5
199878784 826
615025157 1
594168342 1
898605403 3
196150038 70053585
332392049 3
966840589 1
896508808 1
859118398 5
716989055 20
591201898 553042
68808857 2
271468115 4
358932665 2
883688519 631206085
728484333 15
589164643 1
431318840 1
741739715 15
533236891 5
270312145 2
738009643 5
303307440 879152
173962822 5
479600703 4
165872618 1
774818321 1
208362745 2
23697028 5
299529750 44595
46017847 1
558981414 15
255891212 5
440465784 4
108301755 5
628083010 3
751596396 1636
220221669 1
963348515 3
761533670 1
263612781 5
829235839 5
520908915 1
622290369 2
588563139 1
498331649 2
562910303 1
127654326 8
228242473 1
115393279 5
220240476 23183208
167663171 3
182422946 3
71346009 1
97220521 2
438802583 1
867418916 2
752929116 941161395
247822947 76
551108452 5
928269265 1015
119553921 895
210295057 5
53632903 4
602452044 20
463615086 5016
447180078 3
781576585 3
518281664 58488
813483025 1
6684440 358095
132895140 9300
350872884 4
751538161 1535318
348424874 5
793447277 2
975988600 80
191209747 1
218715827 3
382109984 5
112986333 2
160314253 4
123167035 1
301462822 1
622997634 3
519694145 3
366328932 5
722469764 1
306824033 1
994805938 5
470519376 72
747720689 1908668
824782296 1
29279650 1
30651365 4
645916951 3
28670266 1
648525130 363880
406713879 54756
404572786 5
703914782 5
419437576 37640
429071867 3
302160963 2
555395432 3
564901533 4
830995681 3
10214245 4
571364450 22854578
246215216 14144
659763375 4
412718467 21
41974524 8
477058662 2
870119841 1
539951081 1
241051861 2
34332715 5
847836634 5
64412495 15
751226331 2
725800706 235910
865048238 5
474941441 3
8370707 1
462543810 925087620
984548691 984548691
952572575 1
966354410 1
485325090 194130036
927885731 5
78244547 1
853377748 3
803558739 2
477238937 4
440618236 5604
199052113 52
955853557 1
104014120 1
103746180 3
650808423 15
382616655 4
225585187 2
260723694 9
220898438 662695314
52030496 112
600681083 1
755965288 5
293358917 3
779812149 4
151663940 56068
408077957 5
232201849 2
869424638 3
244376055 4
932646219 4
48253234 5
609518620 6
338389826 6
812284461 15
214693224 4
800724018 5
784279996 10
611303410 3
624475933 2
510475555 1
917152407 4
921171403 1
651856742 1
290548203 2
591044342 1
915322447 1
720265659 2
669494490 5
622018994 3
289413319 2
23646581 1
359133424 3
345802593 3
416659916 416659916
781797513 4
737857121 2
639620971 4
331300439 5
22345322 1
544566735 1
694034655 25
498538732 1
289399313 4
559726189 50884199
195116125 3
973318338 3
408854565 1
514697382 1
855314872 1
509554096 2
922957424 1
529077709 1
547019805 1
744084305 2
76211996 5
404893409 4
874357497 5
528414955 25
574519795 2
522092632 5
61421147 3
677059119 44
576355229 4
645763280 5
642585183 12
181362747 5
501492918 1
368282707 2
362685072 3264
295216001 1
827655268 5
366611196 1
147723417 1
542611580 16
868548873 15
678154363 1
68468504 1
879824228 5
211916803 4
921758721 4
502364813 3
354063844 3
501080772 20
896499127 3
333403363 2
677814424 3
180654406 1
83400172 4
368841539 4
958623344 3
