49 4263 12421 2723 11651
4256 12490
3812 12424
3432 12233
2936 11982
2002 10877
1733 10535
1401 10015
1145 9525
1008 9235
896 8979
820 8801
250 7248
-107 6240
-303 5084
-349 4800
-517 3660
-544 3475
-544 2416
-387 1914
-332 1834
86 1228
172 1114
674 517
932 447
4273 97
4391 89
5359 27
6240 -11
6624 -16
7227 160
8324 761
8458 1095
8446 2175
8404 3019
8380 3466
8185 5692
8055 6469
7801 7879
7619 8756
7485 9206
7245 9621
6278 10815
6087 11042
5884 11278
5732 11417
5131 11952
4817 12159
4679 12245
4428 12400
