1000
99997 774
99995 704
99995 498
99999 64439
99995 528
99999 854
99996 105
99995 4897
100000 973
99999 6138
99996 10684
99997 5412
99997 10958
100000 446
99998 182
99995 3751
99998 01674
99998 671
99999 85146
100000 9593
99998 6606
99997 61048
99996 7064
99995 314
99999 3281
99997 345
99995 7708
99998 032
100000 2129
99999 388
99997 30209
99996 109
99997 92047
99999 6854
99999 7031
99996 74968
99996 5060
99996 3202
99996 17045
99996 663
99995 7118
99995 907
99997 8364
99999 82270
99999 7590
99999 835
99999 1520
100000 82689
100000 7677
99996 4226
99996 02577
99999 67333
99996 07796
99998 232
99999 78551
99997 83709
100000 588
99998 08768
99996 2906
99995 3803
100000 657
99999 0607
99996 8373
99999 30212
99997 19789
99997 573
99995 101
100000 8264
99995 1867
99999 3818
99999 60309
99995 83532
99998 2145
99995 19103
99995 712
99997 550
99999 7353
100000 577
99999 5196
99999 3283
99995 83592
99997 17090
99997 623
100000 21904
99999 511
99999 20139
99998 2037
99997 75745
99997 96983
99999 4611
99999 0371
99995 7637
99999 22970
99997 10990
100000 071
100000 1429
99995 665
100000 070
99998 26969
99995 3814
99998 8158
99995 19054
99995 453
99996 144
99999 23957
100000 7556
99995 03542
99997 5289
99997 8595
99995 2544
100000 51636
99996 84950
100000 86962
99998 217
99996 3358
99996 1455
99998 7615
100000 09869
100000 839
99995 48881
99996 07679
99996 71824
99995 80969
99999 411
100000 764
100000 815
99995 574
99999 1637
99996 395
99997 420
99996 2175
99998 985
99995 60870
99995 5860
99998 78182
99997 8163
99998 089
99996 0200
99998 13029
99995 22674
99995 30227
99996 15130
100000 5127
99998 2822
99995 6253
99998 563
99995 272
99995 2653
99995 7472
99999 31496
100000 22805
100000 042
99996 94819
99995 413
99999 06473
99996 0547
99997 698
99999 701
99995 0412
99996 120
99998 9911
99997 20296
99995 02753
99999 5610
99995 329
99995 04108
99999 35805
99995 887
100000 5549
99997 05438
99999 07561
99998 281
99999 77363
100000 2251
100000 29961
99997 38755
99995 593
99999 72423
99999 7293
99999 6383
99997 2498
99995 5556
99995 095
99997 241
99996 8818
99996 4523
100000 11190
99997 6965
99997 63720
99998 18690
100000 6198
99997 780
99999 01390
99999 536
99998 233
99997 412
99996 448
99998 49385
99997 05695
99995 35093
99997 14013
100000 234
99997 23855
99997 961
99998 59875
99999 842
99995 6499
100000 1171
99997 15350
99998 911
99996 5290
99997 63641
99995 796
99998 93092
99996 09459
99999 552
99995 987
99997 45689
99999 12819
99995 7642
99996 0322
99999 1763
99995 720
100000 95419
99998 313
99999 434
99999 49955
99999 645
99998 94558
99996 268
99997 7243
99995 7416
99995 5185
99997 1409
99995 308
99996 1626
99997 90484
99999 33535
99999 5194
99999 46193
99995 3283
99995 230
99999 28532
99997 8591
99998 1235
99999 910
99999 67945
99997 5577
99996 255
99999 2926
99997 7657
99995 624
99997 23801
99996 110
99997 946
99996 020
99995 73517
99995 12879
99997 32376
99998 9284
100000 570
99998 7672
100000 93118
99996 2419
99996 345
99998 144
99999 02971
100000 30589
99999 4562
99998 429
99996 54589
100000 4490
99995 1123
99998 175
99996 96241
99996 122
99997 4630
100000 693
99997 385
99999 9480
99999 293
100000 05262
99997 5794
99996 357
99996 68345
99999 833
99997 12580
99997 74916
99997 641
100000 957
99998 39052
99996 1551
99998 9055
99997 756
99998 690
99999 6179
99999 3619
99998 4100
100000 3569
100000 357
99995 81586
99999 8370
99997 00125
99998 22085
99999 56280
100000 41335
99996 664
99999 20368
99997 854
99997 33488
99997 79157
99997 28635
99998 67606
100000 847
99996 64588
99998 4196
99998 737
99998 0823
99998 3587
99997 052
99996 80214
99995 4693
99995 544
99997 19462
99999 690
99999 532
99997 918
100000 3976
100000 58727
99998 3631
99999 24442
99997 8336
99999 3569
99998 70496
99997 4356
99996 6755
99997 07956
99997 7905
100000 281
99999 6710
99998 324
99999 3201
100000 4637
99996 737
99997 503
99995 7654
99998 06872
99997 7206
100000 69840
99996 05248
99999 54889
100000 9300
99995 68485
99995 8301
99995 704
99996 259
100000 93295
99999 252
99997 747
99996 42666
99995 23098
99999 4233
100000 34535
99998 2234
99998 244
99998 023
99995 19850
99999 0995
99999 73489
99999 9282
99998 3208
99999 73986
99997 0380
99997 364
99999 13431
100000 020
99996 57245
99996 6085
99998 1325
99997 8553
99996 981
100000 05970
99998 1386
99995 32588
99996 096
99996 598
99996 631
99997 105
99997 301
99999 83925
99997 40574
99998 9539
99996 632
99999 21973
99996 8778
99997 80324
99995 844
99999 82198
99995 121
99997 87603
99995 694
99997 5286
99998 83147
99997 80453
99997 1952
99996 45596
99999 86649
99997 7059
99997 244
99996 0035
99999 67907
99995 36027
99997 246
99995 52611
99996 883
99995 32661
99997 254
99996 643
100000 9699
100000 766
99995 8755
99997 31336
99997 6302
99996 142
99998 3541
99995 132
99999 8213
99999 72934
99999 76265
99996 1458
100000 77447
99997 61890
99999 893
99996 00283
99996 678
99996 088
100000 4057
100000 458
99995 689
99999 792
99998 9298
100000 568
99995 58451
99999 0270
99996 4052
99998 341
99996 756
99995 0581
99999 27540
100000 968
99999 197
99996 819
99996 0780
99996 48501
99998 4334
99999 62224
99999 392
99998 56985
100000 594
99998 33226
99998 9100
99996 0291
99999 2219
99998 9265
99999 61669
99996 19488
99996 1496
99996 5321
99996 30900
99998 844
99995 66104
99997 579
99997 8886
99998 6273
99996 9816
100000 64255
99998 17916
99999 44936
99995 99606
99997 82094
100000 04985
99996 63509
99999 5712
99999 1635
99996 0515
99995 7173
99995 00420
99998 404
99996 638
99997 8526
99996 575
99999 76902
99999 8630
99998 155
99999 9126
100000 456
99995 291
99995 90969
99996 221
100000 2946
99999 5640
99995 12714
99996 04052
99999 3438
99997 523
99998 0722
99998 988
100000 479
99999 4926
100000 1340
99996 496
99996 029
99996 76774
99998 7146
99999 187
99997 85139
99995 45416
99998 897
99995 390
99995 27212
99998 1984
99998 17764
99997 05511
99996 32381
99999 518
99997 918
99995 3389
99995 17431
100000 57216
99996 9915
99997 980
99999 324
100000 0329
99998 8235
99998 6517
99998 9100
99998 1847
99995 869
99995 34960
100000 58155
99996 231
99998 02545
99997 8535
99996 6071
99998 1879
99999 46013
99997 698
99996 9152
99997 0449
99998 87055
99998 6688
99999 28506
99996 635
100000 92241
99995 726
100000 5138
99996 161
100000 3492
99996 7915
99995 408
99998 27707
99995 794
99998 958
99997 8332
99995 4016
99995 4493
99996 6663
100000 348
99997 12187
99996 682
99998 39352
99995 323
99996 6420
99995 5423
99995 559
99996 962
99997 575
99996 88329
99998 98717
99997 53107
99996 997
99997 25239
100000 175
100000 5074
99997 945
99999 029
99996 938
99998 52674
99996 854
99996 176
99996 3207
99997 9601
100000 68700
100000 7280
99996 387
99995 448
99997 2666
99999 933
99998 865
100000 02935
99995 6450
99999 7247
99997 3357
99998 671
99997 56355
100000 7177
99996 6532
99999 559
99996 0161
100000 33900
100000 5045
100000 21154
99998 4517
100000 39569
99997 678
99998 46774
100000 75494
99995 02872
99996 848
99999 66093
99999 60065
99999 68129
99999 5978
99999 2144
99999 10184
99995 7621
100000 942
99998 86036
99995 421
99999 9892
99999 688
99998 9222
99996 9381
99998 95967
100000 0654
100000 780
99997 861
99998 50070
99997 8696
99998 8901
99997 6863
99996 18922
99997 2519
99998 85313
99997 2431
99996 102
99995 3009
99998 54883
99997 41882
99998 778
99996 5380
99999 149
99995 955
99999 1176
99998 68098
99998 614
100000 876
99999 989
99995 0752
99999 0620
99998 051
99999 792
99999 479
100000 823
99995 099
99998 44491
99995 395
99995 941
99999 46935
99995 1182
99996 6035
99998 6647
99995 2672
99999 1645
99995 0971
99996 216
99997 9109
99998 40454
99999 82714
100000 318
100000 88556
100000 3024
99998 2443
99999 6125
99996 104
99999 39564
99996 4847
99999 73613
99998 5293
99997 11940
99997 3009
99998 51012
99995 553
99998 0973
100000 27924
99995 747
99997 188
99999 0722
99998 459
99999 305
99998 437
99997 382
99995 1042
99996 4637
100000 746
99999 38259
99997 66558
99999 6468
99999 681
99996 70185
99996 07618
100000 29742
100000 11895
99997 741
99995 686
99997 60056
99996 826
99997 29707
99997 31613
99995 4141
100000 3144
99997 39865
99996 492
99996 7033
99997 61648
100000 798
99998 530
99996 77841
99996 7412
99999 13656
99999 277
99995 194
99997 05362
99999 081
99995 225
99996 45139
99995 01913
99997 827
99997 00464
99999 376
99997 289
99998 4281
99995 773
100000 213
99997 386
99996 11965
99997 6368
99998 34118
99998 915
99999 1712
99998 4133
99997 02273
100000 773
99997 793
100000 14295
99995 71078
99999 25805
99999 811
99995 047
99995 87518
100000 3487
99995 18471
99998 1388
99997 489
100000 4882
99999 9543
99995 46504
99997 9941
99999 6668
99999 4676
99997 140
99998 9156
99998 939
99999 9513
99995 14964
99995 9162
99998 36866
99997 7915
99998 0237
99995 41650
100000 3533
99999 82703
99996 718
99999 90021
99997 6872
99995 69100
99996 69230
99997 612
99999 97474
100000 979
99998 8003
99997 424
99995 434
99995 1443
99996 99862
100000 33253
99999 1175
99998 80450
99998 314
99996 7244
99995 65154
99996 9314
99997 23331
99995 71554
99996 053
99999 211
99998 1311
99996 6029
100000 0482
99997 2030
99997 9052
99999 6429
100000 3991
99999 30941
100000 95422
100000 20809
99999 35462
99997 61950
99996 25455
99997 997
99999 75847
99998 833
99999 380
99996 45850
99996 405
99998 86187
99997 8803
99995 8507
99997 4325
100000 4405
99999 11188
99999 578
100000 31638
99996 8840
99999 5084
100000 305
99998 7629
100000 400
100000 094
99996 0879
99996 593
100000 30818
99996 53796
99998 387
99997 33770
99997 955
100000 425
99995 7206
99998 3966
100000 069
99997 952
100000 138
99999 482
99995 71498
99998 77239
99995 458
99999 703
99997 9344
99997 5539
99999 623
99996 543
99996 39354
99999 3869
99998 7317
99998 0046
99995 09622
99998 7259
99995 7205
99995 675
99998 95646
100000 8429
99995 986
99997 68712
100000 00088
99995 49852
100000 1144
99996 620
99997 6657
99996 42261
99995 563
100000 949
99999 5730
99999 75584
99996 80155
99995 692
99999 57332
99998 6045
99998 09785
100000 61295
99996 1321
99999 7491
99997 977
100000 80294
99997 87858
99995 209
99995 67858
99998 7033
99999 731
100000 319
99995 899
99999 9154
99998 198
99995 298
99995 34070
99999 9994
99996 534
99999 18493
99997 26569
99995 355
99999 627
99997 16425
99997 2204
99996 036
99996 1586
100000 4203
99999 8503
99999 681
99997 3374
99997 1761
99997 4415
99997 88860
99997 8434
99995 737
99995 785
99996 005
99998 26573
99995 337
99997 386
100000 6974
99995 5287
100000 4265
99996 687
99998 92679
99996 1625
99997 3691
99997 44494
99996 0708
100000 2428
99995 61567
99995 136
99998 0582
99997 083
99996 109
100000 955
99998 20650
99997 1000
99997 35874
99996 6086
99996 759
100000 693
100000 09062
99995 570
99995 240
99997 0625
99998 24882
99998 218
99999 9089
99998 271
99998 562
99996 57271
99999 554
99996 005
100000 1340
99999 89650
99999 126
99996 610
99995 610
99997 0409
99997 701
99996 848
100000 232
99996 8129
100000 27048
99997 378
99999 4264
99995 14582
99999 0231
99998 854
99998 0144
99996 76937
99995 5520
99999 207
100000 0352
99996 80439
99997 75622
100000 3607
99998 5654
99998 7998
99996 684
99999 5302
99997 54716
99998 7586
99997 5999
100000 2418
99997 40656
99997 01716
99997 8071
99998 06960
99997 2908
99996 992
