10
871 6534411521566841671419174373
131 684446920082603349231067
810 482871171544286494776899
737 7884114814756529778412980852714924584367176935548813
281 9298015303776869156105932180754616876273092527878019049925358717328529374557913
964 98437646667971834718429577290146738547504609595380329723770534442945592499115027263321494338168373
105 551309379086731037767704420003845952426355204379568062080948995371275512024932764
26 329580123922932522152804605223235
422 78812311450436681475980900220155958089896258069941672
986 988373839040676853487223291614667522321600363527208390095
