1000
99996 916
99995 15825609
99998 0595
99996 46093
99998 9252
99997 903
100000 7651705
99997 8339362
99996 9423618
99999 223
100000 0055
99997 85469602
99996 069
99998 516913
99995 1268
99998 9591
99998 088
99995 468978
99996 4550593
100000 331231
100000 538
99995 39518581
99997 328327
99997 3338977
100000 360102
99999 927
99996 70933
100000 152638
99998 4797515
99996 70424504
99996 7195011
99997 96157
99999 5658629
99997 09080
99999 9621448
99998 55090
99999 35352433
99999 46896638
99997 77202624
99999 785031
99996 725
99998 71110590
99999 0265558
100000 370274
99999 555
99996 52498
99997 140194
99999 273
99996 77324
99999 8201
99999 43099
99999 7696
100000 149334
99996 322
99998 815552
99996 6043271
99999 943
99997 41279
99998 5223
99996 296624
99997 4786620
99995 4198449
99999 3597
99998 94291
99998 681015
99998 92787132
100000 2623032
99995 27957
99995 4815981
100000 464195
100000 522
99997 583388
99999 60821650
99995 20878474
99995 246872
99995 0031240
99998 71684306
100000 822690
99998 504
99997 059850
99996 75749
100000 819993
99998 4013
99999 297964
99997 1776426
99997 711137
99997 973224
99997 9327471
99995 622
99996 3240
99995 31944741
99996 315
100000 925515
99999 044369
99998 676164
99999 6095
99997 74034311
99996 035107
99997 978
100000 7541
99997 3727181
99995 143033
99999 92620039
99999 4477
99999 7345
100000 079
99999 881
99999 11223705
100000 765177
99999 39992
99996 1649
100000 4608610
99995 2194146
99995 1896038
99997 7243
99999 7748
99998 5506526
99997 39768766
99998 44900
99995 47931
99998 0609
100000 1283144
99999 943
99999 39979272
99997 955617
99999 842474
99996 400
99998 3530326
99996 32265438
99998 98111
99995 347
99997 79266
99995 088
99995 08132758
99996 5096831
99998 67318
100000 064
99995 61194
99997 08375
99996 3628704
99999 55511156
99997 86954861
99996 891468
99996 0014
99998 117
99997 6099
99997 42946
99996 3997874
99999 7397
99995 181
99999 8311425
100000 40893694
99997 90488
99995 42986755
99999 0201
99998 899448
100000 8639
99999 99388400
100000 685230
99995 33240
99999 74994
99995 655
100000 0658036
99998 8395956
99998 9108006
99996 592
99995 206
99999 114193
99996 23859
99998 61467541
99999 360
99998 3085109
99998 68900
99997 4164199
99998 5634764
99998 7999528
99997 0889509
99998 989
99996 481
99998 58198
99997 1520207
99996 8020254
99999 89507991
99995 77262
99999 51540
99997 83140
100000 459557
99997 438
100000 48858194
99999 72944212
99995 00086800
99997 43876860
99997 17127580
99999 5427911
99996 0520
99996 31596
100000 58668
99999 003536
99995 6410
100000 090
100000 34633
99997 679
99997 57737382
99998 192
99995 5872722
100000 75207373
99997 30932508
99998 667
99998 27932
99999 87515
100000 541
99997 916
99996 602986
99998 364324
100000 2011
99997 11823119
99997 86309693
99997 2190930
99996 756
99997 018
99995 646
100000 08574704
100000 6000944
100000 221349
99998 29401775
99998 2469
99996 99988329
99999 9213
99996 72416
99998 39484209
99995 807493
99995 5609887
100000 6975
100000 633796
99999 2311
99997 005266
99997 23597
99995 7285
99998 5263935
100000 95896215
99995 27354405
99999 9506
99998 0595
99996 93787818
100000 2787
99996 8036517
99997 359
99995 9124
100000 266698
100000 55236062
99999 99661603
99999 658
99998 679259
99995 50107
99995 86390559
99998 803
99997 951
99999 54659256
100000 175845
99995 103733
100000 7752
99999 228817
99999 4254048
100000 639
99999 27376
99998 378053
100000 1815698
99995 559262
99996 465556
99999 1265
99998 40052033
99996 8402
99996 0364338
100000 8896
99999 1343
99996 060
99996 851
99996 6155046
99995 4040647
99998 02781371
99999 0415
100000 326388
99996 3728
99998 5424920
99997 411
99995 07953
99995 414329
99997 3050
99998 346178
99997 7267
99998 167
99997 45882
100000 0961
99999 715054
100000 0823333
100000 35220
99999 15993408
99996 36724
99998 062
99995 2030160
99996 003
100000 53247
100000 9718
99996 2562
99995 122954
99996 768940
99996 3850893
100000 6362154
99998 1007091
99998 138527
100000 3624
100000 001
99998 103
99997 907349
99998 9173512
99996 635121
99998 9263984
99997 57090560
100000 357711
99999 0639
99999 3072343
99995 456796
99996 40254
99997 554
99996 687337
99997 365023
99999 9585985
99999 64581640
99999 5447
99999 0064756
99998 1481
99999 4338
99996 5837089
99999 9988709
99998 14363751
99997 19560
99998 580752
99996 04858490
99997 67907189
100000 304
99997 4729539
100000 0062298
100000 9508753
99998 7045
99998 28630199
99997 544624
99999 827318
99995 38783
99996 9053323
99999 169
99996 581371
99995 9953
99995 162492
99997 0760
99999 66378
99998 218
99997 277477
99996 756
99995 867
99998 2217985
99995 38434585
99998 8587292
100000 1311
99995 273
99999 84992
99997 56125273
99995 65685
99998 480
99996 35699
99999 280
99999 216
99998 549
99997 654
100000 52294
99997 2197
99995 8505
99995 66586677
99999 21797947
100000 2159
100000 951
99998 5384
99996 33479865
99995 487
99997 59391783
99996 798
99996 5584
99997 523
99995 459
99995 2225
99997 62941
99995 65608608
99997 589
99996 79113180
100000 4337722
99997 2418
100000 382
99996 9390846
99999 95594
99999 663
99998 6478034
99996 156179
99999 3156
99999 0768800
99997 4126735
99997 7355767
99998 98105
99997 90669
99995 3305
99998 0067908
99998 1061
99995 49803449
99996 8900
99995 76634773
99995 46098527
99998 02547
99998 427
100000 72431596
99998 24608779
99995 47691
99996 01565822
99997 6334
99998 35930010
99997 259
100000 151
99995 1880819
100000 602266
99999 55777
99996 880
99998 8120
99997 1382
99997 85161153
99999 963
99995 051
99995 3701
99998 04601
100000 3940
99997 435
99998 83824407
100000 7465756
99998 3010548
99999 37591
99996 757
99996 02965
99995 547
99998 2285547
100000 620414
99999 94866200
99999 323
99997 36103
99997 1065
99997 476
100000 03079098
99995 722440
99998 25470804
99995 247
100000 89598500
99996 7037205
99999 26503
99996 33731
99996 76623
99999 19902733
99995 574051
99996 68568
99996 794
99996 778955
99997 3468083
99996 54134519
99995 186
99997 047065
99995 80693
99996 185
99996 711
99997 861
99999 54519288
99998 7995
99996 6901
99996 9857
99996 6049
100000 05612759
99996 327159
100000 923483
99996 5362104
100000 127
99995 94869
99998 756221
99998 1122
99997 2990926
99995 13129985
99998 719
99996 5233511
99996 51818535
99999 91718
99998 031
99996 626
100000 3370
99996 9513
99999 764
99996 4056890
99999 68832
99997 55126792
99997 118349
99997 13575610
99996 5204
99999 479889
100000 9487
100000 0641
99997 4607674
99995 031676
99995 2050
99998 368
99999 40267
99997 647257
99996 64247153
99996 0904438
99999 1861168
99999 70887692
99997 95284
99995 99464210
99997 3150200
99999 662066
100000 89998755
99995 4358
99998 333354
99998 5110287
99995 59639808
99998 2618
99996 0283
99996 818911
100000 45440
99999 749
99999 899
99999 0948031
99998 53969632
99995 345
99999 08374
99997 34070
99997 07307
99995 85681
100000 804479
99995 492
99997 8547
99996 2183457
99999 2904
99999 54559898
99995 403950
99996 44090
99996 721
100000 76919
100000 31203703
99996 86330
99998 398905
99995 866851
99996 8777
99998 0422022
99995 986
99995 176250
99995 58992545
99996 5966
99996 5779
99995 09466064
99998 90045
99997 859
99997 523856
100000 650
99996 96375044
99998 6069
99999 273799
99997 1124
99995 01419717
99995 18119798
99997 240487
99995 30163638
99996 47096161
99995 853519
99998 47683
99998 110
99996 571248
99995 27136275
99996 2774
99999 6096293
99995 4161228
99996 32797360
99995 2143651
99999 19356
99996 8422
100000 551152
100000 44348
99995 9782809
99999 5330
99998 7634
99997 656
99997 74616
99999 12696
99998 31221716
99995 3621
99997 1019
100000 932
100000 9459
99998 598
100000 07015
99996 03797597
100000 546709
99997 368
99999 461996
100000 759
99998 3655210
100000 07364921
99999 292
99996 379
99999 513709
99995 02163
99999 61968761
99996 047
99996 915
99999 6344
99999 307
99998 525796
99996 914
99995 272
99996 1241
99997 1619473
100000 800
99996 097527
99998 62452
99996 1652635
99998 33208723
99999 52221
99997 4672
100000 117
99997 49391811
99997 64742876
99999 380
99995 2763
99995 666911
99995 2869025
99996 391729
99997 521070
100000 82162365
99999 5173444
99998 922
100000 8445
99999 72275
99996 2263
99999 49794874
99999 92886
99998 284
99997 9068726
99995 534
99999 4768868
100000 868
99997 620583
99996 5221
99996 02066
99996 075
99999 875
99999 27184047
100000 84702659
99999 176
99996 08234
99995 204674
99998 757941
99998 5600764
99998 4052
100000 953
99999 827131
99999 042048
99998 2239
99997 02956133
99996 2150673
99995 6299
100000 057
99995 01617
99997 25553429
99997 091
100000 63293
99998 48740
100000 646
99996 54627
99999 7907
99999 88894
100000 1346
99998 0285
99997 9864440
99997 2098
99997 7451001
100000 51905
99997 51903956
99999 860
100000 13237
99995 1618090
99995 902
99998 0787605
100000 97909118
99995 81074568
100000 33099
99999 808133
99995 2035
99997 0823504
99999 9360327
100000 60745653
100000 001891
99995 9513
99997 742800
99996 474
99996 5556
99998 769655
99999 02910
100000 1145
99995 7050435
99995 948189
99997 7292
100000 36944
99995 8183559
100000 773104
100000 79857873
99995 66655
99996 9659265
99997 17046
99995 39610
99996 15632
99996 264
99998 314742
99995 03608
99997 076001
99999 28205965
99995 4189
99996 067219
100000 7391
99995 063
99997 24345430
99995 538544
99997 961704
99995 455
99999 920224
99996 092
99997 3730062
99998 375829
100000 888104
99996 254
99996 2950091
100000 121
99995 7977007
99997 4719669
100000 9897
99996 623
99996 6781
99995 004
99995 989
99999 84793
99997 7499740
99998 9268756
99997 8963329
99998 212353
99995 3423
99998 26886199
100000 87443
100000 380
99997 34179
99997 14934
99997 20462867
100000 5185359
99995 79998
99999 251736
99999 2576457
99999 73050624
99997 73271
99996 919124
99998 039
99997 87389
99996 189100
99995 15987
99995 225754
99997 8443
100000 857314
99998 309676
99995 3645
99998 3477
99996 186
99995 96671328
99996 684
100000 698
99995 810
99997 2167
99998 240
99997 955
99995 13308823
99995 70540531
99996 880
99998 908396
99999 988
99995 699607
99999 521249
99995 2699380
99996 42567
99996 047686
99995 8968438
100000 62879
99999 8883
99995 5288278
99999 1428
100000 323
99999 95790900
99997 495
99999 7184
99996 6193
99996 784
99998 947613
99998 474644
100000 1885081
99996 120324
99997 5514260
100000 3497349
100000 102310
100000 095126
99996 003
100000 231891
99997 496208
99997 53279795
99997 306052
99996 889455
100000 56860788
100000 05484789
100000 4582226
100000 7942
100000 53023269
100000 334
99995 74874337
99997 3800841
99997 1106035
99997 2962
99997 5307152
99997 2991643
99997 77025
99995 25658789
99999 9522667
99999 032012
99995 4615
99998 6949554
99999 4902230
100000 25783
99998 912
99997 02004
99995 3357701
100000 49140
99996 835575
99998 607287
99996 28625
99996 295117
100000 74890
99998 08376
99999 8788417
99999 978
99996 324455
99998 9499911
99998 63077
100000 44936739
99997 437
100000 0913
99997 476633
99995 13488802
99995 14734027
99996 024
99995 35924
99998 1810265
99999 7277765
99996 620
99997 59152
100000 7170123
99999 83616
99996 9034
99995 1841
99997 7024676
99996 44651482
99999 67803
100000 73593553
100000 9002
99999 9337
99995 72043640
99996 9930880
99998 224351
99995 21667
99996 3586629
99996 20143
99999 776455
99997 53779672
99999 24130
99999 908013
99996 0382
99999 234
99998 687647
99996 19343
100000 663788
99998 3260
99997 6062
99997 1332
99998 91294
99998 798
99996 30669
99995 658
99995 64833683
99995 6487
99999 8649
100000 9418625
99996 53475
100000 75468095
99999 28553
100000 98175
99999 79847491
99996 560
99997 11214724
99997 89574
99999 4399688
100000 0665462
99996 20928383
99995 413
99997 00007
100000 068
99997 283
99997 613057
99995 2635488
100000 284
99999 7714576
99997 7447822
99999 357172
99998 2030153
100000 514973
99998 58942
100000 73679515
99997 99180674
99998 55174325
99995 4547
99997 90598169
99998 576
99998 67756694
99999 737
99995 0817
100000 26677587
99997 52575
99998 4960
99995 27090
99996 7937191
99996 358567
99997 6216907
99999 493990
99999 6372
99997 90862260
99998 79295
99997 0188980
99996 4279403
99996 0375547
99997 096
99995 54330
99996 45529
99995 4139
99997 545
99998 659131
99995 42984
99999 456339
99998 69500
99996 3122359
100000 4060
99997 37935
99995 20387243
99996 8622262
99999 640
99995 21539
100000 960620
99996 950
99995 5739
99995 313
100000 98456
99997 0985156
100000 390
99996 7120856
100000 7546418
99996 271585
99996 225
99995 3014
99995 840783
99998 76746705
99998 106
99998 2568
99996 26479
100000 92433
99998 14516605
99999 21329
99995 5627
99996 258
99996 0768365
99995 4295
99996 601828
99995 2866854
99998 860548
99999 777653
99998 558089
100000 5437944
99998 2914
99997 748175
99997 67847384
99996 375744
