10
2 6 8
3 0 4
5 4 -2
0 0 1
7 0 -6
0 8 11
0 10 -12
0 9 14
0 0 18
0 0 -10
500
12 16
-12 -9
-6 20
19 20
19 20
7 8
20 20
4 14
13 13
-5 11
6 6
10 17
-9 15
13 17
-1 18
16 16
4 9
-10 16
3 3
4 14
-11 2
8 11
12 12
-3 6
13 13
14 19
-3 6
19 19
14 15
6 16
19 20
16 17
3 8
5 17
12 19
20 20
15 17
9 16
19 20
3 8
-13 0
10 12
19 20
-9 11
-6 16
-12 14
19 19
-4 19
14 15
9 10
1 6
-4 -3
8 9
0 12
-13 8
-19 -10
-11 14
-5 10
13 13
12 18
13 20
-13 14
1 20
-1 13
19 19
17 17
11 18
13 15
-10 19
3 18
-1 20
4 11
-19 20
-8 -7
-8 20
14 16
-9 -3
11 11
20 20
2 9
-7 1
-10 11
2 3
-13 -8
-10 5
-1 1
10 19
-19 -12
-1 12
-11 18
3 12
-11 16
-11 12
2 3
-9 8
11 20
-18 14
9 9
-6 20
-6 10
17 17
6 9
14 20
2 19
-4 6
19 19
-9 4
19 19
11 14
16 17
10 14
6 7
15 17
7 13
-1 3
16 16
14 19
5 18
8 20
9 10
-9 -1
4 18
12 12
-7 -2
9 15
3 18
9 9
6 12
-4 12
5 16
3 3
16 16
15 19
-13 -12
-13 -13
19 19
12 13
0 10
19 19
1 19
-10 -5
0 18
16 16
-12 -3
7 13
8 11
16 18
13 13
10 16
-7 -7
-5 6
-14 8
20 20
2 2
-14 5
-10 1
5 10
12 17
12 18
10 13
13 13
10 11
-3 -1
-7 -2
13 13
10 11
2 10
3 16
-13 7
19 19
7 20
15 15
-13 2
4 8
-11 -5
9 15
2 6
-5 0
11 16
-8 8
-9 -3
-9 19
-13 11
7 11
20 20
4 15
6 15
-11 -6
13 14
-15 -10
-6 5
-5 8
-9 -1
19 19
9 10
5 12
19 20
0 1
-8 9
19 20
-11 11
5 10
12 13
19 19
11 16
8 15
15 17
-12 15
3 12
9 9
6 10
9 10
17 19
9 10
1 11
6 8
4 6
5 6
20 20
16 17
16 19
-1 11
2 6
-18 12
-7 -6
10 19
15 15
-8 16
-17 -4
-1 4
18 20
2 20
19 19
11 20
-6 13
13 16
-1 -1
-4 -2
-12 2
-11 -2
-11 11
-1 6
-10 12
10 13
15 17
7 16
5 8
19 20
1 7
9 11
10 10
-5 16
4 9
-13 15
-8 6
10 13
-1 19
6 14
18 18
14 20
13 13
5 10
16 18
7 18
11 12
7 7
-4 6
-17 8
8 19
-17 18
-8 12
19 20
4 8
10 12
17 18
-5 4
5 11
-9 8
-15 14
-4 6
15 15
-1 17
-1 19
12 18
-3 5
9 14
19 20
-1 13
4 15
9 9
-10 4
-6 -1
8 10
-20 7
10 15
-9 -9
7 20
-20 -7
15 20
-19 15
-10 -10
10 12
4 17
5 5
-1 1
-4 2
9 12
-9 -7
12 13
0 9
-7 -5
12 12
-11 -11
-9 -8
5 18
-10 -6
-8 4
-10 -10
2 6
-5 -2
7 9
-1 14
-18 12
-10 2
8 16
8 8
-14 8
16 19
5 7
7 13
-10 17
14 15
-2 20
9 19
-2 6
-19 -5
0 17
0 19
17 17
-5 5
1 8
-18 0
-10 11
20 20
19 19
-1 12
13 17
-14 12
-11 17
10 13
-19 4
2 5
1 17
15 15
20 20
-11 0
13 17
-8 16
11 18
15 18
19 19
11 20
15 15
5 13
6 6
-6 6
10 10
20 20
-8 -4
-8 4
-8 10
18 18
10 12
4 18
1 13
-8 -4
1 17
16 19
5 17
-16 10
20 20
6 12
-5 16
-1 6
-4 8
0 7
-5 17
20 20
-11 -11
-9 15
15 20
19 20
16 16
7 20
3 5
-15 5
-8 11
9 13
8 19
10 12
-1 7
16 17
-9 12
-13 -8
18 19
-11 -9
9 19
-12 14
-11 -11
19 19
19 19
4 20
17 19
0 0
18 19
-9 4
5 11
8 14
2 2
19 19
6 6
-18 -11
16 17
-6 14
-5 0
2 20
5 8
12 12
-5 -4
-10 10
-10 4
10 10
6 13
20 20
1 3
2 16
-8 18
16 17
5 12
12 17
-11 1
5 5
13 15
5 5
-8 2
15 15
19 20
-7 14
3 20
15 15
0 0
-9 6
-6 10
7 12
-10 -4
-1 -1
3 9
-1 11
-4 4
13 18
2 13
-9 15
-11 15
9 18
-1 12
12 20
-17 0
-2 20
1 11
1 17
14 20
-8 -7
11 11
-11 -11
-10 -2
6 18
19 19
6 15
0 6
19 20
-3 18
18 18
-10 19
19 20
9 10
-10 -2
-20 -12
5 12
13 13
13 18
2 19
-5 9
-12 13
7 19
-18 5
4 11
12 13
-19 10
-4 -3
16 17
