100
6080 030454320416286944521690773801128720988631957667833336350166513988679982582087
12554 995462240364884336051098462782633666443120244637143282776194073604549749759248192
94862 5962921016259318488
60303 82410721811050280455034299960905452839405277206652837388134104
50419 9937004759434623870129522922742080109510376105899028337554672816
21114 56039193078435610704857968449225689483035313630656291488523647888692512758471900033887272541
71637 60907159798574846
22757 02106239193508643796694768409668644541480
16311 5491968288815498005934367731486217587382230285972436905843819789136290525089
34685 925329176602915407800270559003422953649645347669059191386167715880201923784189
19503 9483758647132969971035621334263386341070233537608359991754574805331673252900
5615 09953203496009527342683154024
34066 910716746814527125640334857732330143613116537495831093938748231523250146464043513188
78800 066909710555431067
21312 960043633798505181140017274321240551261153178538259523547266734779425904242
8556 1424555884305
72039 274461371095613641997376893879393361023329389508485383825231342548572067071416760728983624
11184 0823741085078924487839680565902726345622709047227551612062554025984273224791
10130 34293098792416
7105 05599116939382000168778073613346820442461245971933038684460711054971680499550202348664443152700650
27187 6313127924939447518898880613855141554972265999155903203530637517944249756455112302788802059161995
22459 755402381173322738287
89542 7129562748
3974 176641678163730645708027304842680139963026708639249903242155
52531 8431444
20900 953151604281388131034180541571686726939117896159661144820859777014551596
57653 708538407563102245703204187808618906095795474148597914075676988
48051 619459936071887890759445661640
61567 25318187352854478557425249216865706144238
19945 4987322429110440513815724129885577387315184517535030591155923358172991
6163 481
30260 40915579665
35547 471163897572443
81852 7070582660482836066824571408677821642465773885698
6587 64546788421879507816129828511609118522245092582531605296936912228504137589710748022868890
41708 56835833292517368
15809 167163060517199720469563
8781 6471366689721603490796503775962630454217694507066
53644 675001830229191357328030042168
91761 903303988567937777728673631154548243318375021931312654
51865 05284228042393888911741509781
29942 943084
40416 134586249172964698570952
7815 7059619107645473032971459033070782991361181541946040567342022984923381100343851095852
47586 61637370909504568565536711796643086
51285 5332709466818553160585922294810919143705019343459584212
74065 490206500447093087069384115229617176521022692009884619585984577357222177890722245266838
43786 2224068429767585596483379618085129
83072 87895839
15495 79999444836061930845086412066931501187228437508725773848522624743652588564922
47605 20414949372525445390213920755072642852687987015
27997 97990423087669
47503 209809160276908824200652
89964 9024403667102262453696218454126536887940403927152
7775 98535789288978875947600088272985349909528248475267009841305212141824092737042
26855 314208646347014139514200569747085016433775706995265585336122
2717 6708558512310621314712459306530587881
56322 297709513360074961326427644467834821541968143920968385248489103847782442042158276203878381
84084 1737713814965596237060968100
95827 5082312719244794294886862153622323155770556803844835158846629295535154666405014168774061561
9024 0696446759508668761190508329284385336824376305523299531880332270709
46576 519495908
77469 21002902179044000615579
84829 352030112834022406856407469348640123414415874792649868284332
97854 13672036784848643303497808244608571181123866490437212005
49360 543
28736 25714577578594595850410914
67393 667386969554532194223315991623892
6931 163
6367 44884388139957842126401989190406361769108114635
32966 642964479501512771616690654320272445830158
29461 6282505151214635032593050648811808105539
90746 7217133517025716328480438718244952562604183008163731812311160467155220720013728887293706148179
29799 575274358337071833255598391514293128261934378059196103811765421258762498469408488699285834
35631 9311042775378626064108007797926167645771526631716408754722924602430646301914140092541
28500 291009465525242869884983748724081097049463414410140368199930612178610085229966313101440910
12977 62021248839668692823722973331091770494319707231271209145
59175 61923049381718880172792935237753066484957241651081793
90591 8148666894532640546743173472
59836 9585622765302235
69948 7638343222178329524139513993031645247434743902635480781911317202533
47910 8688
77144 35329734608628419
42171 94691304036273
36936 253016960690730091396996968
91751 921348044914923150405702011102561118715332392
57692 440321158261661376675427088293599685101099340151354924571308035585503811
19791 2207012273951072439197574
6165 5446871010666583904943765729277829207578371732332282747496576542064979937
32334 6726765
87071 115843498239946373902
52326 5551893498896082734031193824517176633405466881516580791074
33871 3863255969325177779930703899559824452215794116484001251854
33863 2903275357817286716578587341432936251564506882023927883176547859200493842
60227 84548981785352657266773340022509255827267774154067303508
35356 00940499860416950301067514014472180711129319750415245431655355091621524944850516620881758864
16091 3907454234827859834420559596187709225903963328214808070246116326012590733
39898 9480834695667233846840043697885610849712382413469604824045
74547 6580701089554168651288188295625715274226789537766495
60599 9239521625607227105014725386122881
