30 10
32 60 50 80 99 24 0 11 14 96
22 7 14 14 24 25 12 8 5 2
0 24 29 5 19 14 20 11 1 10
12 16 30 26 12 27 20 14 8 0
12 4 24 24 12 9 13 7 22 15
23 21 8 18 1 5 7 9 7 5
12 5 18 24 30 19 3 29 16 27
25 4 6 23 11 10 2 15 16 12
16 1 18 10 15 19 1 21 17 17
8 4 26 8 1 2 4 6 0 1
11 17 11 30 10 29 25 20 19 19
25 30 18 13 24 19 24 7 24 9
1 14 10 30 4 25 1 25 5 14
7 8 28 4 4 29 28 24 15 13
21 0 23 29 8 15 16 19 22 25
11 4 7 26 13 29 4 10 8 11
5 7 28 9 5 13 9 2 7 30
10 8 26 29 17 7 1 1 18 24
10 0 21 28 1 10 9 6 22 15
28 6 19 23 28 12 27 21 20 3
12 15 27 26 3 21 24 17 9 9
3 4 14 29 7 20 2 17 20 16
4 7 1 24 2 17 2 7 21 14
7 6 10 18 23 19 20 9 8 1
22 2 17 6 2 23 14 29 7 28
1 5 26 0 14 22 3 13 28 2
19 12 12 6 7 30 3 26 1 21
11 13 29 15 27 10 12 22 5 24
9 23 26 8 27 13 6 1 12 23
26 10 16 28 7 29 30 22 19 4
16 13 2 0 13 3 1 22 30 15
0 8 9 10 9 1 1 0 7 4 4 0 6 2 6 4 6 9 4 10 1 0 1 5 3 2 3 0 2 2
8 0 8 0 10 6 4 9 10 2 6 4 4 4 9 6 0 1 7 0 0 6 0 1 6 5 5 7 10 2
9 8 0 8 9 2 1 6 7 7 5 5 2 3 6 5 6 3 5 9 7 10 8 7 8 4 10 5 6 6
10 0 8 0 2 3 1 9 0 2 4 10 7 0 0 5 5 4 8 9 9 6 2 10 7 2 9 7 1 10
9 10 9 2 0 4 5 2 4 9 4 7 9 10 6 10 8 3 7 6 2 2 3 8 7 7 8 1 3 8
1 6 2 3 4 0 4 8 4 6 2 2 4 5 9 8 2 7 8 1 10 8 3 1 3 7 9 6 1 5
1 4 1 1 5 4 0 6 6 8 4 4 8 7 7 0 7 3 1 8 4 4 3 6 9 10 10 7 0 3
0 9 6 9 2 8 6 0 2 3 6 7 5 4 10 0 6 0 3 8 4 4 5 4 5 10 0 0 2 10
7 10 7 0 4 4 6 2 0 8 5 5 8 1 1 5 7 10 4 3 2 7 6 2 5 9 1 2 9 0
4 2 7 2 9 6 8 3 8 0 1 9 6 10 9 6 3 5 5 10 1 10 10 8 7 0 7 8 6 1
4 6 5 4 4 2 4 6 5 1 0 7 6 0 0 6 6 6 7 3 1 10 9 6 2 0 1 2 10 0
0 4 5 10 7 2 4 7 5 9 7 0 9 6 1 2 8 1 7 4 0 4 3 1 2 5 2 2 4 0
6 4 2 7 9 4 8 5 8 6 6 9 0 0 2 10 4 3 0 4 3 1 6 5 4 10 8 3 3 8
2 4 3 0 10 5 7 4 1 10 0 6 0 0 6 9 4 0 3 5 1 9 4 0 8 10 10 10 5 7
6 9 6 0 6 9 7 10 1 9 0 1 2 6 0 8 0 8 7 3 0 8 4 9 2 1 3 8 6 9
4 6 5 5 10 8 0 0 5 6 6 2 10 9 8 0 0 4 3 7 3 3 8 3 3 7 5 2 8 1
6 0 6 5 8 2 7 6 7 3 6 8 4 4 0 0 0 0 6 5 8 5 2 6 3 10 7 5 3 9
9 1 3 4 3 7 3 0 10 5 6 1 3 0 8 4 0 0 10 6 9 0 0 10 2 5 3 10 0 0
4 7 5 8 7 8 1 3 4 5 7 7 0 3 7 3 6 10 0 9 2 9 6 3 9 0 10 2 4 8
10 0 9 9 6 1 8 8 3 10 3 4 4 5 3 7 5 6 9 0 0 6 1 9 3 5 2 3 10 4
1 0 7 9 2 10 4 4 2 1 1 0 3 1 0 3 8 9 2 0 0 4 0 8 8 7 9 1 5 0
0 6 10 6 2 8 4 4 7 10 10 4 1 9 8 3 5 0 9 6 4 0 5 10 3 9 6 6 3 2
1 0 8 2 3 3 3 5 6 10 9 3 6 4 4 8 2 0 6 1 0 5 0 10 4 10 1 8 3 9
5 1 7 10 8 1 6 4 2 8 6 1 5 0 9 3 6 10 3 9 8 10 10 0 0 5 0 7 3 0
3 6 8 7 7 3 9 5 5 7 2 2 4 8 2 3 3 2 9 3 8 3 4 0 0 0 9 8 1 9
2 5 4 2 7 7 10 10 9 0 0 5 10 10 1 7 10 5 0 5 7 9 10 5 0 0 10 9 6 5
3 5 10 9 8 9 10 0 1 7 1 2 8 10 3 5 7 3 10 2 9 6 1 0 9 10 0 5 7 1
0 7 5 7 1 6 7 0 2 8 2 2 3 10 8 2 5 10 2 3 1 6 8 7 8 9 5 0 7 3
2 10 6 1 3 1 0 2 9 6 10 4 3 5 6 8 3 0 4 10 5 3 3 3 1 6 7 7 0 7
2 2 6 10 8 5 3 10 0 1 0 0 8 7 9 1 9 0 8 4 0 2 9 0 9 5 1 3 7 0
