1 2
2 1
3 2002
4 1
5 3
6 2
7 3
8 2000
9 3
10 1
11 2
12 2
13 1
14 1
15 2003
16 2
17 2
18 1
19 1
20 1
21 4
22 0
23 1
24 2002
25 2
26 0
27 2
28 1
29 2
30 2
31 2
32 2
33 4
34 1
35 2000
36 1
37 0
38 0
39 4
40 4
41 1
42 1
43 1
44 0
45 3
46 0
47 1
48 2001
49 1
50 0
51 3
52 0
53 0
54 0
55 2
56 3
57 2
58 0
59 1
60 2
61 1
62 1
63 2001
64 1
65 3
66 2
67 0
68 1
69 4
70 0
71 1
72 4
73 1
74 0
75 3
76 0
77 1
78 1
79 1
80 2000
81 2
82 0
83 1
84 1
85 2
86 0
87 2
88 2
89 0
90 1
91 2
92 0
93 1
94 0
95 2
96 3
97 0
98 0
99 2001
100 0