43 1621 4570 1621 -14044
1621 4570
-2928 4392
-4116 4324
-5591 4140
-6041 4017
-6999 3740
-8546 2740
-9158 2298
-9778 1715
-10840 681
-11081 358
-11780 -1613
-11903 -2047
-12177 -3160
-12250 -3728
-12218 -4677
-11978 -5365
-11611 -6021
-10685 -7611
-10003 -8722
-9051 -10248
-7994 -11672
-6955 -12437
-5469 -13110
-4949 -13270
-2912 -13576
-1403 -13755
-278 -13877
1897 -14069
3072 -14158
3864 -14152
4972 -13753
7276 -12718
8746 -11020
9825 -9285
10740 -6575
10954 -5675
11016 -4061
10487 465
9226 2572
8581 3582
8145 3770
5015 4281
