50 50
9965 5883 1585 6982 9422 7859 7313 3348 8380 8940 4398 3834 2796 29 7163 4825 8365 5327 4851 3742 86 183 1098 2326 7339 6995 4975 6558 9731 2035 4893 2930 9764 1495 5055 5812 6513 8215 130 317 5662 8215 9649 5205 8443 3438 4717 9654 3 3379
24 18 48 37 2 5 38 37 31 41 14 34 36 31 15 40 10 14 43 15 44 25 30 29 31 42 22 28 31 36 16 2 38 10 28 36 42 30 44 46 45 48 24 50 46 15 33 19 7 5
35 46 33 44 16 38 7 34 11 43 47 30 1 10 20 19 24 50 35 50 43 46 30 45 29 50 26 49 31 49 42 13 4 43 39 26 45 6 3 13 25 21 6 43 21 30 31 34 42 26
27 0 15 24 39 28 7 22 28 7 2 47 6 26 44 29 8 25 44 23 31 18 45 47 18 34 37 36 34 11 15 33 28 8 27 33 50 37 28 33 14 13 38 2 15 26 17 13 7 5
10 8 23 12 31 41 39 24 36 4 9 20 31 11 12 17 47 33 9 35 8 30 37 40 22 26 11 32 13 28 18 14 12 2 33 5 19 23 22 20 24 41 42 47 9 12 19 13 26 23
28 14 26 21 3 32 25 43 48 13 20 8 50 6 3 42 49 41 19 14 36 41 43 15 45 32 12 38 13 33 5 1 49 7 5 24 11 45 3 35 38 49 0 27 6 1 17 44 4 46
40 21 23 5 29 2 4 18 37 36 12 7 21 6 25 48 29 48 39 0 2 48 44 21 46 49 38 48 22 41 7 38 17 25 22 45 30 38 2 41 41 8 24 12 30 31 16 5 33 38
33 46 34 14 21 17 29 42 42 40 46 48 38 15 18 23 21 18 41 35 36 25 45 48 3 9 9 37 19 8 15 16 34 12 48 6 15 48 22 22 49 17 46 18 13 18 23 33 17 10
8 36 8 37 21 17 7 50 28 8 20 49 41 16 40 19 49 44 40 13 44 39 38 23 26 42 48 40 33 7 31 43 33 14 16 50 7 35 9 21 49 14 32 39 15 4 5 16 1 25
45 22 5 7 44 20 42 39 7 14 24 49 6 0 7 37 45 27 10 29 16 34 42 37 43 30 20 9 3 3 12 36 29 50 22 32 45 29 19 2 35 24 31 10 35 11 41 5 42 9
6 35 27 17 46 21 11 4 50 6 50 34 23 41 11 34 3 18 18 7 39 20 9 29 6 32 16 27 42 3 35 2 50 0 7 30 22 7 6 28 17 26 11 43 29 18 49 49 48 20
41 29 11 11 37 45 12 12 46 27 19 30 12 0 2 49 10 30 5 31 32 39 23 8 49 17 5 1 5 16 41 31 22 25 41 32 24 26 33 20 45 8 29 32 23 47 16 16 14 18
13 3 13 12 23 3 20 13 42 0 32 19 21 41 1 50 0 48 9 29 34 2 27 17 25 22 28 6 3 50 36 14 17 32 7 0 11 48 25 37 40 45 37 41 34 36 47 5 0 13
17 47 0 0 42 12 3 28 6 49 9 39 41 0 7 15 46 43 1 12 16 21 46 1 45 23 37 14 24 6 2 18 29 22 36 4 8 6 18 48 30 34 12 26 12 3 29 22 11 15
17 21 4 46 12 36 49 49 19 33 48 3 28 34 3 40 0 6 19 13 50 7 40 20 23 15 45 50 17 49 23 13 18 0 10 31 32 27 38 17 16 5 8 45 30 25 8 48 2 33
8 9 18 34 42 2 9 6 38 31 8 10 46 2 24 19 7 39 25 50 14 10 16 8 6 33 21 8 24 50 35 45 22 34 44 44 9 48 11 41 42 6 18 43 34 8 25 45 7 31
6 9 31 28 13 23 6 25 25 49 39 48 41 31 23 44 12 35 46 26 32 16 5 29 45 44 34 49 0 24 46 12 25 21 18 49 0 31 9 30 21 0 23 32 40 18 45 24 1 15
27 9 37 20 40 1 25 49 14 25 36 26 24 45 34 17 11 47 39 31 16 11 10 32 30 36 36 5 17 10 34 46 38 6 6 40 2 25 34 26 35 9 33 35 13 5 43 13 43 11
38 31 2 10 16 46 33 34 28 29 2 32 20 9 49 12 26 4 42 12 19 49 29 14 36 2 5 16 1 49 26 41 29 31 48 30 23 2 11 16 6 17 26 16 17 30 7 17 2 29
27 27 23 22 17 7 5 35 29 9 17 45 42 40 41 19 45 39 2 49 4 13 24 21 17 32 15 17 34 2 6 50 29 30 5 13 2 20 9 33 43 22 21 33 25 13 35 23 16 30
21 48 39 43 9 40 15 49 4 42 49 11 37 49 32 4 9 26 21 2 7 27 32 3 26 18 50 6 45 14 44 33 31 38 8 19 19 7 44 41 26 9 28 2 1 9 8 7 42 15
24 38 23 50 43 11 33 28 1 40 41 27 13 2 12 6 48 34 20 26 47 45 27 34 29 39 34 27 41 11 24 46 33 47 30 22 20 18 19 9 11 25 15 17 32 2 46 35 49 7
3 25 34 35 19 34 41 49 21 17 6 17 25 39 50 4 28 37 47 40 40 44 10 29 36 3 42 7 3 9 40 30 45 5 9 27 30 41 8 4 3 28 16 6 7 13 19 33 9 19
22 49 46 1 14 12 7 34 25 41 9 29 29 25 17 24 5 23 46 22 2 25 37 0 10 46 41 48 41 6 41 32 19 27 7 48 15 14 26 10 18 19 48 4 31 5 13 46 48 13
41 46 37 10 16 1 4 31 47 45 29 38 50 5 42 35 37 31 11 24 20 50 46 2 33 3 2 47 11 23 5 19 43 4 43 29 13 41 8 37 46 35 12 43 1 11 21 25 1 29
29 33 12 17 11 30 3 10 11 7 18 11 11 30 4 13 13 6 19 11 29 12 25 40 6 30 2 27 16 31 36 5 14 16 15 28 44 26 15 10 8 41 22 33 9 28 44 35 23 7
41 35 42 28 19 25 16 12 29 7 48 31 39 32 2 46 19 39 6 22 33 35 26 45 46 25 0 46 35 31 8 42 7 0 1 27 9 21 32 38 1 36 25 13 3 40 38 38 43 37
4 34 11 15 16 23 34 27 12 27 9 47 42 39 9 5 38 38 4 44 48 28 24 47 27 44 18 26 1 46 26 2 7 16 47 3 49 17 26 11 4 15 9 38 7 37 9 1 26 38
16 44 25 24 17 0 16 41 47 45 34 32 5 25 31 28 19 50 49 26 3 24 21 8 2 25 40 24 23 49 32 1 27 21 44 21 25 46 6 22 3 3 40 16 0 28 18 20 13 5
24 35 44 19 20 33 47 48 4 32 16 26 35 29 42 13 50 16 8 16 37 47 2 34 23 33 22 10 22 48 13 12 38 36 42 28 23 12 47 50 29 49 48 50 13 5 31 15 29 11
39 26 28 33 24 31 6 21 50 46 23 11 41 47 41 1 41 2 20 25 48 46 43 43 8 45 5 20 39 38 38 21 33 38 20 20 41 41 28 47 3 42 3 8 16 40 37 45 22 5
28 39 9 26 1 17 47 45 34 6 9 36 27 38 25 47 14 8 8 26 27 18 4 1 46 18 28 44 31 25 23 37 26 31 41 46 34 46 46 9 32 27 20 28 11 7 48 28 1 44
47 25 19 11 12 43 9 10 38 33 19 23 32 38 37 10 28 5 4 15 36 34 43 7 35 41 35 0 19 37 41 48 41 50 6 41 46 26 21 15 27 30 17 33 35 27 43 23 42 26
0 24 11 2 19 49 50 42 18 25 48 26 46 32 21 40 33 42 39 9 5 2 25 2 4 1 10 43 6 11 45 15 4 1 33 38 9 4 38 40 5 42 19 21 2 19 43 13 30 39
15 14 9 6 14 48 1 31 5 21 5 10 35 22 46 38 0 13 44 5 33 38 31 8 11 4 26 18 23 12 14 10 11 39 38 19 45 49 6 33 39 48 1 43 28 50 6 7 47 17
4 42 38 43 6 12 13 37 8 40 21 47 45 40 40 19 21 8 29 27 7 40 33 45 25 30 27 28 16 29 49 6 5 43 13 25 9 20 11 15 34 43 33 40 35 30 50 0 40 42
40 32 14 27 40 41 2 43 18 49 20 13 3 0 43 2 26 2 49 28 12 14 46 31 6 24 14 35 46 31 27 20 49 8 28 34 30 19 27 7 3 13 3 25 8 27 14 5 36 33
46 29 45 11 3 31 49 15 35 3 43 8 33 37 7 48 50 19 46 46 28 15 41 50 6 23 50 5 44 44 21 28 38 40 25 27 26 42 5 42 24 38 0 48 8 26 23 44 7 26
1 37 24 43 10 19 5 43 12 26 15 42 46 15 14 35 14 23 20 15 32 20 21 46 7 49 40 36 5 1 44 48 32 18 31 48 4 31 16 35 37 43 2 2 16 43 13 12 48 33
31 6 5 13 13 2 6 0 47 13 1 14 50 6 20 11 26 50 28 2 44 39 18 50 43 38 26 46 1 43 6 11 31 19 40 13 24 3 17 29 9 8 35 31 20 25 22 50 31 16
41 39 38 46 24 32 13 48 23 43 44 41 10 9 19 0 6 44 5 6 26 27 8 31 20 41 2 26 40 26 19 10 11 10 11 42 2 1 6 41 19 44 7 29 23 35 12 41 11 37
29 44 38 28 0 39 42 34 5 14 19 7 20 34 16 38 9 43 39 37 33 1 15 22 42 31 11 41 8 8 4 7 32 36 36 0 33 30 18 22 47 11 15 33 47 1 16 36 39 31
3 6 19 28 41 47 15 8 38 1 43 41 17 3 9 33 23 40 30 18 27 36 21 0 14 46 50 46 17 36 21 15 48 2 47 31 45 42 12 22 24 31 35 36 13 17 2 49 10 47
32 43 11 39 26 0 44 30 39 39 23 36 35 35 33 41 25 10 29 42 27 10 23 49 40 32 12 17 27 6 28 28 17 28 48 0 29 23 33 24 48 6 49 25 17 11 21 39 36 40
10 6 10 37 2 14 49 41 2 3 19 15 49 21 13 4 33 30 2 30 9 3 21 23 32 8 33 36 34 2 9 34 34 4 12 1 36 30 31 12 50 48 14 26 38 0 23 7 21 41
50 35 24 29 37 9 16 44 11 31 9 42 3 47 22 14 22 2 4 11 4 2 28 37 45 48 35 12 28 8 22 40 5 18 30 10 36 6 2 14 32 32 2 16 25 21 3 1 25 38
19 2 25 4 32 50 30 41 21 27 23 31 15 3 27 44 17 0 5 20 9 42 3 8 49 17 11 4 27 3 25 29 10 7 6 1 31 48 46 43 12 32 33 18 50 38 1 8 42 46
14 39 46 4 37 5 28 26 1 7 22 46 19 34 11 20 22 39 39 23 44 1 11 47 41 29 42 37 3 22 16 35 21 49 30 8 50 27 41 5 49 33 22 8 6 4 15 18 30 35
26 34 37 41 43 27 10 5 3 27 36 23 47 21 39 48 49 16 8 22 42 22 47 23 25 13 20 45 19 6 40 19 36 48 33 50 40 14 29 46 18 17 2 17 41 30 27 50 21 42
29 0 40 28 21 4 23 23 6 1 17 44 5 4 28 2 50 38 15 39 39 12 16 34 17 7 33 14 9 9 33 26 50 30 27 42 6 38 19 45 17 31 5 29 25 35 8 20 47 45
13 48 0 24 24 28 31 18 27 32 11 40 24 5 37 44 21 42 1 7 28 36 15 11 47 42 20 0 31 0 47 23 19 16 32 39 21 42 3 39 37 37 46 23 6 48 30 43 23 40
0 0 0 0 0 0 0 0 0 0 0 0 0 0 0 0 0 0 0 0 0 0 0 0 0 0 0 0 0 0 0 0 0 0 0 0 0 0 0 0 0 0 0 0 0 0 0 0 0 0
0 0 0 0 0 0 0 0 0 0 0 0 0 0 0 0 0 0 0 0 0 0 0 0 0 0 0 0 0 0 0 0 0 0 0 0 0 0 0 0 0 0 0 0 0 0 0 0 0 0
0 0 0 0 0 0 0 0 0 0 0 0 0 0 0 0 0 0 0 0 0 0 0 0 0 0 0 0 0 0 0 0 0 0 0 0 0 0 0 0 0 0 0 0 0 0 0 0 0 0
0 0 0 0 0 0 0 0 0 0 0 0 0 0 0 0 0 0 0 0 0 0 0 0 0 0 0 0 0 0 0 0 0 0 0 0 0 0 0 0 0 0 0 0 0 0 0 0 0 0
0 0 0 0 0 0 0 0 0 0 0 0 0 0 0 0 0 0 0 0 0 0 0 0 0 0 0 0 0 0 0 0 0 0 0 0 0 0 0 0 0 0 0 0 0 0 0 0 0 0
0 0 0 0 0 0 0 0 0 0 0 0 0 0 0 0 0 0 0 0 0 0 0 0 0 0 0 0 0 0 0 0 0 0 0 0 0 0 0 0 0 0 0 0 0 0 0 0 0 0
0 0 0 0 0 0 0 0 0 0 0 0 0 0 0 0 0 0 0 0 0 0 0 0 0 0 0 0 0 0 0 0 0 0 0 0 0 0 0 0 0 0 0 0 0 0 0 0 0 0
0 0 0 0 0 0 0 0 0 0 0 0 0 0 0 0 0 0 0 0 0 0 0 0 0 0 0 0 0 0 0 0 0 0 0 0 0 0 0 0 0 0 0 0 0 0 0 0 0 0
0 0 0 0 0 0 0 0 0 0 0 0 0 0 0 0 0 0 0 0 0 0 0 0 0 0 0 0 0 0 0 0 0 0 0 0 0 0 0 0 0 0 0 0 0 0 0 0 0 0
0 0 0 0 0 0 0 0 0 0 0 0 0 0 0 0 0 0 0 0 0 0 0 0 0 0 0 0 0 0 0 0 0 0 0 0 0 0 0 0 0 0 0 0 0 0 0 0 0 0
0 0 0 0 0 0 0 0 0 0 0 0 0 0 0 0 0 0 0 0 0 0 0 0 0 0 0 0 0 0 0 0 0 0 0 0 0 0 0 0 0 0 0 0 0 0 0 0 0 0
0 0 0 0 0 0 0 0 0 0 0 0 0 0 0 0 0 0 0 0 0 0 0 0 0 0 0 0 0 0 0 0 0 0 0 0 0 0 0 0 0 0 0 0 0 0 0 0 0 0
0 0 0 0 0 0 0 0 0 0 0 0 0 0 0 0 0 0 0 0 0 0 0 0 0 0 0 0 0 0 0 0 0 0 0 0 0 0 0 0 0 0 0 0 0 0 0 0 0 0
0 0 0 0 0 0 0 0 0 0 0 0 0 0 0 0 0 0 0 0 0 0 0 0 0 0 0 0 0 0 0 0 0 0 0 0 0 0 0 0 0 0 0 0 0 0 0 0 0 0
0 0 0 0 0 0 0 0 0 0 0 0 0 0 0 0 0 0 0 0 0 0 0 0 0 0 0 0 0 0 0 0 0 0 0 0 0 0 0 0 0 0 0 0 0 0 0 0 0 0
0 0 0 0 0 0 0 0 0 0 0 0 0 0 0 0 0 0 0 0 0 0 0 0 0 0 0 0 0 0 0 0 0 0 0 0 0 0 0 0 0 0 0 0 0 0 0 0 0 0
0 0 0 0 0 0 0 0 0 0 0 0 0 0 0 0 0 0 0 0 0 0 0 0 0 0 0 0 0 0 0 0 0 0 0 0 0 0 0 0 0 0 0 0 0 0 0 0 0 0
0 0 0 0 0 0 0 0 0 0 0 0 0 0 0 0 0 0 0 0 0 0 0 0 0 0 0 0 0 0 0 0 0 0 0 0 0 0 0 0 0 0 0 0 0 0 0 0 0 0
0 0 0 0 0 0 0 0 0 0 0 0 0 0 0 0 0 0 0 0 0 0 0 0 0 0 0 0 0 0 0 0 0 0 0 0 0 0 0 0 0 0 0 0 0 0 0 0 0 0
0 0 0 0 0 0 0 0 0 0 0 0 0 0 0 0 0 0 0 0 0 0 0 0 0 0 0 0 0 0 0 0 0 0 0 0 0 0 0 0 0 0 0 0 0 0 0 0 0 0
0 0 0 0 0 0 0 0 0 0 0 0 0 0 0 0 0 0 0 0 0 0 0 0 0 0 0 0 0 0 0 0 0 0 0 0 0 0 0 0 0 0 0 0 0 0 0 0 0 0
0 0 0 0 0 0 0 0 0 0 0 0 0 0 0 0 0 0 0 0 0 0 0 0 0 0 0 0 0 0 0 0 0 0 0 0 0 0 0 0 0 0 0 0 0 0 0 0 0 0
0 0 0 0 0 0 0 0 0 0 0 0 0 0 0 0 0 0 0 0 0 0 0 0 0 0 0 0 0 0 0 0 0 0 0 0 0 0 0 0 0 0 0 0 0 0 0 0 0 0
0 0 0 0 0 0 0 0 0 0 0 0 0 0 0 0 0 0 0 0 0 0 0 0 0 0 0 0 0 0 0 0 0 0 0 0 0 0 0 0 0 0 0 0 0 0 0 0 0 0
0 0 0 0 0 0 0 0 0 0 0 0 0 0 0 0 0 0 0 0 0 0 0 0 0 0 0 0 0 0 0 0 0 0 0 0 0 0 0 0 0 0 0 0 0 0 0 0 0 0
0 0 0 0 0 0 0 0 0 0 0 0 0 0 0 0 0 0 0 0 0 0 0 0 0 0 0 0 0 0 0 0 0 0 0 0 0 0 0 0 0 0 0 0 0 0 0 0 0 0
0 0 0 0 0 0 0 0 0 0 0 0 0 0 0 0 0 0 0 0 0 0 0 0 0 0 0 0 0 0 0 0 0 0 0 0 0 0 0 0 0 0 0 0 0 0 0 0 0 0
0 0 0 0 0 0 0 0 0 0 0 0 0 0 0 0 0 0 0 0 0 0 0 0 0 0 0 0 0 0 0 0 0 0 0 0 0 0 0 0 0 0 0 0 0 0 0 0 0 0
0 0 0 0 0 0 0 0 0 0 0 0 0 0 0 0 0 0 0 0 0 0 0 0 0 0 0 0 0 0 0 0 0 0 0 0 0 0 0 0 0 0 0 0 0 0 0 0 0 0
0 0 0 0 0 0 0 0 0 0 0 0 0 0 0 0 0 0 0 0 0 0 0 0 0 0 0 0 0 0 0 0 0 0 0 0 0 0 0 0 0 0 0 0 0 0 0 0 0 0
0 0 0 0 0 0 0 0 0 0 0 0 0 0 0 0 0 0 0 0 0 0 0 0 0 0 0 0 0 0 0 0 0 0 0 0 0 0 0 0 0 0 0 0 0 0 0 0 0 0
0 0 0 0 0 0 0 0 0 0 0 0 0 0 0 0 0 0 0 0 0 0 0 0 0 0 0 0 0 0 0 0 0 0 0 0 0 0 0 0 0 0 0 0 0 0 0 0 0 0
0 0 0 0 0 0 0 0 0 0 0 0 0 0 0 0 0 0 0 0 0 0 0 0 0 0 0 0 0 0 0 0 0 0 0 0 0 0 0 0 0 0 0 0 0 0 0 0 0 0
0 0 0 0 0 0 0 0 0 0 0 0 0 0 0 0 0 0 0 0 0 0 0 0 0 0 0 0 0 0 0 0 0 0 0 0 0 0 0 0 0 0 0 0 0 0 0 0 0 0
0 0 0 0 0 0 0 0 0 0 0 0 0 0 0 0 0 0 0 0 0 0 0 0 0 0 0 0 0 0 0 0 0 0 0 0 0 0 0 0 0 0 0 0 0 0 0 0 0 0
0 0 0 0 0 0 0 0 0 0 0 0 0 0 0 0 0 0 0 0 0 0 0 0 0 0 0 0 0 0 0 0 0 0 0 0 0 0 0 0 0 0 0 0 0 0 0 0 0 0
0 0 0 0 0 0 0 0 0 0 0 0 0 0 0 0 0 0 0 0 0 0 0 0 0 0 0 0 0 0 0 0 0 0 0 0 0 0 0 0 0 0 0 0 0 0 0 0 0 0
0 0 0 0 0 0 0 0 0 0 0 0 0 0 0 0 0 0 0 0 0 0 0 0 0 0 0 0 0 0 0 0 0 0 0 0 0 0 0 0 0 0 0 0 0 0 0 0 0 0
0 0 0 0 0 0 0 0 0 0 0 0 0 0 0 0 0 0 0 0 0 0 0 0 0 0 0 0 0 0 0 0 0 0 0 0 0 0 0 0 0 0 0 0 0 0 0 0 0 0
0 0 0 0 0 0 0 0 0 0 0 0 0 0 0 0 0 0 0 0 0 0 0 0 0 0 0 0 0 0 0 0 0 0 0 0 0 0 0 0 0 0 0 0 0 0 0 0 0 0
0 0 0 0 0 0 0 0 0 0 0 0 0 0 0 0 0 0 0 0 0 0 0 0 0 0 0 0 0 0 0 0 0 0 0 0 0 0 0 0 0 0 0 0 0 0 0 0 0 0
0 0 0 0 0 0 0 0 0 0 0 0 0 0 0 0 0 0 0 0 0 0 0 0 0 0 0 0 0 0 0 0 0 0 0 0 0 0 0 0 0 0 0 0 0 0 0 0 0 0
0 0 0 0 0 0 0 0 0 0 0 0 0 0 0 0 0 0 0 0 0 0 0 0 0 0 0 0 0 0 0 0 0 0 0 0 0 0 0 0 0 0 0 0 0 0 0 0 0 0
0 0 0 0 0 0 0 0 0 0 0 0 0 0 0 0 0 0 0 0 0 0 0 0 0 0 0 0 0 0 0 0 0 0 0 0 0 0 0 0 0 0 0 0 0 0 0 0 0 0
0 0 0 0 0 0 0 0 0 0 0 0 0 0 0 0 0 0 0 0 0 0 0 0 0 0 0 0 0 0 0 0 0 0 0 0 0 0 0 0 0 0 0 0 0 0 0 0 0 0
0 0 0 0 0 0 0 0 0 0 0 0 0 0 0 0 0 0 0 0 0 0 0 0 0 0 0 0 0 0 0 0 0 0 0 0 0 0 0 0 0 0 0 0 0 0 0 0 0 0
0 0 0 0 0 0 0 0 0 0 0 0 0 0 0 0 0 0 0 0 0 0 0 0 0 0 0 0 0 0 0 0 0 0 0 0 0 0 0 0 0 0 0 0 0 0 0 0 0 0
0 0 0 0 0 0 0 0 0 0 0 0 0 0 0 0 0 0 0 0 0 0 0 0 0 0 0 0 0 0 0 0 0 0 0 0 0 0 0 0 0 0 0 0 0 0 0 0 0 0
0 0 0 0 0 0 0 0 0 0 0 0 0 0 0 0 0 0 0 0 0 0 0 0 0 0 0 0 0 0 0 0 0 0 0 0 0 0 0 0 0 0 0 0 0 0 0 0 0 0
0 0 0 0 0 0 0 0 0 0 0 0 0 0 0 0 0 0 0 0 0 0 0 0 0 0 0 0 0 0 0 0 0 0 0 0 0 0 0 0 0 0 0 0 0 0 0 0 0 0
