1000
99996 611
99997 1009
99999 53165
100000 228
99998 05150
99997 976402
99999 62826
99998 146761
100000 5216
99999 9119
99995 540
99996 316674
99998 825
99995 46633
99995 63771
99995 212549
99999 989495
99996 271
99997 394
99995 581094
99999 12681
99996 14785
99996 9052
100000 228
99998 5734
99996 6608
99996 999144
99995 630524
100000 02848
99997 101
99997 382
99997 7233
99997 913
99996 925541
99997 013
99999 338
99998 764120
99998 90100
100000 9447
99999 93856
99998 834
99996 7979
99997 0919
99998 225
99995 41981
99997 415411
99997 585577
100000 093839
99998 376
99996 85704
99999 572547
99997 15513
99996 949681
99998 816
100000 185
99999 0761
100000 502
99999 326
99995 7633
99999 157
99998 156
99998 85401
99996 958
100000 38278
99998 848
99998 263880
99995 231
99995 5524
99998 12914
100000 58592
99999 847704
99996 37930
100000 91710
99999 174895
99996 819
99997 1402
99996 054
99997 411495
99995 389464
99997 925
99998 5766
99997 625
99997 653643
99998 719409
99998 8829
99995 5569
99996 888
99995 72659
100000 063
99995 8796
100000 77929
99999 76997
100000 93572
99998 9532
100000 084168
100000 30808
99997 134
99998 090
99995 6572
100000 729984
99997 29306
99999 3327
99999 740525
99999 9825
99999 2589
99998 171064
100000 402697
99995 19232
99996 33228
100000 671
99995 02589
99998 53200
99999 888
100000 14345
99999 434
99998 300
99998 03651
99998 76981
99999 4850
99999 31212
100000 753695
99998 77514
99998 1791
100000 65375
99999 348926
99999 521
99998 5953
99995 363127
99998 568047
99995 6425
100000 524
99999 6202
100000 307
99999 480026
99995 52937
100000 3333
99997 16253
99996 4867
99999 749
99995 2892
100000 1446
99995 83137
99999 02877
99999 654
99995 6351
99996 31767
100000 3680
99997 2002
99999 42346
100000 3669
99998 316392
100000 785
99997 162
99997 8119
99995 904447
99996 87130
99995 0509
99997 182
100000 981024
100000 4032
99998 341820
99996 92794
99997 10196
99999 11118
99995 175839
99997 828
100000 1226
99998 975
100000 73014
99995 892
99996 8975
99996 306520
99997 311
99999 178018
99997 67373
99999 24026
99997 9159
100000 680
99996 2524
99997 596887
99995 543553
99995 10908
99997 1091
99998 79802
99999 51557
99995 60039
99998 074000
99999 7230
99995 7725
99999 2383
99999 041
99998 995659
100000 2409
99995 6894
99998 2206
99996 057342
99999 100
100000 444444
99995 470
100000 078
99998 94510
99999 446101
99996 78572
99998 413
99997 26851
99995 290684
99999 843
99996 457305
99999 90363
99998 614
99995 27435
99995 399154
99998 60547
99996 3203
100000 273900
100000 1888
99996 07433
99995 7736
99998 162120
99995 057
99998 6792
100000 1847
99997 058
99995 821646
99997 971
99997 493453
99996 64236
99998 813348
99995 3531
99996 329237
100000 4313
99998 28973
99995 212955
99996 7213
100000 5732
99996 619
99995 9009
99995 56123
99995 526
99995 331300
99995 3939
99995 622
100000 0964
99995 5152
99996 4396
100000 1581
99999 7591
100000 736109
99998 861935
99995 483116
99997 03537
99998 77931
99998 410
99999 666146
99998 48806
99998 037
100000 809540
99996 7054
100000 777
99996 3092
99996 560801
99995 306935
100000 25794
99997 728
99999 250
99996 258
100000 432290
99995 4165
99999 06668
99995 852272
99998 7920
99995 757
99996 043284
99998 46186
99998 622930
99999 107
99999 439
99995 843
100000 2604
100000 625
99996 8024
99997 0826
99997 958
100000 363514
99996 71677
99996 719072
100000 164032
100000 5437
99997 035
99995 929
99998 44173
99997 2739
99996 058
99999 423
99995 006352
99999 728
99999 331731
99997 6328
99995 690006
100000 424782
100000 208
99996 450285
99995 711
99997 00396
99999 92292
100000 53469
99997 813430
100000 44394
99998 1478
99997 0419
99998 148
99995 981
99997 2956
99998 773
100000 330659
99997 124239
99999 513430
99998 10666
99996 7501
99998 3086
99995 064
99995 322
99995 7564
99996 059
99995 5850
99998 3178
99999 9333
99998 945
99999 046
99999 476083
99995 47505
100000 543
99999 2690
99996 7433
100000 26158
99997 747
99995 755729
100000 2023
99995 0911
100000 471015
99998 502742
99997 65015
99999 672965
99998 98747
99995 634355
100000 922908
99996 0138
100000 359888
99999 899168
100000 7149
100000 282
99995 0815
99995 23632
99997 99709
99998 5020
99999 58761
100000 61577
99997 508021
99998 9717
99997 084342
99997 71464
99999 4731
99996 95105
99995 467
99999 21261
99995 290
99997 0199
100000 87358
99995 3681
99999 5077
100000 33275
99998 711
99999 5298
99995 415190
100000 391755
99998 6812
99996 236
99999 96239
99996 98711
100000 729
99998 907
99996 114
99997 692827
99995 8979
99997 751385
99997 601
99995 632170
99995 453222
99998 8793
99999 6904
99999 963
100000 583390
100000 156
99997 85491
99998 874
99999 453891
100000 24097
99995 5929
100000 644
99996 74525
99999 373
99998 104492
100000 618
99997 949
99995 561
99995 952567
99998 505783
99997 96807
99997 83020
100000 90541
99999 47710
99995 84706
99996 7595
100000 943
100000 76109
100000 41421
99999 607197
99997 41698
99995 9068
99996 05807
100000 308492
99996 959
99999 940
99999 8064
99996 80880
99998 68924
99997 31626
99999 0228
99999 0242
99999 4221
99999 311465
99996 208
99999 704
99998 6065
100000 107
99996 48691
99996 81240
99996 4273
99997 600056
99997 068058
99998 3795
99995 349400
99998 05146
100000 12311
99995 603139
99999 428644
100000 803703
99997 370
100000 934279
99999 95016
99997 312495
99999 438
100000 292113
99998 45482
100000 3487
99997 756845
99995 126
99995 723
99999 092
99998 9210
99997 28161
99996 7243
99996 02500
100000 622
99997 890
99997 4447
99997 742358
99996 329833
100000 035324
99997 663
99995 765304
100000 528
99996 02102
99998 436
99996 21791
99996 853104
100000 58107
99997 34558
99998 4908
99995 1141
99995 55224
99995 55048
99999 764389
99996 049698
100000 534830
99998 819735
99995 926606
99998 47413
99996 7431
100000 30958
99999 293
99999 937258
99995 218671
99995 184969
99997 3470
100000 387
99999 082
99996 35551
100000 9974
99999 399479
99997 726662
99996 9270
99998 083429
99998 846
99997 305472
100000 8541
99999 823
99998 3278
99995 48722
99995 345
99997 616
99998 644
99996 4343
99997 477940
99998 33311
100000 108487
99997 887070
99998 435
99998 344
99999 5639
99997 46291
99995 584288
100000 432
99997 77984
99999 97933
99997 571
99999 65245
99997 74720
100000 629396
99998 58039
99998 0434
99999 77942
99996 3969
99998 826595
99995 0726
99999 266
99998 526
99999 17562
99996 59568
100000 704
99999 7620
99995 0372
100000 3898
100000 327368
99998 162666
99996 1784
99998 697
99997 4264
99998 395
99995 349
99996 490
99995 224
99999 943183
99996 762955
99998 29615
99996 4400
100000 083583
99996 0342
99997 203
100000 775
99996 735601
99999 936
99995 536
99998 9103
100000 66433
99998 509
99997 975
99995 98063
100000 2599
99996 751
99997 4986
99998 223573
99995 716182
99997 3065
100000 629484
99999 0614
99995 870
99999 8905
100000 28200
99998 1439
99998 2684
99998 994
100000 477
99998 660495
99998 619
99995 41080
99996 370
99999 0798
99998 658
99999 41192
99999 282901
100000 4270
99995 06678
99999 98364
99997 57476
99997 98890
99999 89203
99996 067
99999 8589
99998 994364
99995 259
99995 396051
99999 717676
99997 5925
99999 915612
99997 032
99996 232
99997 3512
99995 426451
99998 86850
99996 111
99997 777063
99998 974
99996 1647
99997 415
99998 110
100000 0785
99999 60699
100000 371
99998 875286
100000 734
99997 4119
100000 028830
99995 1218
99997 305
99996 454
99995 645
100000 3887
99996 942308
99996 017489
99998 45219
99996 652
99995 06726
99998 6283
99998 10988
99999 51635
99996 628
99996 9667
99999 31067
99995 656303
99997 0073
99999 081
99999 898456
99997 807394
99999 0335
99999 449
99997 232
100000 077
99997 3817
99999 846
99999 806
99998 591255
99999 99089
100000 33735
99996 201807
99996 04205
100000 693533
99998 78014
99998 685
100000 88452
99995 33821
100000 313
99999 099
99996 74775
100000 5229
99995 717405
99998 755
99997 611
99996 419707
99995 003327
99996 4084
99995 05109
99998 46572
99997 00099
99998 614
100000 328
99999 2052
99996 9491
99999 246
99999 1572
100000 53725
99999 442903
99999 3509
99995 93209
99995 72848
100000 37880
99998 2460
99999 92837
99998 571513
99996 1988
99995 39117
99995 188652
99997 329
99996 446095
99995 69118
99999 368
99996 273488
99995 360432
99996 755
99999 19471
99998 9567
99995 822
99998 085344
99995 179870
99997 80345
99996 410
99997 5075
99998 993
99999 938
99999 716024
100000 426
99995 3516
99996 376
100000 983
99996 14162
99995 604122
99998 42938
99997 236827
99997 606596
99998 36803
100000 750
100000 197362
99999 312
99995 277
100000 6105
99996 0917
99999 765
100000 4544
99995 514347
99999 660
99996 5466
99999 930445
99999 48542
99999 7667
99995 707
99995 25980
99995 84752
99995 22028
100000 321
99996 510
99999 257
99995 01202
99997 277
100000 33420
99996 03680
99997 399358
99996 28729
99998 7957
99999 379698
99996 695
99998 013937
99997 3734
99999 165
99996 719438
100000 50365
99995 3055
99997 2310
99998 2950
99998 728166
99995 7767
99995 37334
99997 91149
99997 98515
99998 212682
99997 418141
100000 175175
100000 6789
99997 869
99995 632725
100000 9823
99995 3063
99996 04440
99997 6972
99998 044184
100000 47828
99998 429122
99996 112700
99997 4263
99999 9214
99997 581410
99996 1425
99997 1585
99998 9940
99997 986
99995 2549
100000 7661
100000 05659
99999 39139
99997 008
99999 539987
99997 901
99999 59020
99999 462
99999 486
99995 273
99998 5194
99995 883
99999 120135
100000 405553
99999 403282
99997 235167
99999 1234
99996 2607
99995 0994
99997 567
100000 515
99999 1462
100000 99454
99995 0467
99995 3314
99998 096
100000 890819
99999 221828
99997 316784
99996 1392
99996 886380
99999 781835
99997 75643
99995 823881
99999 814659
100000 6252
99997 48404
99997 38774
99999 38441
100000 7697
100000 198465
100000 767
100000 0877
99999 764556
99999 178185
99995 39441
100000 353064
99998 787585
99995 24675
100000 807523
99997 3608
99999 43298
99998 152
99996 96753
99998 24820
99998 628165
99998 348698
99998 779
99996 05355
99996 665419
99996 750
99999 8494
99997 939
99996 225
99999 9767
99996 4490
99998 89173
99996 465
99995 93415
100000 6853
99996 6545
99998 51583
100000 80023
99999 9337
99999 88596
99997 336921
99996 5703
99995 550
100000 652492
99996 178452
99998 18727
99997 04285
99996 883
99996 60511
100000 7120
99999 509072
99999 66947
99995 98268
99999 314354
99996 62911
99997 29007
99998 5614
100000 785
99998 1923
99995 69232
99995 465462
99998 9498
100000 7538
99996 455
100000 04505
99995 2989
99999 008914
99996 57988
99996 49193
99998 9476
99996 621
99997 851
99999 765
99999 332
99998 61385
100000 37143
99995 7151
99999 067510
99995 411
99998 9270
99999 905
99995 32919
100000 256272
100000 405158
99999 14043
99997 44368
100000 076
99995 5137
100000 388183
99996 730
99998 22508
100000 837
100000 02409
99995 789028
99999 94882
99995 994901
99997 3519
99995 321395
100000 737
99997 2971
99995 62716
100000 675193
99995 82394
99999 3757
99996 27542
99996 62520
100000 56728
99996 62923
99995 89071
99997 92467
100000 4340
99998 910555
99997 75070
99998 82024
99997 557908
99995 191799
100000 686
99998 879
100000 154
100000 92514
99998 390
99996 808
99995 60537
100000 694170
99998 6596
99995 5829
100000 252488
99997 243471
99999 409185
99998 72923
99995 286402
99998 03116
99995 9270
99998 612
100000 99706
99997 406
99999 856
99998 117
99995 8171
99997 166637
99996 37716
99999 138
99999 30812
99995 8231
100000 6306
99999 556174
100000 1379
99997 4159
99995 02210
99997 382725
100000 165008
99995 663153
99996 5457
100000 76901
99999 18704
99998 5486
99996 958
100000 77314
99999 867693
100000 09212
99997 1702
99998 416
99997 9550
99997 5895
99997 0917
99998 5207
99996 321
99997 925727
99995 5550
99999 186
99997 293205
99999 396012
99999 19644
99998 575059
99998 20980
99995 731290
99997 1893
99998 193
99995 557
99996 93360
