70 70
26816 495357 650018 601378 854138 983837 842838 398491 691049 17913 600422 252266 112055 646205 355822 337302 99646 244504 14681 838826 810768 994628 115993 619848 38398 682967 14932 81920 118706 977660 46883 441003 512844 370717 5084 278869 498625 502604 907531 575370 73410 976297 212420 777326 58637 265066 922047 211689 851313 804353 560192 918619 987423 160527 832925 887532 675497 791112 823019 104240 821690 845310 903986 692460 268765 667123 444667 553113 63716 250200
32 5 14 15 4 44 16 41 8 50 12 36 17 28 4 23 26 33 40 31 19 39 35 17 16 23 50 30 49 31 3 39 7 42 38 44 48 45 27 47 50 39 17 29 50 38 34 23 40 8 8 9 19 25 48 46 26 22 36 30 9 15 39 19 38 14 19 33 11 6
35 0 11 42 29 37 7 29 42 35 12 17 33 6 11 23 38 20 0 39 31 2 25 11 26 30 36 2 22 18 42 31 35 28 36 29 1 11 19 29 21 30 9 16 17 21 36 0 20 35 35 48 48 43 44 40 25 12 23 28 10 5 10 48 44 50 42 32 9 9
28 8 33 25 14 5 31 4 23 4 12 15 42 42 5 30 32 6 8 7 29 3 46 15 26 16 8 17 44 33 29 7 14 6 46 13 15 10 2 42 47 12 22 45 10 33 27 15 37 48 17 39 33 43 15 35 27 21 14 5 48 15 7 39 21 31 2 3 40 20
25 21 35 45 4 36 5 37 13 46 42 23 30 2 24 39 3 47 26 39 3 12 35 3 29 17 34 13 32 49 30 46 33 1 15 8 44 49 43 18 50 5 20 22 42 34 39 24 15 48 44 45 46 6 16 18 2 20 9 22 25 21 11 10 27 17 24 25 29 12
41 38 42 37 23 22 17 9 2 9 45 23 42 38 43 3 28 30 38 16 32 32 1 41 22 17 9 5 5 24 9 44 16 2 41 35 47 4 2 24 0 41 44 31 21 42 42 14 26 0 42 12 28 26 8 30 16 22 17 8 30 16 38 49 0 35 33 24 13 1
21 35 15 1 15 28 34 15 48 37 41 25 38 4 44 28 22 21 37 40 3 10 11 4 48 30 40 3 13 7 16 5 18 27 8 40 43 4 50 39 49 44 15 16 24 47 43 9 32 22 2 32 0 16 15 39 12 28 49 10 24 17 20 47 45 12 36 24 7 18
36 10 0 12 16 47 23 21 42 44 5 37 47 30 45 12 7 13 39 42 8 34 2 49 47 37 49 14 30 12 28 12 27 24 50 23 10 6 37 25 25 21 32 22 33 27 21 31 50 10 48 1 3 41 29 22 48 44 35 0 49 20 10 39 15 8 39 22 42 35
3 43 49 15 8 21 44 37 3 23 19 16 40 3 45 11 31 0 20 17 49 10 16 8 21 19 22 29 17 42 23 50 17 32 4 38 41 26 29 12 18 3 32 43 22 4 35 3 4 46 39 49 17 18 36 50 37 22 39 46 32 22 37 35 24 23 19 17 35 7
25 1 34 46 27 34 42 32 2 35 18 45 46 19 9 27 47 36 20 42 10 5 28 41 2 50 45 41 11 11 46 5 49 8 20 18 5 2 16 49 21 25 34 1 7 33 6 22 19 38 12 42 49 39 23 45 38 19 44 33 43 3 31 32 29 22 1 45 7 49
1 21 9 26 42 33 14 38 41 18 28 46 20 12 42 32 28 4 6 24 17 39 36 3 3 39 34 24 2 29 25 32 3 48 41 2 18 14 4 47 46 34 12 14 42 27 39 41 45 24 26 19 9 6 27 2 32 38 44 36 31 37 19 28 36 18 3 12 25 44
16 36 44 30 24 36 49 22 44 0 13 6 0 30 49 33 16 37 49 37 10 14 22 36 8 17 26 48 27 14 32 1 26 40 16 8 40 12 41 7 31 24 21 7 35 26 2 39 44 31 44 34 2 19 34 25 14 19 2 33 42 33 49 17 25 5 1 18 43 7
48 38 39 6 50 31 9 34 46 40 21 31 9 26 40 6 40 20 8 6 42 37 10 41 38 0 32 5 0 23 20 27 47 30 41 31 11 3 12 33 8 42 12 19 13 18 32 43 24 34 48 41 41 16 43 1 11 24 34 21 16 40 28 16 20 24 28 3 24 3
17 15 3 3 47 50 40 8 9 11 39 44 20 3 30 19 29 38 27 6 45 21 42 44 32 48 10 23 38 7 18 45 30 27 9 4 50 21 1 43 32 10 5 10 24 50 8 41 36 21 19 10 23 19 45 45 40 10 2 29 31 4 41 49 35 1 38 31 37 20
10 37 20 24 31 34 39 10 33 22 16 47 47 46 25 19 10 1 20 32 31 47 35 35 29 11 49 7 8 37 3 12 33 12 20 29 29 32 41 5 34 7 18 32 47 44 11 25 15 47 46 2 19 36 45 14 2 43 33 25 19 26 12 47 18 43 24 11 2 13
31 19 9 8 31 13 23 32 25 1 10 1 36 43 37 33 44 5 47 18 3 1 22 14 47 5 48 18 1 0 14 11 44 22 22 25 15 0 19 44 26 0 6 39 4 33 27 25 35 15 23 25 11 46 20 18 48 27 23 0 29 5 38 27 11 3 33 22 5 37
12 2 3 31 44 22 44 23 34 20 48 7 32 14 16 38 50 26 20 44 48 14 7 36 48 25 2 7 20 13 22 17 31 20 37 47 39 41 4 44 10 41 36 38 43 25 23 41 34 38 34 7 9 28 50 23 47 30 11 41 16 49 47 34 48 41 7 35 45 50
45 8 5 41 21 30 38 18 1 32 44 6 22 48 24 32 0 31 27 46 2 50 43 14 39 35 1 14 20 35 9 9 3 16 47 16 29 27 35 36 25 5 5 27 14 10 25 38 26 34 34 9 10 2 10 23 29 32 42 14 45 9 48 11 50 1 30 16 14 16
42 49 39 35 34 40 42 1 24 46 15 0 4 23 26 17 8 16 49 14 15 48 36 46 7 13 30 14 35 13 16 33 19 33 28 34 4 20 2 37 14 27 48 1 31 21 5 50 4 31 28 31 27 48 8 19 42 50 50 31 20 19 18 21 16 20 25 25 14 13
15 25 38 22 50 5 33 13 48 4 41 39 21 40 35 36 34 9 23 22 35 9 11 5 15 38 50 47 42 23 20 23 11 31 8 23 41 4 6 17 11 20 46 12 38 12 24 34 20 45 35 31 48 26 28 25 16 39 8 15 41 27 47 6 1 42 9 31 39 14
13 9 36 41 18 38 31 14 9 32 41 5 4 29 39 39 36 41 12 14 30 39 31 30 47 40 19 48 34 47 23 49 36 0 12 29 24 0 21 15 35 15 42 39 18 4 50 33 37 45 31 38 4 48 39 50 29 13 7 46 46 43 8 24 5 22 50 14 49 33
11 28 36 47 20 21 2 9 3 3 4 16 10 46 13 49 32 32 10 36 28 1 3 14 14 43 28 38 6 5 5 42 34 11 33 6 12 6 24 25 47 7 20 6 8 37 15 7 25 34 1 50 0 47 34 47 21 48 40 12 41 11 18 15 0 22 24 35 37 2
31 1 15 12 36 35 29 23 3 0 7 20 48 37 9 25 20 18 40 36 20 24 34 16 25 35 4 26 20 33 2 39 15 13 31 33 29 7 6 41 18 29 46 46 19 33 4 31 44 12 48 17 22 16 25 18 44 27 43 14 32 48 21 19 22 37 47 21 3 35
28 35 3 7 44 42 2 14 26 16 0 7 40 35 35 34 24 49 42 9 24 0 7 9 40 36 21 38 28 14 30 25 48 37 34 34 35 15 25 44 49 41 29 20 49 47 30 31 33 26 38 48 35 7 27 21 49 32 24 44 42 32 7 47 2 33 15 32 25 25
23 34 8 37 25 43 33 30 18 37 21 41 32 50 28 41 23 16 32 1 48 17 17 18 17 13 41 37 45 0 6 11 44 48 11 33 0 41 17 43 21 44 36 33 47 9 28 14 47 41 29 37 48 8 32 1 0 23 17 33 17 34 8 9 43 46 3 21 33 28
10 1 0 2 35 47 20 7 40 1 19 11 15 27 41 26 30 45 46 16 14 22 10 23 40 25 45 30 37 23 18 37 7 35 16 36 14 35 8 21 28 1 13 13 25 8 46 48 16 44 30 20 22 24 0 12 20 4 42 30 26 50 27 42 30 23 10 18 33 47
18 34 25 39 14 6 1 21 24 0 48 43 47 47 30 7 21 49 19 48 1 27 32 38 26 25 5 37 14 13 41 16 18 37 42 24 42 17 26 14 10 42 7 16 0 25 30 39 39 16 34 14 12 35 29 39 18 39 48 46 9 34 50 21 39 1 39 50 26 20
36 20 34 21 7 28 11 14 34 14 35 19 14 5 2 31 45 41 46 29 30 14 30 15 21 23 16 14 1 26 34 22 28 12 41 47 32 43 35 16 39 25 40 1 44 1 45 1 1 12 30 35 17 23 6 45 27 19 30 15 48 11 11 42 32 9 4 42 20 27
5 34 40 7 49 42 45 8 14 42 39 44 3 5 33 30 27 16 22 48 17 22 41 32 1 39 46 44 30 16 29 28 5 16 5 12 43 10 36 8 9 1 5 46 39 9 31 27 37 24 43 24 13 48 32 4 23 2 11 36 34 15 23 23 30 1 17 20 49 6
48 15 19 3 12 36 47 9 21 11 38 8 21 32 30 43 16 38 18 5 24 21 3 32 0 50 28 16 0 0 20 50 43 46 27 32 7 24 11 37 3 12 36 28 37 50 40 31 9 1 2 14 17 9 42 10 50 14 31 8 44 40 4 1 3 3 24 31 30 33
31 11 32 19 36 29 30 2 14 4 11 32 22 35 7 27 48 19 9 5 24 46 26 10 45 24 9 41 46 6 12 47 40 20 14 41 15 48 31 27 14 50 5 42 39 17 18 40 37 3 10 18 39 11 7 33 3 12 31 35 48 16 15 45 7 44 7 9 10 20
43 40 23 36 5 35 3 8 12 29 9 40 3 5 23 39 19 16 0 14 28 1 35 30 14 15 28 38 10 44 5 44 29 4 44 43 36 13 29 16 30 6 42 47 35 10 31 19 6 30 36 30 25 22 39 34 28 45 30 13 18 11 0 31 37 24 2 20 26 20
18 34 5 21 42 31 40 35 37 50 46 28 49 11 2 34 44 4 14 0 3 33 29 42 42 2 45 11 5 30 22 7 13 33 19 50 20 38 4 36 39 25 17 30 34 30 7 0 2 46 37 31 49 50 14 40 3 26 22 25 20 33 23 3 1 3 26 50 10 7
40 28 32 25 6 43 25 15 4 16 14 34 50 38 33 42 25 14 24 36 45 28 9 0 24 4 46 14 20 43 3 7 16 40 11 27 50 29 33 6 29 0 17 34 24 30 12 46 43 36 35 15 37 1 16 12 41 40 23 2 4 43 9 41 23 9 11 16 7 4
21 24 20 33 43 10 43 18 27 47 14 42 28 42 2 28 32 33 27 21 22 32 15 7 28 0 15 26 32 47 14 28 34 45 14 28 23 5 49 2 45 24 33 13 48 29 2 8 10 44 20 15 29 26 26 42 40 44 2 36 0 32 34 34 33 33 21 25 16 11
22 32 7 32 27 46 21 7 50 42 30 34 3 19 43 24 34 30 0 22 42 50 48 24 9 35 11 40 18 40 8 42 9 23 14 8 39 29 39 6 21 49 28 46 44 39 32 29 37 8 38 25 14 11 6 15 26 25 22 40 20 30 46 11 24 12 19 17 6 10
45 17 17 34 27 43 6 14 27 11 50 32 32 31 28 18 35 3 8 0 30 11 39 38 16 41 33 39 33 39 10 44 34 46 42 10 1 13 41 33 13 39 10 28 9 14 31 17 20 7 0 16 16 5 15 24 38 31 41 28 35 8 35 0 29 3 42 15 49 34
46 30 25 39 26 11 1 32 0 0 37 40 8 20 4 21 6 10 37 35 0 19 36 42 26 20 7 35 49 17 36 11 28 9 15 46 31 45 0 48 25 12 49 20 31 34 0 5 16 40 43 30 49 27 28 33 26 3 26 36 38 8 11 46 7 45 27 2 22 40
42 46 28 25 22 0 42 11 9 22 19 24 14 7 3 42 26 46 11 19 8 38 26 14 41 22 47 5 29 10 6 31 31 25 4 13 40 20 13 29 49 36 19 15 5 44 23 25 46 19 8 44 27 11 21 21 32 19 10 42 25 1 17 47 24 27 43 22 0 21
10 28 16 43 23 43 41 16 32 18 0 1 36 32 32 43 6 11 26 4 26 1 27 6 33 34 24 35 0 14 2 35 22 50 18 19 2 25 15 8 46 30 36 48 19 8 44 2 30 14 15 18 0 37 29 26 1 21 26 49 50 13 4 37 21 31 11 14 11 45
7 24 10 8 22 23 46 34 48 46 1 7 28 20 5 47 6 42 25 13 50 13 0 16 35 29 33 8 1 8 7 13 49 0 8 33 47 9 25 32 48 2 35 37 44 42 49 41 45 31 37 4 36 35 10 37 4 43 4 3 48 1 1 43 6 34 40 10 22 8
4 45 44 29 45 0 28 20 21 13 44 4 35 40 39 25 16 10 24 41 17 2 2 49 3 46 31 29 45 49 45 39 33 22 5 5 24 4 34 30 5 10 50 17 46 23 17 44 31 30 47 15 41 19 15 39 27 49 0 14 45 9 23 3 47 30 35 46 23 38
39 45 43 31 36 19 9 34 12 15 37 36 9 9 25 1 0 48 47 19 45 33 22 7 21 42 1 46 19 15 40 12 49 15 49 24 40 19 39 43 23 9 2 9 36 21 32 37 22 26 43 46 18 10 4 41 40 0 5 35 47 48 17 2 40 3 34 43 7 31
25 32 24 43 28 4 32 5 2 20 18 12 21 12 49 15 32 5 38 1 22 49 9 28 43 24 18 26 1 1 48 24 44 9 28 42 30 3 1 5 29 44 33 15 22 2 19 17 26 38 44 45 50 7 6 16 5 9 36 16 40 1 4 6 6 40 17 12 3 11
47 33 41 8 23 7 45 42 25 50 43 40 3 33 19 31 25 4 42 50 36 29 13 18 7 10 0 35 46 41 32 26 5 7 29 20 31 44 30 43 26 39 35 18 29 24 21 16 34 42 17 1 25 27 19 14 26 17 33 11 19 26 24 37 37 45 31 44 24 2
39 27 37 6 43 32 42 37 45 1 11 7 43 29 10 19 34 47 35 3 34 49 7 13 36 16 32 6 3 10 31 32 25 38 8 50 36 32 49 9 28 40 38 5 47 37 32 24 42 9 35 24 25 3 46 15 5 30 4 36 31 4 25 9 29 28 20 13 49 42
27 11 2 10 18 10 48 3 17 9 35 5 22 25 29 36 9 43 28 36 47 41 14 41 39 17 8 26 1 11 32 4 18 24 19 15 44 34 39 8 19 12 10 28 25 44 37 36 39 24 1 34 44 8 24 8 39 6 21 19 34 32 23 36 19 4 31 4 34 38
26 12 39 13 8 47 39 30 7 7 14 29 32 6 32 42 43 11 11 40 18 3 13 18 44 2 13 37 35 1 50 30 3 12 25 48 41 21 0 50 5 14 30 32 46 27 47 48 6 3 8 26 44 6 14 15 26 35 26 12 41 28 2 39 20 6 3 16 44 26
32 33 27 16 22 41 29 34 33 18 19 37 1 38 10 45 38 41 19 26 22 31 1 27 34 3 22 22 50 12 2 36 47 33 5 42 30 21 10 37 43 27 22 41 1 35 34 15 39 14 40 28 19 23 46 37 9 8 10 12 17 12 29 49 21 13 1 28 46 44
7 21 5 29 14 22 36 36 3 16 14 39 28 32 17 19 41 25 0 3 42 44 39 50 1 40 32 20 17 50 33 21 17 39 37 42 5 14 10 2 50 17 40 26 41 13 12 10 37 43 9 13 21 37 30 11 39 29 5 1 28 35 9 10 37 34 41 24 12 44
28 47 2 50 20 12 26 44 7 17 5 8 7 18 26 42 3 22 22 37 27 24 30 26 35 44 6 44 16 35 8 32 10 50 0 14 38 38 50 47 31 46 5 11 31 38 49 1 20 38 25 20 30 27 37 3 2 19 20 5 43 39 43 31 48 31 4 31 24 10
50 26 1 29 40 39 4 11 34 11 1 10 6 36 37 50 15 15 17 39 36 48 43 7 0 6 16 36 50 11 33 44 8 5 20 28 39 44 18 21 20 34 32 43 28 43 10 2 39 13 47 43 40 41 43 6 26 19 20 44 13 20 5 33 22 25 27 44 23 10
28 50 34 37 23 47 2 38 17 27 22 39 35 27 31 19 12 45 10 46 29 31 0 10 36 34 50 36 31 35 29 4 7 23 11 43 35 33 31 21 47 6 27 27 1 20 10 42 15 13 19 11 49 1 50 19 11 42 34 36 33 10 49 2 30 32 14 13 28 23
36 38 3 39 34 3 28 46 33 40 39 0 39 2 39 36 38 24 32 44 27 11 11 10 34 8 6 6 8 5 42 17 35 32 18 7 46 6 30 20 19 26 6 24 47 48 47 29 37 42 22 34 24 48 34 39 14 43 14 0 22 17 36 41 38 13 33 24 9 10
6 16 2 34 45 0 46 10 40 38 38 49 20 44 33 37 36 11 12 46 10 11 37 12 9 5 5 8 15 1 20 37 13 18 12 17 4 19 19 23 24 45 11 50 32 2 42 34 40 14 6 2 27 42 21 22 32 44 14 41 25 39 16 4 12 20 12 23 21 48
31 4 42 49 28 27 49 33 26 39 24 22 21 40 6 12 32 37 41 47 24 36 14 37 4 36 5 49 12 35 21 19 11 34 26 37 44 28 42 16 2 48 50 46 17 10 44 15 14 19 12 28 27 43 39 37 20 5 12 49 49 26 17 27 28 19 10 48 27 19
48 4 29 27 21 4 35 25 18 1 48 28 4 41 9 8 16 49 30 3 25 16 15 45 2 21 32 12 18 48 9 22 19 23 40 15 5 46 23 0 26 12 10 1 11 42 11 27 46 14 38 22 49 18 43 2 44 40 37 22 19 1 1 50 23 19 7 44 45 28
21 33 16 18 41 21 11 49 47 7 37 13 2 36 15 48 48 22 47 50 2 7 24 1 47 42 6 6 21 24 13 19 30 4 16 12 33 19 44 42 6 32 10 33 20 18 10 46 29 18 48 29 37 36 0 11 36 13 11 16 36 4 4 27 48 41 2 48 35 17
42 40 8 38 14 24 32 44 28 23 5 21 37 34 7 35 9 38 44 14 41 15 6 47 46 10 3 39 17 10 39 15 16 26 20 43 22 32 7 9 16 24 39 36 10 38 49 11 40 42 32 33 21 41 5 18 35 35 44 8 20 40 10 45 9 50 49 3 23 31
26 50 22 33 39 17 21 3 33 19 48 39 22 9 31 22 19 31 35 35 38 7 2 24 45 44 36 39 13 37 41 49 0 1 22 40 32 15 20 17 49 40 30 31 11 16 43 47 44 26 39 4 9 0 19 27 32 26 1 20 12 40 35 14 18 25 5 2 46 25
12 21 31 9 6 12 5 35 49 28 11 19 30 40 6 35 12 23 50 41 2 21 48 22 6 41 39 10 45 43 10 3 3 46 18 19 49 42 33 4 35 11 12 49 37 50 37 31 18 36 19 50 12 13 31 40 33 40 38 10 13 33 42 40 43 36 34 48 29 19
2 26 18 38 29 36 41 30 9 42 11 37 36 11 42 24 2 37 43 17 18 7 37 29 30 18 12 1 1 2 16 0 3 37 37 30 35 23 42 42 32 46 12 44 31 10 31 27 18 46 42 19 42 12 17 25 46 36 50 21 29 14 4 5 40 16 25 46 27 41
40 24 4 8 43 34 19 33 36 35 30 11 33 46 27 12 27 27 8 33 9 6 22 38 45 43 38 49 8 0 44 6 36 23 16 34 13 5 25 5 50 2 44 12 48 36 28 39 0 5 45 29 15 11 38 16 46 13 32 50 24 15 14 36 7 32 22 19 0 0
17 38 24 7 29 14 21 10 29 3 34 45 23 32 36 6 9 37 36 45 45 33 7 37 7 5 17 30 27 49 11 34 45 46 34 47 39 7 30 27 44 50 11 16 48 45 2 14 11 12 32 50 38 3 10 8 14 19 36 48 23 7 34 48 7 9 5 43 16 21
21 37 28 48 1 33 31 32 17 8 22 19 3 15 20 12 10 8 48 33 50 29 13 24 10 32 9 6 48 42 43 24 25 17 33 43 13 16 4 14 39 30 28 48 42 27 45 8 21 45 4 16 25 36 40 43 42 43 44 30 23 23 32 3 17 50 5 34 8 9
21 0 50 29 49 26 31 7 23 7 50 11 48 40 36 44 13 20 13 3 23 15 3 5 48 0 35 17 6 2 50 34 37 17 31 39 48 4 21 40 39 10 3 49 44 35 9 30 7 31 50 38 34 17 34 10 6 2 13 6 1 42 39 16 17 26 17 6 6 44
29 16 24 3 14 9 48 35 17 11 0 32 11 19 10 23 10 14 28 12 43 8 45 17 6 27 34 45 4 4 36 38 11 43 6 17 0 36 1 21 5 49 10 28 4 28 42 20 15 33 38 12 23 48 38 20 25 28 16 30 49 25 15 17 32 28 29 15 28 5
40 13 26 15 12 50 44 40 32 46 44 35 41 42 23 50 20 15 24 14 27 1 32 29 2 0 19 12 7 39 37 47 49 39 36 40 25 7 31 1 27 13 27 37 42 14 8 7 43 41 9 3 26 18 30 24 23 21 26 45 6 11 18 33 25 8 30 37 42 4
42 31 17 30 8 8 40 17 3 30 27 42 6 48 39 39 30 8 17 33 21 46 47 38 28 48 10 28 3 46 36 30 23 1 8 8 48 47 50 1 14 37 17 49 36 20 29 40 19 2 26 25 38 49 9 29 17 19 31 50 8 40 21 37 0 5 26 50 21 2
14 16 0 28 22 1 13 0 6 30 12 13 19 25 4 22 31 12 21 7 44 29 19 50 16 13 27 28 25 9 14 13 36 33 33 45 1 6 45 0 37 9 0 0 47 15 0 26 48 14 43 38 15 17 28 45 14 37 31 47 18 24 46 45 27 44 33 10 1 17
13 49 9 5 28 49 3 24 2 2 5 17 32 35 5 22 47 40 37 49 29 19 15 17 33 3 10 26 12 18 50 5 34 19 12 3 11 29 36 8 7 5 40 46 9 16 36 45 41 16 17 16 10 42 28 7 35 25 21 32 6 43 3 6 4 44 14 6 34 26
0 0 0 0 0 0 0 0 0 0 0 0 0 0 0 0 0 0 0 0 0 0 0 0 0 0 0 0 0 0 0 0 0 0 0 0 0 0 0 0 0 0 0 0 0 0 0 0 0 0 0 0 0 0 0 0 0 0 0 0 0 0 0 0 0 0 0 0 0 0
0 0 0 0 0 0 0 0 0 0 0 0 0 0 0 0 0 0 0 0 0 0 0 0 0 0 0 0 0 0 0 0 0 0 0 0 0 0 0 0 0 0 0 0 0 0 0 0 0 0 0 0 0 0 0 0 0 0 0 0 0 0 0 0 0 0 0 0 0 0
0 0 0 0 0 0 0 0 0 0 0 0 0 0 0 0 0 0 0 0 0 0 0 0 0 0 0 0 0 0 0 0 0 0 0 0 0 0 0 0 0 0 0 0 0 0 0 0 0 0 0 0 0 0 0 0 0 0 0 0 0 0 0 0 0 0 0 0 0 0
0 0 0 0 0 0 0 0 0 0 0 0 0 0 0 0 0 0 0 0 0 0 0 0 0 0 0 0 0 0 0 0 0 0 0 0 0 0 0 0 0 0 0 0 0 0 0 0 0 0 0 0 0 0 0 0 0 0 0 0 0 0 0 0 0 0 0 0 0 0
0 0 0 0 0 0 0 0 0 0 0 0 0 0 0 0 0 0 0 0 0 0 0 0 0 0 0 0 0 0 0 0 0 0 0 0 0 0 0 0 0 0 0 0 0 0 0 0 0 0 0 0 0 0 0 0 0 0 0 0 0 0 0 0 0 0 0 0 0 0
0 0 0 0 0 0 0 0 0 0 0 0 0 0 0 0 0 0 0 0 0 0 0 0 0 0 0 0 0 0 0 0 0 0 0 0 0 0 0 0 0 0 0 0 0 0 0 0 0 0 0 0 0 0 0 0 0 0 0 0 0 0 0 0 0 0 0 0 0 0
0 0 0 0 0 0 0 0 0 0 0 0 0 0 0 0 0 0 0 0 0 0 0 0 0 0 0 0 0 0 0 0 0 0 0 0 0 0 0 0 0 0 0 0 0 0 0 0 0 0 0 0 0 0 0 0 0 0 0 0 0 0 0 0 0 0 0 0 0 0
0 0 0 0 0 0 0 0 0 0 0 0 0 0 0 0 0 0 0 0 0 0 0 0 0 0 0 0 0 0 0 0 0 0 0 0 0 0 0 0 0 0 0 0 0 0 0 0 0 0 0 0 0 0 0 0 0 0 0 0 0 0 0 0 0 0 0 0 0 0
0 0 0 0 0 0 0 0 0 0 0 0 0 0 0 0 0 0 0 0 0 0 0 0 0 0 0 0 0 0 0 0 0 0 0 0 0 0 0 0 0 0 0 0 0 0 0 0 0 0 0 0 0 0 0 0 0 0 0 0 0 0 0 0 0 0 0 0 0 0
0 0 0 0 0 0 0 0 0 0 0 0 0 0 0 0 0 0 0 0 0 0 0 0 0 0 0 0 0 0 0 0 0 0 0 0 0 0 0 0 0 0 0 0 0 0 0 0 0 0 0 0 0 0 0 0 0 0 0 0 0 0 0 0 0 0 0 0 0 0
0 0 0 0 0 0 0 0 0 0 0 0 0 0 0 0 0 0 0 0 0 0 0 0 0 0 0 0 0 0 0 0 0 0 0 0 0 0 0 0 0 0 0 0 0 0 0 0 0 0 0 0 0 0 0 0 0 0 0 0 0 0 0 0 0 0 0 0 0 0
0 0 0 0 0 0 0 0 0 0 0 0 0 0 0 0 0 0 0 0 0 0 0 0 0 0 0 0 0 0 0 0 0 0 0 0 0 0 0 0 0 0 0 0 0 0 0 0 0 0 0 0 0 0 0 0 0 0 0 0 0 0 0 0 0 0 0 0 0 0
0 0 0 0 0 0 0 0 0 0 0 0 0 0 0 0 0 0 0 0 0 0 0 0 0 0 0 0 0 0 0 0 0 0 0 0 0 0 0 0 0 0 0 0 0 0 0 0 0 0 0 0 0 0 0 0 0 0 0 0 0 0 0 0 0 0 0 0 0 0
0 0 0 0 0 0 0 0 0 0 0 0 0 0 0 0 0 0 0 0 0 0 0 0 0 0 0 0 0 0 0 0 0 0 0 0 0 0 0 0 0 0 0 0 0 0 0 0 0 0 0 0 0 0 0 0 0 0 0 0 0 0 0 0 0 0 0 0 0 0
0 0 0 0 0 0 0 0 0 0 0 0 0 0 0 0 0 0 0 0 0 0 0 0 0 0 0 0 0 0 0 0 0 0 0 0 0 0 0 0 0 0 0 0 0 0 0 0 0 0 0 0 0 0 0 0 0 0 0 0 0 0 0 0 0 0 0 0 0 0
0 0 0 0 0 0 0 0 0 0 0 0 0 0 0 0 0 0 0 0 0 0 0 0 0 0 0 0 0 0 0 0 0 0 0 0 0 0 0 0 0 0 0 0 0 0 0 0 0 0 0 0 0 0 0 0 0 0 0 0 0 0 0 0 0 0 0 0 0 0
0 0 0 0 0 0 0 0 0 0 0 0 0 0 0 0 0 0 0 0 0 0 0 0 0 0 0 0 0 0 0 0 0 0 0 0 0 0 0 0 0 0 0 0 0 0 0 0 0 0 0 0 0 0 0 0 0 0 0 0 0 0 0 0 0 0 0 0 0 0
0 0 0 0 0 0 0 0 0 0 0 0 0 0 0 0 0 0 0 0 0 0 0 0 0 0 0 0 0 0 0 0 0 0 0 0 0 0 0 0 0 0 0 0 0 0 0 0 0 0 0 0 0 0 0 0 0 0 0 0 0 0 0 0 0 0 0 0 0 0
0 0 0 0 0 0 0 0 0 0 0 0 0 0 0 0 0 0 0 0 0 0 0 0 0 0 0 0 0 0 0 0 0 0 0 0 0 0 0 0 0 0 0 0 0 0 0 0 0 0 0 0 0 0 0 0 0 0 0 0 0 0 0 0 0 0 0 0 0 0
0 0 0 0 0 0 0 0 0 0 0 0 0 0 0 0 0 0 0 0 0 0 0 0 0 0 0 0 0 0 0 0 0 0 0 0 0 0 0 0 0 0 0 0 0 0 0 0 0 0 0 0 0 0 0 0 0 0 0 0 0 0 0 0 0 0 0 0 0 0
0 0 0 0 0 0 0 0 0 0 0 0 0 0 0 0 0 0 0 0 0 0 0 0 0 0 0 0 0 0 0 0 0 0 0 0 0 0 0 0 0 0 0 0 0 0 0 0 0 0 0 0 0 0 0 0 0 0 0 0 0 0 0 0 0 0 0 0 0 0
0 0 0 0 0 0 0 0 0 0 0 0 0 0 0 0 0 0 0 0 0 0 0 0 0 0 0 0 0 0 0 0 0 0 0 0 0 0 0 0 0 0 0 0 0 0 0 0 0 0 0 0 0 0 0 0 0 0 0 0 0 0 0 0 0 0 0 0 0 0
0 0 0 0 0 0 0 0 0 0 0 0 0 0 0 0 0 0 0 0 0 0 0 0 0 0 0 0 0 0 0 0 0 0 0 0 0 0 0 0 0 0 0 0 0 0 0 0 0 0 0 0 0 0 0 0 0 0 0 0 0 0 0 0 0 0 0 0 0 0
0 0 0 0 0 0 0 0 0 0 0 0 0 0 0 0 0 0 0 0 0 0 0 0 0 0 0 0 0 0 0 0 0 0 0 0 0 0 0 0 0 0 0 0 0 0 0 0 0 0 0 0 0 0 0 0 0 0 0 0 0 0 0 0 0 0 0 0 0 0
0 0 0 0 0 0 0 0 0 0 0 0 0 0 0 0 0 0 0 0 0 0 0 0 0 0 0 0 0 0 0 0 0 0 0 0 0 0 0 0 0 0 0 0 0 0 0 0 0 0 0 0 0 0 0 0 0 0 0 0 0 0 0 0 0 0 0 0 0 0
0 0 0 0 0 0 0 0 0 0 0 0 0 0 0 0 0 0 0 0 0 0 0 0 0 0 0 0 0 0 0 0 0 0 0 0 0 0 0 0 0 0 0 0 0 0 0 0 0 0 0 0 0 0 0 0 0 0 0 0 0 0 0 0 0 0 0 0 0 0
0 0 0 0 0 0 0 0 0 0 0 0 0 0 0 0 0 0 0 0 0 0 0 0 0 0 0 0 0 0 0 0 0 0 0 0 0 0 0 0 0 0 0 0 0 0 0 0 0 0 0 0 0 0 0 0 0 0 0 0 0 0 0 0 0 0 0 0 0 0
0 0 0 0 0 0 0 0 0 0 0 0 0 0 0 0 0 0 0 0 0 0 0 0 0 0 0 0 0 0 0 0 0 0 0 0 0 0 0 0 0 0 0 0 0 0 0 0 0 0 0 0 0 0 0 0 0 0 0 0 0 0 0 0 0 0 0 0 0 0
0 0 0 0 0 0 0 0 0 0 0 0 0 0 0 0 0 0 0 0 0 0 0 0 0 0 0 0 0 0 0 0 0 0 0 0 0 0 0 0 0 0 0 0 0 0 0 0 0 0 0 0 0 0 0 0 0 0 0 0 0 0 0 0 0 0 0 0 0 0
0 0 0 0 0 0 0 0 0 0 0 0 0 0 0 0 0 0 0 0 0 0 0 0 0 0 0 0 0 0 0 0 0 0 0 0 0 0 0 0 0 0 0 0 0 0 0 0 0 0 0 0 0 0 0 0 0 0 0 0 0 0 0 0 0 0 0 0 0 0
0 0 0 0 0 0 0 0 0 0 0 0 0 0 0 0 0 0 0 0 0 0 0 0 0 0 0 0 0 0 0 0 0 0 0 0 0 0 0 0 0 0 0 0 0 0 0 0 0 0 0 0 0 0 0 0 0 0 0 0 0 0 0 0 0 0 0 0 0 0
0 0 0 0 0 0 0 0 0 0 0 0 0 0 0 0 0 0 0 0 0 0 0 0 0 0 0 0 0 0 0 0 0 0 0 0 0 0 0 0 0 0 0 0 0 0 0 0 0 0 0 0 0 0 0 0 0 0 0 0 0 0 0 0 0 0 0 0 0 0
0 0 0 0 0 0 0 0 0 0 0 0 0 0 0 0 0 0 0 0 0 0 0 0 0 0 0 0 0 0 0 0 0 0 0 0 0 0 0 0 0 0 0 0 0 0 0 0 0 0 0 0 0 0 0 0 0 0 0 0 0 0 0 0 0 0 0 0 0 0
0 0 0 0 0 0 0 0 0 0 0 0 0 0 0 0 0 0 0 0 0 0 0 0 0 0 0 0 0 0 0 0 0 0 0 0 0 0 0 0 0 0 0 0 0 0 0 0 0 0 0 0 0 0 0 0 0 0 0 0 0 0 0 0 0 0 0 0 0 0
0 0 0 0 0 0 0 0 0 0 0 0 0 0 0 0 0 0 0 0 0 0 0 0 0 0 0 0 0 0 0 0 0 0 0 0 0 0 0 0 0 0 0 0 0 0 0 0 0 0 0 0 0 0 0 0 0 0 0 0 0 0 0 0 0 0 0 0 0 0
0 0 0 0 0 0 0 0 0 0 0 0 0 0 0 0 0 0 0 0 0 0 0 0 0 0 0 0 0 0 0 0 0 0 0 0 0 0 0 0 0 0 0 0 0 0 0 0 0 0 0 0 0 0 0 0 0 0 0 0 0 0 0 0 0 0 0 0 0 0
0 0 0 0 0 0 0 0 0 0 0 0 0 0 0 0 0 0 0 0 0 0 0 0 0 0 0 0 0 0 0 0 0 0 0 0 0 0 0 0 0 0 0 0 0 0 0 0 0 0 0 0 0 0 0 0 0 0 0 0 0 0 0 0 0 0 0 0 0 0
0 0 0 0 0 0 0 0 0 0 0 0 0 0 0 0 0 0 0 0 0 0 0 0 0 0 0 0 0 0 0 0 0 0 0 0 0 0 0 0 0 0 0 0 0 0 0 0 0 0 0 0 0 0 0 0 0 0 0 0 0 0 0 0 0 0 0 0 0 0
0 0 0 0 0 0 0 0 0 0 0 0 0 0 0 0 0 0 0 0 0 0 0 0 0 0 0 0 0 0 0 0 0 0 0 0 0 0 0 0 0 0 0 0 0 0 0 0 0 0 0 0 0 0 0 0 0 0 0 0 0 0 0 0 0 0 0 0 0 0
0 0 0 0 0 0 0 0 0 0 0 0 0 0 0 0 0 0 0 0 0 0 0 0 0 0 0 0 0 0 0 0 0 0 0 0 0 0 0 0 0 0 0 0 0 0 0 0 0 0 0 0 0 0 0 0 0 0 0 0 0 0 0 0 0 0 0 0 0 0
0 0 0 0 0 0 0 0 0 0 0 0 0 0 0 0 0 0 0 0 0 0 0 0 0 0 0 0 0 0 0 0 0 0 0 0 0 0 0 0 0 0 0 0 0 0 0 0 0 0 0 0 0 0 0 0 0 0 0 0 0 0 0 0 0 0 0 0 0 0
0 0 0 0 0 0 0 0 0 0 0 0 0 0 0 0 0 0 0 0 0 0 0 0 0 0 0 0 0 0 0 0 0 0 0 0 0 0 0 0 0 0 0 0 0 0 0 0 0 0 0 0 0 0 0 0 0 0 0 0 0 0 0 0 0 0 0 0 0 0
0 0 0 0 0 0 0 0 0 0 0 0 0 0 0 0 0 0 0 0 0 0 0 0 0 0 0 0 0 0 0 0 0 0 0 0 0 0 0 0 0 0 0 0 0 0 0 0 0 0 0 0 0 0 0 0 0 0 0 0 0 0 0 0 0 0 0 0 0 0
0 0 0 0 0 0 0 0 0 0 0 0 0 0 0 0 0 0 0 0 0 0 0 0 0 0 0 0 0 0 0 0 0 0 0 0 0 0 0 0 0 0 0 0 0 0 0 0 0 0 0 0 0 0 0 0 0 0 0 0 0 0 0 0 0 0 0 0 0 0
0 0 0 0 0 0 0 0 0 0 0 0 0 0 0 0 0 0 0 0 0 0 0 0 0 0 0 0 0 0 0 0 0 0 0 0 0 0 0 0 0 0 0 0 0 0 0 0 0 0 0 0 0 0 0 0 0 0 0 0 0 0 0 0 0 0 0 0 0 0
0 0 0 0 0 0 0 0 0 0 0 0 0 0 0 0 0 0 0 0 0 0 0 0 0 0 0 0 0 0 0 0 0 0 0 0 0 0 0 0 0 0 0 0 0 0 0 0 0 0 0 0 0 0 0 0 0 0 0 0 0 0 0 0 0 0 0 0 0 0
0 0 0 0 0 0 0 0 0 0 0 0 0 0 0 0 0 0 0 0 0 0 0 0 0 0 0 0 0 0 0 0 0 0 0 0 0 0 0 0 0 0 0 0 0 0 0 0 0 0 0 0 0 0 0 0 0 0 0 0 0 0 0 0 0 0 0 0 0 0
0 0 0 0 0 0 0 0 0 0 0 0 0 0 0 0 0 0 0 0 0 0 0 0 0 0 0 0 0 0 0 0 0 0 0 0 0 0 0 0 0 0 0 0 0 0 0 0 0 0 0 0 0 0 0 0 0 0 0 0 0 0 0 0 0 0 0 0 0 0
0 0 0 0 0 0 0 0 0 0 0 0 0 0 0 0 0 0 0 0 0 0 0 0 0 0 0 0 0 0 0 0 0 0 0 0 0 0 0 0 0 0 0 0 0 0 0 0 0 0 0 0 0 0 0 0 0 0 0 0 0 0 0 0 0 0 0 0 0 0
0 0 0 0 0 0 0 0 0 0 0 0 0 0 0 0 0 0 0 0 0 0 0 0 0 0 0 0 0 0 0 0 0 0 0 0 0 0 0 0 0 0 0 0 0 0 0 0 0 0 0 0 0 0 0 0 0 0 0 0 0 0 0 0 0 0 0 0 0 0
0 0 0 0 0 0 0 0 0 0 0 0 0 0 0 0 0 0 0 0 0 0 0 0 0 0 0 0 0 0 0 0 0 0 0 0 0 0 0 0 0 0 0 0 0 0 0 0 0 0 0 0 0 0 0 0 0 0 0 0 0 0 0 0 0 0 0 0 0 0
0 0 0 0 0 0 0 0 0 0 0 0 0 0 0 0 0 0 0 0 0 0 0 0 0 0 0 0 0 0 0 0 0 0 0 0 0 0 0 0 0 0 0 0 0 0 0 0 0 0 0 0 0 0 0 0 0 0 0 0 0 0 0 0 0 0 0 0 0 0
0 0 0 0 0 0 0 0 0 0 0 0 0 0 0 0 0 0 0 0 0 0 0 0 0 0 0 0 0 0 0 0 0 0 0 0 0 0 0 0 0 0 0 0 0 0 0 0 0 0 0 0 0 0 0 0 0 0 0 0 0 0 0 0 0 0 0 0 0 0
0 0 0 0 0 0 0 0 0 0 0 0 0 0 0 0 0 0 0 0 0 0 0 0 0 0 0 0 0 0 0 0 0 0 0 0 0 0 0 0 0 0 0 0 0 0 0 0 0 0 0 0 0 0 0 0 0 0 0 0 0 0 0 0 0 0 0 0 0 0
0 0 0 0 0 0 0 0 0 0 0 0 0 0 0 0 0 0 0 0 0 0 0 0 0 0 0 0 0 0 0 0 0 0 0 0 0 0 0 0 0 0 0 0 0 0 0 0 0 0 0 0 0 0 0 0 0 0 0 0 0 0 0 0 0 0 0 0 0 0
0 0 0 0 0 0 0 0 0 0 0 0 0 0 0 0 0 0 0 0 0 0 0 0 0 0 0 0 0 0 0 0 0 0 0 0 0 0 0 0 0 0 0 0 0 0 0 0 0 0 0 0 0 0 0 0 0 0 0 0 0 0 0 0 0 0 0 0 0 0
0 0 0 0 0 0 0 0 0 0 0 0 0 0 0 0 0 0 0 0 0 0 0 0 0 0 0 0 0 0 0 0 0 0 0 0 0 0 0 0 0 0 0 0 0 0 0 0 0 0 0 0 0 0 0 0 0 0 0 0 0 0 0 0 0 0 0 0 0 0
0 0 0 0 0 0 0 0 0 0 0 0 0 0 0 0 0 0 0 0 0 0 0 0 0 0 0 0 0 0 0 0 0 0 0 0 0 0 0 0 0 0 0 0 0 0 0 0 0 0 0 0 0 0 0 0 0 0 0 0 0 0 0 0 0 0 0 0 0 0
0 0 0 0 0 0 0 0 0 0 0 0 0 0 0 0 0 0 0 0 0 0 0 0 0 0 0 0 0 0 0 0 0 0 0 0 0 0 0 0 0 0 0 0 0 0 0 0 0 0 0 0 0 0 0 0 0 0 0 0 0 0 0 0 0 0 0 0 0 0
0 0 0 0 0 0 0 0 0 0 0 0 0 0 0 0 0 0 0 0 0 0 0 0 0 0 0 0 0 0 0 0 0 0 0 0 0 0 0 0 0 0 0 0 0 0 0 0 0 0 0 0 0 0 0 0 0 0 0 0 0 0 0 0 0 0 0 0 0 0
0 0 0 0 0 0 0 0 0 0 0 0 0 0 0 0 0 0 0 0 0 0 0 0 0 0 0 0 0 0 0 0 0 0 0 0 0 0 0 0 0 0 0 0 0 0 0 0 0 0 0 0 0 0 0 0 0 0 0 0 0 0 0 0 0 0 0 0 0 0
0 0 0 0 0 0 0 0 0 0 0 0 0 0 0 0 0 0 0 0 0 0 0 0 0 0 0 0 0 0 0 0 0 0 0 0 0 0 0 0 0 0 0 0 0 0 0 0 0 0 0 0 0 0 0 0 0 0 0 0 0 0 0 0 0 0 0 0 0 0
0 0 0 0 0 0 0 0 0 0 0 0 0 0 0 0 0 0 0 0 0 0 0 0 0 0 0 0 0 0 0 0 0 0 0 0 0 0 0 0 0 0 0 0 0 0 0 0 0 0 0 0 0 0 0 0 0 0 0 0 0 0 0 0 0 0 0 0 0 0
0 0 0 0 0 0 0 0 0 0 0 0 0 0 0 0 0 0 0 0 0 0 0 0 0 0 0 0 0 0 0 0 0 0 0 0 0 0 0 0 0 0 0 0 0 0 0 0 0 0 0 0 0 0 0 0 0 0 0 0 0 0 0 0 0 0 0 0 0 0
0 0 0 0 0 0 0 0 0 0 0 0 0 0 0 0 0 0 0 0 0 0 0 0 0 0 0 0 0 0 0 0 0 0 0 0 0 0 0 0 0 0 0 0 0 0 0 0 0 0 0 0 0 0 0 0 0 0 0 0 0 0 0 0 0 0 0 0 0 0
0 0 0 0 0 0 0 0 0 0 0 0 0 0 0 0 0 0 0 0 0 0 0 0 0 0 0 0 0 0 0 0 0 0 0 0 0 0 0 0 0 0 0 0 0 0 0 0 0 0 0 0 0 0 0 0 0 0 0 0 0 0 0 0 0 0 0 0 0 0
0 0 0 0 0 0 0 0 0 0 0 0 0 0 0 0 0 0 0 0 0 0 0 0 0 0 0 0 0 0 0 0 0 0 0 0 0 0 0 0 0 0 0 0 0 0 0 0 0 0 0 0 0 0 0 0 0 0 0 0 0 0 0 0 0 0 0 0 0 0
0 0 0 0 0 0 0 0 0 0 0 0 0 0 0 0 0 0 0 0 0 0 0 0 0 0 0 0 0 0 0 0 0 0 0 0 0 0 0 0 0 0 0 0 0 0 0 0 0 0 0 0 0 0 0 0 0 0 0 0 0 0 0 0 0 0 0 0 0 0
0 0 0 0 0 0 0 0 0 0 0 0 0 0 0 0 0 0 0 0 0 0 0 0 0 0 0 0 0 0 0 0 0 0 0 0 0 0 0 0 0 0 0 0 0 0 0 0 0 0 0 0 0 0 0 0 0 0 0 0 0 0 0 0 0 0 0 0 0 0
0 0 0 0 0 0 0 0 0 0 0 0 0 0 0 0 0 0 0 0 0 0 0 0 0 0 0 0 0 0 0 0 0 0 0 0 0 0 0 0 0 0 0 0 0 0 0 0 0 0 0 0 0 0 0 0 0 0 0 0 0 0 0 0 0 0 0 0 0 0
